t,p,p_d,v,v_d,Angles,q,q_sp,w,R,T_sp,rpm
39.197853,"[0.019531, 0.109375, -1.121094]","[-0.000000, 0.000000, 0.000000]","[0.009998, 0.009998, 0.007315]","[-0.000013, 0.000003, 0.000002]","[0.000488, -0.023926, 0.033936]","[-0.012054, 0.000153, 0.017090, 0.999786]","[-0.000702, 0.000732, 0.015472, 0.999878]","[-0.069092, -0.250244, 0.004395]","[[0.999390, 0.034058, -0.000671], [-0.034180, 0.999146, -0.024109], [-0.000183, 0.024109, 0.999695]]",0,"[8020, 7773, 7643, 7840]"
39.233025,"[0.019531, 0.109375, -1.117188]","[-0.000001, 0.000000, 0.000000]","[0.009998, 0.000000, 0.038860]","[-0.000066, 0.000012, 0.000010]","[-0.006592, -0.024170, 0.036377]","[-0.012054, -0.003540, 0.018280, 0.999756]","[-0.000092, 0.000732, 0.015472, 0.999878]","[-0.001221, -0.242676, 0.104736]","[[0.999268, 0.036560, 0.006592], [-0.036438, 0.999023, -0.024292], [-0.007568, 0.023926, 0.999634]]",0,"[8072, 7882, 7654, 7761]"
39.299416,"[0.027344, 0.109375, -1.113281]","[-0.000020, 0.000004, 0.000003]","[0.029999, 0.000000, 0.069298]","[-0.000619, 0.000115, 0.000093]","[-0.013184, -0.026367, 0.040527]","[-0.013092, -0.006927, 0.020294, 0.999695]","[-0.000061, 0.002075, 0.015472, 0.999847]","[-0.050293, 0.220459, 0.096191]","[[0.999084, 0.040649, 0.013306], [-0.040405, 0.998840, -0.026489], [-0.014404, 0.025879, 0.999573]]",0,"[8133, 7860, 7724, 7873]"
39.332623,"[0.019531, 0.109375, -1.109375]","[-0.000059, 0.000011, 0.000009]","[0.019999, 0.000000, 0.093363]","[-0.001452, 0.000270, 0.000219]","[-0.015869, -0.027588, 0.042725]","[-0.013702, -0.008331, 0.021393, 0.999634]","[-0.000092, 0.001221, 0.015472, 0.999878]","[-0.112061, -0.243652, 0.117676]","[[0.998901, 0.042908, 0.016052], [-0.042542, 0.998657, -0.027771], [-0.017273, 0.027039, 0.999390]]",0,"[8120, 7869, 7734, 7864]"
39.365822,"[0.019531, 0.109375, -1.105469]","[-0.000115, 0.000021, 0.000017]","[0.039999, 0.000000, 0.112850]","[-0.002464, 0.000456, 0.000371]","[-0.018555, -0.028320, 0.044678]","[-0.013977, -0.009613, 0.022278, 0.999603]","[-0.000061, 0.002197, 0.015472, 0.999847]","[0.104736, -0.176270, -0.065186]","[[0.998779, 0.044739, 0.018555], [-0.044250, 0.998596, -0.028442], [-0.019897, 0.027466, 0.999390]]",0,"[8167, 7907, 7755, 7863]"
39.399025,"[0.019531, 0.109375, -1.105469]","[-0.000207, 0.000038, 0.000031]","[0.029999, 0.000000, 0.091627]","[-0.003905, 0.000720, 0.000589]","[-0.019287, -0.028564, 0.046631]","[-0.014069, -0.009979, 0.023254, 0.999573]","[-0.000092, 0.001953, 0.015472, 0.999878]","[-0.016113, 0.154053, 0.110107]","[[0.998657, 0.046692, 0.019287], [-0.046204, 0.998474, -0.028625], [-0.020630, 0.027649, 0.999329]]",0,"[8144, 7887, 7778, 7867]"
39.465431,"[0.027344, 0.117188, -1.097656]","[-0.000644, 0.000119, 0.000097]","[0.059999, 0.000000, 0.124392]","[-0.009437, 0.001727, 0.001428]","[-0.021729, -0.029785, 0.050293]","[-0.014648, -0.011322, 0.025116, 0.999512]","[-0.000549, 0.003906, 0.015503, 0.999847]","[0.081299, -0.090576, 0.008301]","[[0.998474, 0.050476, 0.021851], [-0.049866, 0.998291, -0.029907], [-0.023438, 0.028687, 0.999268]]",0,"[8202, 7930, 7797, 7924]"
39.500603,"[0.039062, 0.117188, -1.097656]","[-0.001103, 0.000202, 0.000167]","[0.049999, 0.000000, 0.111942]","[-0.014312, 0.002606, 0.002169]","[-0.021729, -0.030518, 0.052490]","[-0.014954, -0.011261, 0.026184, 0.999481]","[-0.000519, 0.004150, 0.015503, 0.999847]","[-0.063721, -0.108643, 0.070801]","[[0.998352, 0.052612, 0.021729], [-0.052002, 0.998169, -0.030518], [-0.023315, 0.029297, 0.999268]]",0,"[8199, 7928, 7797, 7905]"
39.533791,"[0.039062, 0.117188, -1.101562]","[-0.001588, 0.000291, 0.000240]","[0.070000, 0.000000, 0.077574]","[-0.018949, 0.003437, 0.002876]","[-0.021240, -0.030518, 0.054443]","[-0.014984, -0.011047, 0.027130, 0.999451]","[-0.000519, 0.005249, 0.015503, 0.999847]","[0.061523, 0.098145, 0.009766]","[[0.998230, 0.054504, 0.021240], [-0.053894, 0.997986, -0.030579], [-0.022949, 0.029358, 0.999268]]",0,"[8187, 7919, 7809, 7913]"
39.566994,"[0.039062, 0.117188, -1.101562]","[-0.002472, 0.000450, 0.000375]","[0.080000, 0.000000, 0.064495]","[-0.026605, 0.004801, 0.004045]","[-0.020264, -0.030518, 0.056641]","[-0.015015, -0.010620, 0.028229, 0.999420]","[-0.000519, 0.005859, 0.015503, 0.999847]","[-0.058838, 0.008301, 0.146240]","[[0.998108, 0.056702, 0.020386], [-0.056091, 0.997864, -0.030640], [-0.022095, 0.029419, 0.999268]]",0,"[8176, 7897, 7799, 7915]"
39.6334,"[0.039062, 0.117188, -1.097656]","[-0.004449, 0.000806, 0.000676]","[0.109999, -0.009998, 0.058397]","[-0.041633, 0.007452, 0.006348]","[-0.018799, -0.030518, 0.060547]","[-0.015045, -0.009949, 0.030182, 0.999390]","[0.000092, 0.007538, 0.015472, 0.999847]","[0.039307, 0.038086, 0.087158]","[[0.997986, 0.060547, 0.018982], [-0.060059, 0.997742, -0.030701], [-0.020813, 0.029480, 0.999329]]",0,"[8193, 7887, 7806, 7900]"
39.666603,"[0.039062, 0.117188, -1.097656]","[-0.006315, 0.001139, 0.000961]","[0.089998, -0.019999, 0.070845]","[-0.054264, 0.009657, 0.008290]","[-0.017822, -0.030518, 0.062500]","[-0.014954, -0.009399, 0.031250, 0.999359]","[0.000580, 0.006683, 0.015472, 0.999847]","[-0.024658, 0.017822, 0.072266]","[[0.997864, 0.062683, 0.017822], [-0.062195, 0.997559, -0.030518], [-0.019775, 0.029297, 0.999390]]",0,"[8164, 7883, 7790, 7893]"
39.701763,"[0.058594, 0.117188, -1.097656]","[-0.008062, 0.001449, 0.001228]","[0.109999, -0.019999, 0.057289]","[-0.065217, 0.011555, 0.009978]","[-0.016357, -0.029785, 0.064697]","[-0.014587, -0.008667, 0.032318, 0.999329]","[0.000610, 0.009003, 0.015472, 0.999817]","[0.024902, 0.182861, 0.079834]","[[0.997681, 0.064819, 0.016357], [-0.064331, 0.997437, -0.029785], [-0.018311, 0.028564, 0.999390]]",0,"[8171, 7886, 7829, 7891]"
39.733013,"[0.058594, 0.109375, -1.097656]","[-0.010928, 0.001955, 0.001667]","[0.139999, -0.019999, 0.052517]","[-0.081897, 0.014421, 0.012556]","[-0.015137, -0.029297, 0.066650]","[-0.014465, -0.008057, 0.033295, 0.999298]","[0.001129, 0.010712, 0.015472, 0.999817]","[-0.018066, 0.181152, 0.112793]","[[0.997559, 0.066711, 0.015137], [-0.066345, 0.997314, -0.029480], [-0.017090, 0.028381, 0.999390]]",0,"[8195, 7894, 7826, 7891]"
39.768166,"[0.058594, 0.109375, -1.097656]","[-0.013530, 0.002412, 0.002066]","[0.119999, -0.009998, 0.068497]","[-0.096014, 0.016826, 0.014744]","[-0.013184, -0.029297, 0.068604]","[-0.014374, -0.007141, 0.034302, 0.999268]","[0.000763, 0.010101, 0.015472, 0.999817]","[0.099365, 0.122070, -0.045654]","[[0.997437, 0.068726, 0.013245], [-0.068359, 0.997131, -0.029297], [-0.015320, 0.028198, 0.999390]]",0,"[8210, 7880, 7853, 7911]"
39.801369,"[0.066406, 0.109375, -1.093750]","[-0.017684, 0.003138, 0.002704]","[0.150000, -0.029999, 0.076706]","[-0.117061, 0.020378, 0.018015]","[-0.010742, -0.028564, 0.070801]","[-0.014099, -0.005920, 0.035339, 0.999268]","[0.001892, 0.012421, 0.015472, 0.999786]","[-0.047852, 0.079590, 0.166504]","[[0.997437, 0.070740, 0.010803], [-0.070496, 0.997131, -0.028625], [-0.012878, 0.027771, 0.999512]]",0,"[8186, 7881, 7859, 7936]"
39.834576,"[0.066406, 0.109375, -1.093750]","[-0.021365, 0.003777, 0.003271]","[0.139999, -0.019999, 0.081625]","[-0.134534, 0.023299, 0.020740]","[-0.009277, -0.028564, 0.072510]","[-0.014099, -0.005157, 0.036224, 0.999237]","[0.001404, 0.012421, 0.015472, 0.999786]","[-0.015625, -0.038818, 0.008789]","[[0.997314, 0.072510, 0.009277], [-0.072266, 0.996948, -0.028625], [-0.011353, 0.027771, 0.999512]]",0,"[8194, 7881, 7850, 7944]"
39.867794,"[0.078125, 0.109375, -1.093750]","[-0.025581, 0.004505, 0.003922]","[0.139999, -0.029999, 0.086916]","[-0.153482, 0.026438, 0.023702]","[-0.007324, -0.027344, 0.073975]","[-0.013550, -0.004242, 0.036957, 0.999207]","[0.002014, 0.013519, 0.015442, 0.999786]","[0.077148, 0.090088, 0.028076]","[[0.997192, 0.073914, 0.007446], [-0.073792, 0.996826, -0.027466], [-0.009521, 0.026733, 0.999512]]",0,"[8220, 7884, 7880, 7933]"
39.900993,"[0.078125, 0.109375, -1.093750]","[-0.032106, 0.005625, 0.004931]","[0.169998, -0.019999, 0.071285]","[-0.181046, 0.030955, 0.028026]","[-0.004883, -0.026611, 0.075684]","[-0.013245, -0.003021, 0.037872, 0.999176]","[0.001678, 0.015472, 0.015442, 0.999756]","[-0.021484, 0.165283, 0.125000]","[[0.997009, 0.075684, 0.005005], [-0.075562, 0.996704, -0.026733], [-0.007080, 0.026245, 0.999512]]",0,"[8208, 7908, 7875, 7939]"
39.936134,"[0.089844, 0.109375, -1.093750]","[-0.037734, 0.006584, 0.005803]","[0.160000, -0.019999, 0.073065]","[-0.203431, 0.034582, 0.031551]","[-0.003174, -0.026123, 0.077148]","[-0.013062, -0.002106, 0.038666, 0.999146]","[0.001709, 0.016571, 0.015442, 0.999725]","[0.010498, 0.208252, 0.029297]","[[0.996887, 0.077209, 0.003174], [-0.077209, 0.996582, -0.026306], [-0.005249, 0.025940, 0.999512]]",0,"[8212, 7914, 7887, 7940]"
39.967384,"[0.089844, 0.109375, -1.093750]","[-0.046303, 0.008035, 0.007134]","[0.169998, -0.019999, 0.081253]","[-0.235561, 0.039723, 0.036628]","[-0.000732, -0.026611, 0.078857]","[-0.013245, -0.001007, 0.039459, 0.999115]","[0.001831, 0.017670, 0.015442, 0.999695]","[0.022705, 0.224365, 0.072266]","[[0.996765, 0.078796, 0.000916], [-0.078796, 0.996460, -0.026611], [-0.003113, 0.026367, 0.999573]]",0,"[8237, 7888, 7886, 7957]"
40.004494,"[0.097656, 0.109375, -1.097656]","[-0.053574, 0.009257, 0.008265]","[0.150000, -0.029999, 0.054430]","[-0.261304, 0.043788, 0.040712]","[0.001709, -0.025879, 0.080566]","[-0.013000, 0.000366, 0.040344, 0.999084]","[0.002472, 0.018005, 0.015442, 0.999695]","[0.080811, 0.131104, 0.033447]","[[0.996643, 0.080505, -0.001770], [-0.080627, 0.996338, -0.026001], [-0.000427, 0.026001, 0.999573]]",0,"[8229, 7901, 7905, 7963]"
40.035751,"[0.097656, 0.109375, -1.097656]","[-0.064489, 0.011078, 0.009968]","[0.160000, -0.029999, 0.027637]","[-0.297814, 0.049472, 0.046529]","[0.003662, -0.025635, 0.082031]","[-0.012848, 0.001404, 0.041077, 0.999054]","[0.002594, 0.019226, 0.015442, 0.999664]","[0.056885, 0.090820, 0.095703]","[[0.996521, 0.081970, -0.003845], [-0.082092, 0.996216, -0.025635], [0.001648, 0.025757, 0.999573]]",0,"[8227, 7892, 7907, 7952]"
40.068947,"[0.117188, 0.097656, -1.101562]","[-0.073632, 0.012592, 0.011398]","[0.169998, -0.039999, 0.022940]","[-0.326751, 0.053909, 0.051159]","[0.005859, -0.025146, 0.083496]","[-0.012695, 0.002502, 0.041840, 0.999023]","[0.003998, 0.021912, 0.015381, 0.999603]","[-0.042236, 0.146484, 0.027100]","[[0.996399, 0.083435, -0.006042], [-0.083679, 0.996094, -0.025208], [0.003845, 0.025574, 0.999573]]",0,"[8227, 7892, 7899, 7923]"
40.10215,"[0.117188, 0.097656, -1.101562]","[-0.083646, 0.014238, 0.012968]","[0.169998, -0.029999, 0.014370]","[-0.356986, 0.058482, 0.056016]","[0.008057, -0.024902, 0.084717]","[-0.012573, 0.003540, 0.042480, 0.998993]","[0.003754, 0.023132, 0.015381, 0.999603]","[-0.028320, -0.032959, -0.004639]","[[0.996277, 0.084717, -0.008118], [-0.084961, 0.995972, -0.024902], [0.005920, 0.025391, 0.999573]]",0,"[8240, 7894, 7878, 7945]"
40.135353,"[0.128906, 0.097656, -1.105469]","[-0.098407, 0.016644, 0.015288]","[0.139999, -0.029999, -0.019871]","[-0.399191, 0.064754, 0.062829]","[0.011475, -0.023438, 0.086182]","[-0.011963, 0.005341, 0.043274, 0.998962]","[0.003876, 0.023499, 0.015381, 0.999573]","[0.073242, 0.204590, 0.103271]","[[0.996094, 0.086243, -0.011658], [-0.086609, 0.995850, -0.023499], [0.009583, 0.024353, 0.999573]]",0,"[8217, 7865, 7893, 7923]"
40.168556,"[0.128906, 0.097656, -1.105469]","[-0.110582, 0.018611, 0.017206]","[0.169998, -0.039999, -0.007481]","[-0.432187, 0.069567, 0.068184]","[0.014648, -0.022705, 0.087891]","[-0.011719, 0.006897, 0.044037, 0.998932]","[0.004669, 0.026398, 0.015350, 0.999512]","[-0.078125, 0.075195, 0.026123]","[[0.995972, 0.087769, -0.014771], [-0.088135, 0.995789, -0.022888], [0.012695, 0.023987, 0.999573]]",0,"[8193, 7874, 7905, 7941]"
40.201759,"[0.136719, 0.097656, -1.105469]","[-0.128354, 0.021456, 0.020015]","[0.139999, -0.039999, -0.022921]","[-0.477838, 0.076091, 0.075632]","[0.017090, -0.022217, 0.089111]","[-0.011536, 0.008148, 0.044678, 0.998901]","[0.005035, 0.026764, 0.015350, 0.999481]","[0.096191, -0.039307, 0.032959]","[[0.995850, 0.088989, -0.017273], [-0.089478, 0.995728, -0.022400], [0.015198, 0.023743, 0.999573]]",0,"[8225, 7870, 7893, 7945]"
40.234962,"[0.136719, 0.097656, -1.113281]","[-0.142865, 0.023757, 0.022314]","[0.179998, -0.029999, -0.065119]","[-0.513192, 0.081033, 0.081433]","[0.020264, -0.021240, 0.090576]","[-0.011047, 0.009644, 0.045502, 0.998840]","[0.004852, 0.030426, 0.015320, 0.999390]","[0.055176, 0.232178, 0.083008]","[[0.995544, 0.090637, -0.020264], [-0.091125, 0.995544, -0.021240], [0.018188, 0.022949, 0.999451]]",0,"[8234, 7883, 7906, 7937]"
40.268166,"[0.148438, 0.097656, -1.113281]","[-0.158429, 0.026204, 0.024787]","[0.139999, -0.039999, -0.046146]","[-0.549428, 0.085996, 0.087411]","[0.023682, -0.020752, 0.091797]","[-0.010956, 0.011383, 0.046143, 0.998810]","[0.005463, 0.030548, 0.015289, 0.999390]","[-0.043701, 0.040771, 0.018555]","[[0.995422, 0.091858, -0.023743], [-0.092468, 0.995483, -0.020874], [0.021667, 0.022949, 0.999451]]",0,"[8221, 7861, 7911, 7947]"
40.303322,"[0.148438, 0.089844, -1.117188]","[-0.180856, 0.029693, 0.028362]","[0.119999, -0.029999, -0.069439]","[-0.598948, 0.092602, 0.095634]","[0.026611, -0.019287, 0.093262]","[-0.010315, 0.012878, 0.046844, 0.998749]","[0.005951, 0.031372, 0.015289, 0.999359]","[0.093018, 0.219482, 0.059570]","[[0.995178, 0.093262, -0.026672], [-0.093872, 0.995300, -0.019470], [0.024719, 0.021790, 0.999329]]",0,"[8234, 7870, 7893, 7938]"
40.336525,"[0.156250, 0.089844, -1.121094]","[-0.198955, 0.032477, 0.031256]","[0.139999, -0.039999, -0.081230]","[-0.636855, 0.097517, 0.101971]","[0.029541, -0.018799, 0.094727]","[-0.010132, 0.014404, 0.047516, 0.998718]","[0.006744, 0.034790, 0.015228, 0.999237]","[-0.085449, 0.085449, 0.038818]","[[0.995056, 0.094604, -0.029724], [-0.095215, 0.995239, -0.018921], [0.027771, 0.021606, 0.999329]]",0,"[8223, 7851, 7922, 7959]"
40.369728,"[0.156250, 0.089844, -1.125000]","[-0.224833, 0.036413, 0.035407]","[0.129999, -0.029999, -0.111252]","[-0.688246, 0.103972, 0.110628]","[0.032227, -0.017822, 0.095947]","[-0.009644, 0.015656, 0.048157, 0.998657]","[0.006531, 0.036499, 0.015228, 0.999176]","[0.148926, -0.045898, 0.028809]","[[0.994812, 0.095825, -0.032227], [-0.096436, 0.995117, -0.017822], [0.030273, 0.020752, 0.999207]]",0,"[8242, 7873, 7900, 7927]"
40.402946,"[0.167969, 0.089844, -1.125000]","[-0.245567, 0.039529, 0.038745]","[0.129999, -0.039999, -0.115129]","[-0.727285, 0.108707, 0.117256]","[0.035400, -0.016357, 0.096924]","[-0.009003, 0.017303, 0.048737, 0.998596]","[0.007294, 0.039185, 0.015167, 0.999084]","[0.046143, 0.283447, 0.039307]","[[0.994507, 0.096924, -0.035461], [-0.097656, 0.994934, -0.016357], [0.033630, 0.019653, 0.999084]]",0,"[8233, 7863, 7883, 7920]"
40.436142,"[0.167969, 0.089844, -1.128906]","[-0.275004, 0.043896, 0.043501]","[0.109999, -0.029999, -0.116901]","[-0.779798, 0.114830, 0.126247]","[0.038574, -0.015625, 0.097900]","[-0.008820, 0.018860, 0.049225, 0.998566]","[0.007202, 0.040649, 0.015167, 0.999023]","[-0.031982, 0.003418, 0.055908]","[[0.994385, 0.097900, -0.038574], [-0.098633, 0.994934, -0.015808], [0.036743, 0.019470, 0.999084]]",0,"[8236, 7868, 7881, 7909]"
40.471291,"[0.179688, 0.089844, -1.132812]","[-0.298426, 0.047325, 0.047299]","[0.080000, -0.029999, -0.125336]","[-0.819375, 0.119245, 0.133085]","[0.041748, -0.014160, 0.098877]","[-0.008148, 0.020508, 0.049652, 0.998535]","[0.007690, 0.042206, 0.015106, 0.998962]","[0.065918, 0.227539, 0.030273]","[[0.994263, 0.098755, -0.041809], [-0.099487, 0.994934, -0.014282], [0.040100, 0.018311, 0.999023]]",0,"[8242, 7876, 7895, 7916]"
40.504494,"[0.179688, 0.089844, -1.136719]","[-0.331468, 0.052094, 0.052678]","[0.099998, -0.029999, -0.145302]","[-0.872209, 0.124852, 0.142304]","[0.044434, -0.013184, 0.099854]","[-0.007690, 0.021973, 0.050140, 0.998474]","[0.007996, 0.045868, 0.015076, 0.998779]","[-0.080078, 0.068359, 0.065430]","[[0.993958, 0.099731, -0.044617], [-0.100464, 0.994812, -0.013184], [0.043030, 0.017578, 0.998901]]",0,"[8235, 7882, 7901, 7921]"
40.537697,"[0.179688, 0.089844, -1.136719]","[-0.357600, 0.055810, 0.056949]","[0.070000, -0.029999, -0.146734]","[-0.911726, 0.128812, 0.149272]","[0.047607, -0.012451, 0.100830]","[-0.007385, 0.023529, 0.050568, 0.998413]","[0.008514, 0.046967, 0.015045, 0.998718]","[0.153809, -0.001709, -0.024902]","[[0.993713, 0.100586, -0.047729], [-0.101318, 0.994751, -0.012451], [0.046143, 0.017090, 0.998718]]",0,"[8275, 7869, 7875, 7936]"
40.570904,"[0.179688, 0.089844, -1.140625]","[-0.384888, 0.059639, 0.061425]","[0.080000, -0.039999, -0.150831]","[-0.951025, 0.132535, 0.156269]","[0.051514, -0.010986, 0.101562]","[-0.006775, 0.025543, 0.050903, 0.998352]","[0.009399, 0.050110, 0.014954, 0.998566]","[-0.012207, 0.314697, 0.037109]","[[0.993469, 0.101257, -0.051697], [-0.101990, 0.994690, -0.010986], [0.050232, 0.016113, 0.998535]]",0,"[8267, 7869, 7899, 7915]"
40.604107,"[0.179688, 0.078125, -1.140625]","[-0.423052, 0.064907, 0.067712]","[0.059999, -0.029999, -0.149879]","[-1.002893, 0.137089, 0.165617]","[0.054443, -0.010010, 0.102295]","[-0.006439, 0.027008, 0.051270, 0.998291]","[0.010040, 0.052063, 0.014893, 0.998474]","[0.013672, -0.099609, 0.030762]","[[0.993225, 0.101990, -0.054565], [-0.102722, 0.994568, -0.010132], [0.053223, 0.015625, 0.998413]]",0,"[8254, 7904, 7909, 7931]"
40.641212,"[0.187500, 0.078125, -1.144531]","[-0.463227, 0.070343, 0.074363]","[0.039999, -0.029999, -0.158436]","[-1.053911, 0.141122, 0.174953]","[0.058594, -0.008789, 0.103027]","[-0.005981, 0.029053, 0.051727, 0.998230]","[0.010681, 0.054993, 0.014832, 0.998291]","[-0.040527, -0.000244, 0.077148]","[[0.992981, 0.102844, -0.058655], [-0.103577, 0.994568, -0.008972], [0.057312, 0.014954, 0.998230]]",0,"[8272, 7905, 7898, 7949]"
40.672462,"[0.179688, 0.078125, -1.148438]","[-0.494655, 0.074517, 0.079591]","[0.019999, -0.019999, -0.164156]","[-1.091457, 0.143773, 0.181925]","[0.061768, -0.006836, 0.103760]","[-0.005096, 0.030701, 0.052002, 0.998169]","[0.010468, 0.056458, 0.014832, 0.998230]","[0.038818, 0.014648, -0.006104]","[[0.992676, 0.103394, -0.061829], [-0.104126, 0.994507, -0.007019], [0.060730, 0.013367, 0.998047]]",0,"[8271, 7916, 7918, 7930]"
40.705666,"[0.187500, 0.078125, -1.152344]","[-0.527173, 0.078763, 0.085023]","[0.000000, -0.029999, -0.180187]","[-1.128266, 0.146078, 0.188853]","[0.065186, -0.005371, 0.104248]","[-0.004364, 0.032501, 0.052216, 0.998108]","[0.011353, 0.059113, 0.014740, 0.998047]","[0.145264, 0.135986, -0.016357]","[[0.992432, 0.103882, -0.065308], [-0.104492, 0.994507, -0.005371], [0.064331, 0.012085, 0.997864]]",0,"[8296, 7925, 7909, 7921]"
40.738873,"[0.187500, 0.078125, -1.156250]","[-0.572188, 0.084521, 0.092579]","[-0.009998, -0.019999, -0.197107]","[-1.176026, 0.148580, 0.197999]","[0.068848, -0.004395, 0.104736]","[-0.004059, 0.034393, 0.052460, 0.998016]","[0.011383, 0.062164, 0.014679, 0.997864]","[-0.065918, 0.146484, 0.059082]","[[0.992065, 0.104370, -0.069031], [-0.104980, 0.994385, -0.004517], [0.068176, 0.011719, 0.997559]]",0,"[8296, 7908, 7892, 7913]"
40.774025,"[0.179688, 0.078125, -1.164062]","[-0.607143, 0.088895, 0.098478]","[-0.039999, -0.009998, -0.208469]","[-1.210703, 0.150000, 0.204766]","[0.072510, -0.002930, 0.104980]","[-0.003448, 0.036163, 0.052612, 0.997955]","[0.011414, 0.063873, 0.014648, 0.997772]","[0.109619, 0.313721, -0.024170]","[[0.991821, 0.104675, -0.072510], [-0.105286, 0.994385, -0.003113], [0.071777, 0.010681, 0.997314]]",0,"[8305, 7917, 7875, 7911]"
40.807228,"[0.187500, 0.078125, -1.167969]","[-0.655314, 0.094781, 0.106651]","[-0.049999, -0.019999, -0.228624]","[-1.255253, 0.151252, 0.213646]","[0.076660, -0.002197, 0.105469]","[-0.003143, 0.038239, 0.052826, 0.997864]","[0.012543, 0.067139, 0.014526, 0.997528]","[-0.064697, 0.066650, 0.084473]","[[0.991455, 0.105164, -0.076660], [-0.105652, 0.994324, -0.002258], [0.075928, 0.010315, 0.997009]]",0,"[8264, 7906, 7889, 7920]"
40.840435,"[0.187500, 0.078125, -1.175781]","[-0.692560, 0.099220, 0.113006]","[-0.070000, -0.009998, -0.231274]","[-1.287272, 0.151687, 0.220177]","[0.079834, -0.000977, 0.105713]","[-0.002686, 0.039886, 0.052948, 0.997803]","[0.012238, 0.069946, 0.014526, 0.997345]","[0.122803, 0.069336, -0.079590]","[[0.991211, 0.105408, -0.079895], [-0.105896, 0.994385, -0.001160], [0.079285, 0.009583, 0.996765]]",0,"[8294, 7916, 7888, 7925]"
40.875591,"[0.179688, 0.078125, -1.179688]","[-0.743651, 0.105146, 0.121774]","[-0.089998, -0.019999, -0.236160]","[-1.327928, 0.151565, 0.228690]","[0.083740, 0.000488, 0.105957]","[-0.001953, 0.041931, 0.053009, 0.997711]","[0.013214, 0.072113, 0.014404, 0.997192]","[-0.046875, 0.048584, 0.038818]","[[0.990845, 0.105591, -0.083862], [-0.105957, 0.994324, 0.000488], [0.083374, 0.008301, 0.996460]]",0,"[8285, 7945, 7891, 7901]"
40.906857,"[0.167969, 0.078125, -1.183594]","[-0.782976, 0.109577, 0.128565]","[-0.139999, -0.019999, -0.237059]","[-1.356772, 0.150928, 0.234909]","[0.087158, 0.001221, 0.105957]","[-0.001617, 0.043610, 0.053040, 0.997650]","[0.013855, 0.072723, 0.014343, 0.997131]","[-0.005859, -0.094727, 0.012939]","[[0.990601, 0.105591, -0.087158], [-0.105957, 0.994385, 0.001343], [0.086792, 0.007812, 0.996216]]",0,"[8311, 7932, 7877, 7923]"
40.941994,"[0.167969, 0.078125, -1.187500]","[-0.823130, 0.113984, 0.135536]","[-0.150000, -0.019999, -0.237978]","[-1.384124, 0.149811, 0.240975]","[0.091309, 0.002930, 0.106201]","[-0.000885, 0.045746, 0.053009, 0.997559]","[0.014374, 0.076111, 0.014252, 0.996887]","[-0.043701, 0.275391, 0.057861]","[[0.990234, 0.105591, -0.091370], [-0.105835, 0.994385, 0.003052], [0.091125, 0.006592, 0.995850]]",0,"[8309, 7940, 7860, 7890]"
40.975201,"[0.156250, 0.078125, -1.195312]","[-0.877871, 0.119795, 0.145103]","[-0.199999, -0.009998, -0.251114]","[-1.418127, 0.147553, 0.248800]","[0.094238, 0.003906, 0.105957]","[-0.000427, 0.047150, 0.052917, 0.997498]","[0.014252, 0.077087, 0.014252, 0.996796]","[0.037598, -0.127441, -0.028564]","[[0.989990, 0.105469, -0.094116], [-0.105591, 0.994385, 0.004089], [0.093994, 0.005798, 0.995544]]",0,"[8306, 7959, 7866, 7903]"
41.012306,"[0.148438, 0.078125, -1.199219]","[-0.933883, 0.125500, 0.154970]","[-0.189999, -0.009998, -0.253695]","[-1.449164, 0.144397, 0.256304]","[0.098145, 0.005127, 0.105957]","[0.000000, 0.049164, 0.052826, 0.997406]","[0.014679, 0.081604, 0.014130, 0.996429]","[-0.031982, -0.075195, 0.000732]","[[0.989624, 0.105347, -0.098022], [-0.105347, 0.994446, 0.005188], [0.098022, 0.005188, 0.995178]]",0,"[8327, 7965, 7867, 7928]"
41.043556,"[0.148438, 0.078125, -1.203125]","[-0.976654, 0.129688, 0.162558]","[-0.259998, 0.000000, -0.265284]","[-1.470394, 0.141430, 0.261705]","[0.099854, 0.006104, 0.105469]","[0.000519, 0.050110, 0.052582, 0.997345]","[0.014557, 0.082092, 0.014130, 0.996399]","[0.096680, -0.236084, -0.058350]","[[0.989380, 0.104858, -0.099915], [-0.104858, 0.994385, 0.006226], [0.099915, 0.004272, 0.994873]]",0,"[8340, 7990, 7846, 7895]"
41.076759,"[0.136719, 0.078125, -1.210938]","[-1.020020, 0.133782, 0.170302]","[-0.249998, 0.000000, -0.277128]","[-1.489811, 0.137944, 0.266900]","[0.103271, 0.007324, 0.105225]","[0.001068, 0.051758, 0.052368, 0.997284]","[0.015106, 0.085846, 0.014008, 0.996063]","[0.014893, 0.492188, -0.000244]","[[0.989136, 0.104492, -0.103149], [-0.104370, 0.994446, 0.007446], [0.103271, 0.003296, 0.994568]]",0,"[8364, 7986, 7844, 7868]"
41.109962,"[0.128906, 0.078125, -1.214844]","[-1.078699, 0.139068, 0.180862]","[-0.259998, 0.000000, -0.285414]","[-1.512788, 0.132475, 0.273495]","[0.106201, 0.007812, 0.104736]","[0.001190, 0.053223, 0.052124, 0.997223]","[0.015381, 0.089020, 0.013916, 0.995789]","[-0.083496, -0.131104, 0.018066]","[[0.988892, 0.104065, -0.106018], [-0.103821, 0.994507, 0.007812], [0.106262, 0.003174, 0.994324]]",0,"[8346, 8001, 7837, 7906]"
41.143166,"[0.117188, 0.078125, -1.222656]","[-1.123220, 0.142880, 0.188939]","[-0.379999, 0.000000, -0.291239]","[-1.527744, 0.127761, 0.278174]","[0.108887, 0.008301, 0.104004]","[0.001465, 0.054626, 0.051727, 0.997162]","[0.015839, 0.086578, 0.013947, 0.996002]","[0.212646, 0.174072, -0.062500]","[[0.988647, 0.103271, -0.108765], [-0.103027, 0.994568, 0.008484], [0.109009, 0.002747, 0.993958]]",0,"[8387, 8014, 7818, 7870]"
41.180283,"[0.109375, 0.078125, -1.230469]","[-1.183238, 0.147735, 0.199921]","[-0.329998, 0.019999, -0.323769]","[-1.544620, 0.120653, 0.284052]","[0.112793, 0.009521, 0.103516]","[0.001923, 0.056671, 0.051483, 0.997040]","[0.015533, 0.093262, 0.013824, 0.995392]","[0.214355, -0.214600, -0.037598]","[[0.988159, 0.102844, -0.112793], [-0.102478, 0.994568, 0.009583], [0.113159, 0.002014, 0.993408]]",0,"[8333, 7977, 7837, 7925]"
41.211525,"[0.089844, 0.078125, -1.238281]","[-1.228647, 0.151184, 0.208304]","[-0.429998, 0.009998, -0.309500]","[-1.554914, 0.114706, 0.288180]","[0.114746, 0.010986, 0.102783]","[0.002563, 0.057587, 0.051086, 0.997009]","[0.016357, 0.091309, 0.013794, 0.995575]","[0.257568, -0.068848, -0.038086]","[[0.988037, 0.102051, -0.114563], [-0.101562, 0.994629, 0.010925], [0.115051, 0.000793, 0.993225]]",0,"[8386, 8014, 7784, 7842]"
41.242775,"[0.078125, 0.078125, -1.242188]","[-1.274328, 0.154451, 0.216805]","[-0.400000, 0.019999, -0.313347]","[-1.563161, 0.108238, 0.292059]","[0.118164, 0.011230, 0.102051]","[0.002625, 0.059326, 0.050690, 0.996948]","[0.016052, 0.095947, 0.013733, 0.995148]","[-0.013916, 0.408203, -0.043457]","[[0.987793, 0.101318, -0.118042], [-0.100708, 0.994812, 0.011169], [0.118530, 0.000793, 0.992920]]",0,"[8369, 7984, 7825, 7876]"
41.275978,"[0.058594, 0.078125, -1.246094]","[-1.335561, 0.158498, 0.228310]","[-0.419998, 0.019999, -0.260935]","[-1.570916, 0.098805, 0.296835]","[0.120361, 0.011963, 0.101074]","[0.002991, 0.060394, 0.050201, 0.996918]","[0.016327, 0.098236, 0.013641, 0.994904]","[0.009033, 0.021240, -0.080566]","[[0.987671, 0.100342, -0.120117], [-0.099731, 0.994934, 0.011963], [0.120605, 0.000122, 0.992676]]",0,"[8370, 8019, 7798, 7851]"
41.309181,"[0.046875, 0.089844, -1.253906]","[-1.381628, 0.161281, 0.237053]","[-0.549999, 0.029999, -0.268850]","[-1.574276, 0.091139, 0.300113]","[0.122803, 0.013428, 0.100342]","[0.003754, 0.061676, 0.049774, 0.996857]","[0.015442, 0.095337, 0.013794, 0.995209]","[0.063232, 0.041504, 0.068604]","[[0.987427, 0.099609, -0.122559], [-0.098755, 0.994995, 0.013550], [0.123291, -0.001343, 0.992371]]",0,"[8396, 8047, 7785, 7861]"
41.344341,"[0.019531, 0.089844, -1.261719]","[-1.443164, 0.164629, 0.248856]","[-0.489998, 0.039999, -0.288996]","[-1.575467, 0.080135, 0.304074]","[0.125244, 0.014893, 0.099365]","[0.004456, 0.062958, 0.049194, 0.996796]","[0.015259, 0.100922, 0.013702, 0.994659]","[0.166016, 0.118164, -0.131836]","[[0.987183, 0.098572, -0.125061], [-0.097473, 0.995056, 0.015015], [0.125916, -0.002686, 0.992004]]",0,"[8365, 8030, 7827, 7889]"
41.377552,"[0.019531, 0.089844, -1.265625]","[-1.489298, 0.166849, 0.257803]","[-0.529999, 0.039999, -0.309206]","[-1.573878, 0.071312, 0.306731]","[0.127197, 0.015381, 0.098389]","[0.004547, 0.063873, 0.048737, 0.996765]","[0.015533, 0.103119, 0.013641, 0.994446]","[-0.139160, 0.170898, 0.071289]","[[0.987061, 0.097656, -0.126892], [-0.096558, 0.995178, 0.015259], [0.127747, -0.002808, 0.991760]]",0,"[8399, 8082, 7795, 7860]"
41.410744,"[-0.007812, 0.089844, -1.273438]","[-1.535357, 0.168803, 0.266825]","[-0.679998, 0.070000, -0.314276]","[-1.570175, 0.062013, 0.309118]","[0.128174, 0.015381, 0.097412]","[0.004639, 0.064362, 0.048157, 0.996735]","[0.014038, 0.098267, 0.013885, 0.994934]","[0.145752, -0.308350, -0.120605]","[[0.986938, 0.096497, -0.127869], [-0.095398, 0.995178, 0.015381], [0.128723, -0.003052, 0.991516]]",0,"[8383, 8062, 7758, 7845]"
41.443947,"[-0.027344, 0.089844, -1.277344]","[-1.596545, 0.170972, 0.278956]","[-0.599998, 0.049999, -0.331224]","[-1.561930, 0.048896, 0.311874]","[0.130615, 0.015869, 0.096191]","[0.004791, 0.065613, 0.047516, 0.996704]","[0.014008, 0.105316, 0.013733, 0.994232]","[-0.043701, 0.420898, -0.023682]","[[0.986816, 0.095276, -0.130310], [-0.094055, 0.995422, 0.015747], [0.131165, -0.003296, 0.991272]]",0,"[8327, 8032, 7793, 7838]"
41.477154,"[-0.058594, 0.097656, -1.285156]","[-1.642187, 0.172254, 0.288119]","[-0.759998, 0.070000, -0.327082]","[-1.553282, 0.038535, 0.313621]","[0.130615, 0.014160, 0.094727]","[0.004089, 0.065643, 0.046844, 0.996735]","[0.012115, 0.099640, 0.014038, 0.994843]","[-0.062744, -0.122070, -0.010986]","[[0.986938, 0.093811, -0.130432], [-0.092834, 0.995544, 0.014221], [0.131165, -0.002014, 0.991272]]",0,"[8411, 8057, 7725, 7821]"
41.512306,"[-0.078125, 0.097656, -1.292969]","[-1.702579, 0.173478, 0.300408]","[-0.669998, 0.070000, -0.326107]","[-1.538512, 0.024063, 0.315521]","[0.131592, 0.014160, 0.093262]","[0.004059, 0.066040, 0.046173, 0.996735]","[0.010895, 0.107056, 0.014038, 0.994080]","[-0.101562, 0.090576, -0.040283]","[[0.986938, 0.092529, -0.131226], [-0.091553, 0.995605, 0.014099], [0.131958, -0.002014, 0.991150]]",0,"[8364, 8054, 7746, 7824]"
41.545509,"[-0.097656, 0.097656, -1.296875]","[-1.747453, 0.174019, 0.309667]","[-0.709999, 0.070000, -0.346577]","[-1.525004, 0.012733, 0.316623]","[0.131592, 0.013428, 0.092041]","[0.003815, 0.066101, 0.045532, 0.996765]","[0.010162, 0.107910, 0.014099, 0.993988]","[0.068848, -0.005615, -0.050781]","[[0.987061, 0.091248, -0.131409], [-0.090271, 0.995789, 0.013550], [0.132019, -0.001587, 0.991150]]",0,"[8402, 8088, 7690, 7763]"
41.578712,"[-0.128906, 0.109375, -1.304688]","[-1.806639, 0.174211, 0.322061]","[-0.879999, 0.089998, -0.352299]","[-1.503799, -0.002983, 0.317662]","[0.134033, 0.012207, 0.091064]","[0.003082, 0.067261, 0.045105, 0.996735]","[0.007446, 0.101624, 0.014496, 0.994659]","[-0.116699, 0.224121, 0.022949]","[[0.986938, 0.090271, -0.133789], [-0.089539, 0.995972, 0.012146], [0.134277, -0.000061, 0.990967]]",0,"[8394, 8077, 7701, 7788]"
41.611919,"[-0.148438, 0.097656, -1.312500]","[-1.850431, 0.173944, 0.331374]","[-0.759998, 0.080000, -0.346607]","[-1.485579, -0.015186, 0.318122]","[0.134766, 0.010498, 0.089844]","[0.002319, 0.067566, 0.044525, 0.996704]","[0.008636, 0.110107, 0.014252, 0.993774]","[0.047607, -0.237061, -0.124756]","[[0.986816, 0.089050, -0.134460], [-0.088440, 0.995911, 0.010559], [0.134827, 0.001404, 0.990723]]",0,"[8373, 8041, 7734, 7835]"
41.645134,"[-0.187500, 0.109375, -1.316406]","[-1.893655, 0.173318, 0.340696]","[-0.969997, 0.109999, -0.366907]","[-1.465372, -0.027725, 0.318309]","[0.134766, 0.008301, 0.088379]","[0.001221, 0.067474, 0.043884, 0.996765]","[0.006470, 0.101288, 0.014587, 0.994720]","[-0.112305, 0.210205, 0.006592]","[[0.987061, 0.087585, -0.134399], [-0.087341, 0.996155, 0.008301], [0.134521, 0.003540, 0.990906]]",0,"[8452, 8085, 7633, 7772]"
41.680279,"[-0.218750, 0.117188, -1.324219]","[-1.950324, 0.171901, 0.353128]","[-0.849998, 0.089998, -0.364119]","[-1.435373, -0.044945, 0.318131]","[0.134277, 0.008057, 0.086914]","[0.001160, 0.067291, 0.043152, 0.996796]","[0.006927, 0.108917, 0.014435, 0.993896]","[0.080566, 0.063965, -0.094971]","[[0.987183, 0.086121, -0.134033], [-0.085876, 0.996216, 0.008057], [0.134155, 0.003540, 0.990906]]",0,"[8381, 8074, 7690, 7782]"
41.713478,"[-0.238281, 0.117188, -1.332031]","[-1.992010, 0.170391, 0.362441]","[-0.869999, 0.080000, -0.365562]","[-1.410673, -0.058196, 0.317683]","[0.134033, 0.005859, 0.085693]","[0.000183, 0.067108, 0.042572, 0.996857]","[0.007324, 0.110382, 0.014404, 0.993744]","[-0.176758, 0.038574, -0.027588]","[[0.987427, 0.084839, -0.133789], [-0.084839, 0.996399, 0.005981], [0.133789, 0.005371, 0.991028]]",0,"[8435, 8086, 7633, 7757]"
41.746681,"[-0.289062, 0.128906, -1.339844]","[-2.046431, 0.167764, 0.374833]","[-1.099998, 0.119999, -0.363623]","[-1.374864, -0.076272, 0.316672]","[0.134277, 0.004883, 0.083984]","[-0.000305, 0.067200, 0.041779, 0.996857]","[0.004395, 0.099731, 0.014801, 0.994873]","[0.078369, -0.154297, -0.018311]","[[0.987427, 0.083191, -0.134033], [-0.083313, 0.996399, 0.004944], [0.133911, 0.006165, 0.990906]]",0,"[8416, 8113, 7615, 7735]"
41.779884,"[-0.316406, 0.117188, -1.347656]","[-2.086288, 0.165329, 0.384095]","[-0.949999, 0.099998, -0.372709]","[-1.345891, -0.090105, 0.315603]","[0.134766, 0.003174, 0.082764]","[-0.001129, 0.067352, 0.041260, 0.996887]","[0.006073, 0.108582, 0.014557, 0.993958]","[-0.154297, 0.218506, -0.049805]","[[0.987549, 0.082031, -0.134399], [-0.082397, 0.996582, 0.003296], [0.134155, 0.007812, 0.990906]]",0,"[8340, 8034, 7677, 7793]"
41.815048,"[-0.347656, 0.128906, -1.355469]","[-2.138092, 0.161443, 0.396394]","[-1.169998, 0.129999, -0.355618]","[-1.304516, -0.108874, 0.313766]","[0.131348, 0.001709, 0.081299]","[-0.001740, 0.065674, 0.040497, 0.997009]","[0.003418, 0.099518, 0.014923, 0.994904]","[-0.069824, 0.033203, 0.012451]","[[0.988037, 0.080505, -0.131104], [-0.080994, 0.996643, 0.001831], [0.130737, 0.008789, 0.991272]]",0,"[8468, 8138, 7575, 7694]"
41.846291,"[-0.386719, 0.136719, -1.359375]","[-2.175804, 0.158046, 0.405557]","[-0.999998, 0.109999, -0.353512]","[-1.271539, -0.123140, 0.312093]","[0.130615, 0.000488, 0.079834]","[-0.002319, 0.065247, 0.039886, 0.997070]","[0.003784, 0.108246, 0.014801, 0.993988]","[-0.164551, -0.098877, 0.043701]","[[0.988281, 0.079224, -0.130310], [-0.079834, 0.996765, 0.000549], [0.129822, 0.009827, 0.991455]]",0,"[8369, 8109, 7603, 7761]"
41.881447,"[-0.429688, 0.136719, -1.367188]","[-2.224582, 0.152860, 0.417700]","[-1.259998, 0.129999, -0.338915]","[-1.224985, -0.142395, 0.309464]","[0.128906, -0.002930, 0.078125]","[-0.004059, 0.064301, 0.039124, 0.997162]","[0.002045, 0.096252, 0.015076, 0.995209]","[-0.051270, 0.207275, -0.015869]","[[0.988647, 0.077454, -0.128601], [-0.078552, 0.996887, -0.003113], [0.127869, 0.013123, 0.991699]]",0,"[8502, 8099, 7554, 7751]"
41.91465,"[-0.468750, 0.136719, -1.371094]","[-2.259922, 0.148474, 0.426732]","[-1.059998, 0.099998, -0.301733]","[-1.188225, -0.156975, 0.307201]","[0.128174, -0.005127, 0.076904]","[-0.005005, 0.063904, 0.038666, 0.997192]","[0.003296, 0.106323, 0.014862, 0.994202]","[-0.132080, 0.036377, -0.076416]","[[0.988770, 0.076416, -0.127869], [-0.077759, 0.996887, -0.005127], [0.127014, 0.014893, 0.991699]]",0,"[8396, 8068, 7597, 7792]"
41.949806,"[-0.507812, 0.148438, -1.375000]","[-2.305351, 0.141962, 0.438670]","[-1.099998, 0.099998, -0.307293]","[-1.136837, -0.176546, 0.303795]","[0.125000, -0.004639, 0.075928]","[-0.004761, 0.062347, 0.038147, 0.997314]","[0.002167, 0.104858, 0.014984, 0.994354]","[-0.048584, -0.022461, 0.006592]","[[0.989258, 0.075439, -0.124695], [-0.076660, 0.997009, -0.004822], [0.123962, 0.014221, 0.992126]]",0,"[8463, 8169, 7545, 7686]"
41.98106,"[-0.546875, 0.148438, -1.382812]","[-2.338073, 0.136573, 0.447527]","[-1.369997, 0.129999, -0.317541]","[-1.096567, -0.191286, 0.300957]","[0.124512, -0.005371, 0.074707]","[-0.005066, 0.062103, 0.037537, 0.997345]","[-0.000031, 0.091797, 0.015289, 0.995636]","[-0.075195, -0.395996, -0.048828]","[[0.989380, 0.074158, -0.124268], [-0.075500, 0.997070, -0.005493], [0.123413, 0.014771, 0.992188]]",0,"[8414, 8152, 7581, 7704]"
42.016212,"[-0.589844, 0.156250, -1.390625]","[-2.369592, 0.130752, 0.456300]","[-1.159998, 0.109999, -0.330927]","[-1.054928, -0.206044, 0.297882]","[0.124023, -0.009033, 0.073730]","[-0.006836, 0.061798, 0.037140, 0.997375]","[0.000092, 0.101990, 0.015228, 0.994659]","[-0.179932, 0.021484, 0.025391]","[[0.989563, 0.073181, -0.123779], [-0.074890, 0.997131, -0.009094], [0.122681, 0.018250, 0.992249]]",0,"[8387, 8028, 7612, 7813]"
42.049416,"[-0.628906, 0.156250, -1.394531]","[-2.409682, 0.122320, 0.467848]","[-1.409998, 0.129999, -0.343868]","[-0.997261, -0.225705, 0.293416]","[0.119385, -0.010742, 0.072510]","[-0.007538, 0.059479, 0.036560, 0.997528]","[-0.001892, 0.089874, 0.015472, 0.995819]","[0.036865, -0.161865, -0.073730]","[[0.990173, 0.072021, -0.119263], [-0.073853, 0.997131, -0.010742], [0.118042, 0.019409, 0.992737]]",0,"[8470, 8140, 7510, 7668]"
42.082619,"[-0.667969, 0.167969, -1.402344]","[-2.438248, 0.115492, 0.476395]","[-1.219997, 0.109999, -0.337336]","[-0.952566, -0.240418, 0.289796]","[0.116943, -0.012695, 0.071777]","[-0.008484, 0.058167, 0.036224, 0.997620]","[-0.002106, 0.098877, 0.015472, 0.994965]","[-0.147461, 0.094971, 0.039307]","[[0.990601, 0.071228, -0.116699], [-0.073303, 0.997192, -0.012756], [0.115356, 0.021179, 0.993042]]",0,"[8414, 8085, 7546, 7713]"
42.115822,"[-0.718750, 0.167969, -1.406250]","[-2.474265, 0.105718, 0.487616]","[-1.239998, 0.099998, -0.317221]","[-0.890991, -0.259915, 0.284618]","[0.113770, -0.014648, 0.070557]","[-0.009369, 0.056580, 0.035675, 0.997711]","[-0.002258, 0.096558, 0.015503, 0.995178]","[-0.030762, -0.193604, -0.088135]","[[0.990967, 0.070068, -0.113525], [-0.072266, 0.997192, -0.014709], [0.112183, 0.022766, 0.993347]]",0,"[8455, 8130, 7496, 7686]"
42.150978,"[-0.769531, 0.167969, -1.414062]","[-2.499651, 0.097890, 0.495889]","[-1.509998, 0.129999, -0.347921]","[-0.843567, -0.274396, 0.280488]","[0.112305, -0.016113, 0.070068]","[-0.010040, 0.055908, 0.035553, 0.997742]","[-0.004669, 0.082611, 0.015717, 0.996429]","[-0.065430, -0.282471, -0.011475]","[[0.991150, 0.069763, -0.112244], [-0.072083, 0.997192, -0.016113], [0.110779, 0.024048, 0.993469]]",0,"[8435, 8111, 7515, 7704]"
42.184181,"[-0.808594, 0.179688, -1.417969]","[-2.531345, 0.086796, 0.506733]","[-1.279999, 0.109999, -0.348680]","[-0.778549, -0.293514, 0.274634]","[0.110840, -0.017822, 0.069580]","[-0.010834, 0.055084, 0.035309, 0.997803]","[-0.005096, 0.092834, 0.015778, 0.995514]","[-0.076660, 0.190674, -0.046143]","[[0.991394, 0.069214, -0.110718], [-0.071655, 0.997253, -0.017822], [0.109131, 0.025513, 0.993652]]",0,"[8353, 8031, 7567, 7757]"
42.217384,"[-0.859375, 0.179688, -1.425781]","[-2.553431, 0.077993, 0.514714]","[-1.559998, 0.119999, -0.313732]","[-0.728577, -0.307669, 0.269997]","[0.106201, -0.022705, 0.068848]","[-0.013184, 0.052734, 0.035034, 0.997925]","[-0.006561, 0.077789, 0.015869, 0.996796]","[-0.284180, -0.025635, -0.024902]","[[0.992004, 0.068481, -0.106201], [-0.071289, 0.997253, -0.022705], [0.104248, 0.030029, 0.994141]]",0,"[8486, 8077, 7428, 7692]"
42.252541,"[-0.906250, 0.179688, -1.433594]","[-2.580572, 0.065611, 0.525135]","[-1.319998, 0.089998, -0.300104]","[-0.660522, -0.326203, 0.263495]","[0.101318, -0.023193, 0.068604]","[-0.013367, 0.050323, 0.035004, 0.998047]","[-0.006134, 0.087738, 0.015839, 0.995972]","[0.036865, -0.249023, 0.105957]","[[0.992493, 0.068420, -0.101379], [-0.071228, 0.997192, -0.023254], [0.099426, 0.030212, 0.994629]]",0,"[8391, 8088, 7517, 7714]"
42.285744,"[-0.957031, 0.187500, -1.437500]","[-2.599173, 0.055853, 0.532780]","[-1.609997, 0.099998, -0.269062]","[-0.608486, -0.339821, 0.258387]","[0.096924, -0.024658, 0.068115]","[-0.014038, 0.048096, 0.034698, 0.998138]","[-0.008362, 0.071838, 0.015961, 0.997223]","[-0.000244, -0.300049, -0.120605]","[[0.992920, 0.067810, -0.096985], [-0.070618, 0.997131, -0.024780], [0.095032, 0.031372, 0.994934]]",0,"[8471, 8158, 7464, 7641]"
42.318947,"[-1.007812, 0.187500, -1.441406]","[-2.616224, 0.045706, 0.540276]","[-1.379997, 0.089998, -0.286045]","[-0.555653, -0.353183, 0.253087]","[0.093994, -0.027588, 0.067627]","[-0.015350, 0.046570, 0.034576, 0.998199]","[-0.008667, 0.080872, 0.016052, 0.996552]","[-0.091553, 0.169922, 0.034668]","[[0.993225, 0.067505, -0.094055], [-0.070435, 0.997131, -0.027527], [0.091858, 0.033875, 0.995178]]",0,"[8390, 8040, 7512, 7760]"
42.35215,"[-1.046875, 0.187500, -1.445312]","[-2.636545, 0.031569, 0.550021]","[-1.369997, 0.089998, -0.273043]","[-0.484119, -0.370533, 0.245730]","[0.088135, -0.027832, 0.067871]","[-0.015472, 0.043579, 0.034546, 0.998322]","[-0.009674, 0.079773, 0.016113, 0.996613]","[-0.015869, -0.366699, 0.012451]","[[0.993713, 0.067566, -0.088074], [-0.070374, 0.997070, -0.027954], [0.085876, 0.033936, 0.995667]]",0,"[8427, 8155, 7458, 7627]"
