t,p,p_d,v,v_d,Angles,q,q_sp,w,R,T_sp,rpm
37.759308,"[0.046875, 0.109375, -1.210938]","[0.000000, -0.000000, 0.000000]","[0.039999, 0.019999, -0.013559]","[0.000001, -0.000000, 0.000000]","[0.001953, -0.023682, 0.041992]","[-0.011932, 0.000793, 0.021118, 0.999725]","[-0.000061, 0.002197, 0.019867, 0.999786]","[-0.020996, -0.038818, 0.003906]","[[0.999146, 0.042114, -0.002075], [-0.042236, 0.998901, -0.023865], [0.000977, 0.023865, 0.999756]]",0,"[7854, 7630, 7567, 7731]"
37.792507,"[0.046875, 0.109375, -1.207031]","[0.000000, -0.000000, 0.000000]","[0.019999, 0.019999, 0.003101]","[0.000005, -0.000003, 0.000002]","[-0.005371, -0.026123, 0.043701]","[-0.013031, -0.003021, 0.021942, 0.999664]","[-0.001190, 0.001221, 0.019897, 0.999786]","[-0.161133, -0.012207, 0.114746]","[[0.998962, 0.043884, 0.005432], [-0.043762, 0.998657, -0.026245], [-0.006653, 0.025879, 0.999573]]",0,"[8014, 7737, 7476, 7650]"
37.825722,"[0.046875, 0.109375, -1.207031]","[0.000000, -0.000000, 0.000000]","[0.029999, 0.019999, -0.000204]","[0.000016, -0.000010, 0.000006]","[-0.011719, -0.028320, 0.045410]","[-0.014008, -0.006287, 0.022766, 0.999634]","[-0.001160, 0.001709, 0.019897, 0.999786]","[-0.088867, -0.577393, 0.053223]","[[0.998901, 0.045593, 0.011902], [-0.045349, 0.998596, -0.028320], [-0.013245, 0.027710, 0.999512]]",0,"[8014, 7764, 7512, 7682]"
37.858929,"[0.046875, 0.109375, -1.203125]","[0.000002, -0.000001, 0.000001]","[0.029999, 0.009998, -0.011612]","[0.000055, -0.000032, 0.000020]","[-0.014893, -0.029541, 0.046875]","[-0.014587, -0.007874, 0.023468, 0.999573]","[-0.000671, 0.001709, 0.019867, 0.999786]","[0.169678, -0.157471, -0.044434]","[[0.998657, 0.047058, 0.015015], [-0.046692, 0.998413, -0.029602], [-0.016479, 0.028748, 0.999390]]",0,"[8000, 7755, 7536, 7697]"
37.92532,"[0.046875, 0.109375, -1.199219]","[0.000011, -0.000006, 0.000004]","[0.059999, 0.019999, 0.021393]","[0.000242, -0.000141, 0.000089]","[-0.019287, -0.033447, 0.050293]","[-0.016541, -0.010132, 0.025055, 0.999512]","[-0.001129, 0.003296, 0.019897, 0.999786]","[-0.315918, 0.424316, 0.123779]","[[0.998535, 0.050354, 0.019409], [-0.049744, 0.998230, -0.033630], [-0.021118, 0.032532, 0.999268]]",0,"[8031, 7756, 7543, 7718]"
37.960476,"[0.046875, 0.109375, -1.191406]","[0.000020, -0.000012, 0.000007]","[0.049999, 0.009998, 0.032610]","[0.000396, -0.000230, 0.000145]","[-0.022949, -0.034424, 0.052246]","[-0.016907, -0.012024, 0.026031, 0.999451]","[-0.000671, 0.002808, 0.019897, 0.999786]","[0.172852, -0.145752, -0.031250]","[[0.998352, 0.052368, 0.023132], [-0.051636, 0.998047, -0.034485], [-0.024963, 0.033142, 0.999146]]",0,"[8079, 7773, 7565, 7747]"
37.993683,"[0.058594, 0.109375, -1.187500]","[0.000041, -0.000024, 0.000015]","[0.070000, 0.000000, 0.024784]","[0.000697, -0.000405, 0.000255]","[-0.022705, -0.034668, 0.054443]","[-0.016998, -0.011871, 0.027100, 0.999420]","[-0.000031, 0.004517, 0.019867, 0.999786]","[-0.067383, 0.341309, 0.048828]","[[0.998230, 0.054504, 0.022766], [-0.053772, 0.997925, -0.034668], [-0.024719, 0.033325, 0.999146]]",0,"[8036, 7738, 7623, 7762]"
38.060085,"[0.058594, 0.109375, -1.179688]","[0.000101, -0.000059, 0.000037]","[0.080000, 0.000000, 0.005009]","[0.001419, -0.000823, 0.000518]","[-0.024170, -0.035156, 0.058350]","[-0.017242, -0.012665, 0.029083, 0.999359]","[0.000000, 0.005127, 0.019867, 0.999786]","[0.074951, -0.224121, 0.046631]","[[0.997986, 0.058533, 0.024292], [-0.057678, 0.997742, -0.035278], [-0.026367, 0.033691, 0.999084]]",0,"[8024, 7731, 7575, 7753]"
38.093288,"[0.058594, 0.109375, -1.175781]","[0.000170, -0.000099, 0.000062]","[0.099998, 0.009998, 0.026640]","[0.002127, -0.001233, 0.000776]","[-0.023438, -0.034668, 0.060547]","[-0.017029, -0.012329, 0.030151, 0.999329]","[-0.000610, 0.006104, 0.019897, 0.999756]","[0.039795, 0.202881, 0.064209]","[[0.997864, 0.060608, 0.023621], [-0.059875, 0.997559, -0.034851], [-0.025696, 0.033264, 0.999084]]",0,"[8023, 7733, 7600, 7745]"
38.126499,"[0.066406, 0.109375, -1.175781]","[0.000241, -0.000140, 0.000088]","[0.099998, 0.000000, 0.035122]","[0.002801, -0.001622, 0.001021]","[-0.022217, -0.035156, 0.062744]","[-0.017273, -0.011749, 0.031250, 0.999298]","[0.000000, 0.006714, 0.019867, 0.999756]","[-0.178223, 0.198730, 0.072754]","[[0.997742, 0.062805, 0.022400], [-0.062073, 0.997437, -0.035339], [-0.024597, 0.033752, 0.999146]]",0,"[8028, 7742, 7637, 7758]"
38.159702,"[0.066406, 0.109375, -1.171875]","[0.000372, -0.000216, 0.000136]","[0.129999, 0.000000, 0.025707]","[0.003918, -0.002266, 0.001427]","[-0.022705, -0.034668, 0.064941]","[-0.016998, -0.011902, 0.032288, 0.999268]","[0.000031, 0.008179, 0.019867, 0.999756]","[0.106689, -0.408691, 0.048340]","[[0.997620, 0.064880, 0.022705], [-0.064148, 0.997314, -0.034790], [-0.024902, 0.033203, 0.999146]]",0,"[8068, 7781, 7653, 7772]"
38.194851,"[0.078125, 0.117188, -1.167969]","[0.000501, -0.000290, 0.000183]","[0.119999, 0.000000, 0.029146]","[0.004939, -0.002854, 0.001797]","[-0.019531, -0.034668, 0.066895]","[-0.017029, -0.010345, 0.033386, 0.999237]","[-0.000427, 0.008423, 0.019897, 0.999756]","[-0.164795, 0.440918, 0.110107]","[[0.997498, 0.067017, 0.019531], [-0.066406, 0.997131, -0.034790], [-0.021851, 0.033325, 0.999146]]",0,"[8047, 7748, 7649, 7731]"
38.228054,"[0.078125, 0.117188, -1.164062]","[0.000725, -0.000420, 0.000264]","[0.109999, 0.000000, 0.067263]","[0.006571, -0.003792, 0.002388]","[-0.018799, -0.034424, 0.069092]","[-0.016876, -0.010040, 0.034424, 0.999237]","[-0.000427, 0.007935, 0.019897, 0.999756]","[-0.045898, -0.406982, 0.061523]","[[0.997498, 0.069092, 0.018860], [-0.068481, 0.997131, -0.034485], [-0.021301, 0.033020, 0.999268]]",0,"[8002, 7759, 7672, 7767]"
38.261257,"[0.089844, 0.117188, -1.160156]","[0.000938, -0.000542, 0.000342]","[0.160000, -0.009998, 0.088146]","[0.008015, -0.004620, 0.002911]","[-0.017334, -0.034180, 0.070557]","[-0.016754, -0.009308, 0.035217, 0.999207]","[0.000000, 0.010986, 0.019867, 0.999725]","[0.286621, -0.332031, -0.047119]","[[0.997375, 0.070679, 0.017395], [-0.070068, 0.996948, -0.034180], [-0.019836, 0.032837, 0.999268]]",0,"[8095, 7758, 7683, 7720]"
38.296413,"[0.097656, 0.117188, -1.156250]","[0.001294, -0.000747, 0.000471]","[0.129999, 0.000000, 0.144930]","[0.010264, -0.005908, 0.003724]","[-0.012695, -0.035156, 0.072510]","[-0.017365, -0.007019, 0.036255, 0.999176]","[-0.000519, 0.010010, 0.019897, 0.999725]","[-0.253174, 0.325439, 0.089355]","[[0.997253, 0.072632, 0.012756], [-0.072266, 0.996765, -0.035278], [-0.015320, 0.034180, 0.999329]]",0,"[8064, 7741, 7725, 7796]"
38.327663,"[0.097656, 0.117188, -1.152344]","[0.001622, -0.000937, 0.000590]","[0.169998, -0.009998, 0.114052]","[0.012209, -0.007020, 0.004426]","[-0.010986, -0.035156, 0.074219]","[-0.017365, -0.006226, 0.037109, 0.999146]","[0.000000, 0.012085, 0.019867, 0.999725]","[-0.184570, 0.255615, 0.108887]","[[0.997131, 0.074280, 0.011108], [-0.073914, 0.996643, -0.035217], [-0.013794, 0.034241, 0.999329]]",0,"[8088, 7762, 7744, 7831]"
38.36282,"[0.097656, 0.117188, -1.148438]","[0.002012, -0.001160, 0.000731]","[0.139999, -0.009998, 0.100285]","[0.014391, -0.008266, 0.005213]","[-0.010742, -0.034424, 0.076172]","[-0.017029, -0.006073, 0.038116, 0.999115]","[0.000000, 0.010742, 0.019867, 0.999725]","[0.072266, 0.390869, -0.007324]","[[0.997009, 0.076294, 0.010803], [-0.075928, 0.996521, -0.034546], [-0.013489, 0.033569, 0.999329]]",0,"[8119, 7776, 7692, 7832]"
38.427277,"[0.109375, 0.117188, -1.144531]","[0.003195, -0.001839, 0.001159]","[0.199999, -0.009998, 0.167025]","[0.020468, -0.011725, 0.007400]","[-0.008057, -0.032959, 0.080078]","[-0.016266, -0.004761, 0.040070, 0.999054]","[0.000031, 0.014282, 0.019867, 0.999695]","[-0.170654, 0.255127, 0.151123]","[[0.996704, 0.080139, 0.008179], [-0.079895, 0.996216, -0.032959], [-0.010864, 0.032104, 0.999390]]",0,"[8085, 7790, 7755, 7814]"
38.431179,"[0.117188, 0.117188, -1.144531]","[0.003195, -0.001839, 0.001159]","[0.150000, -0.019999, 0.151497]","[0.020468, -0.011725, 0.007400]","[-0.009277, -0.032471, 0.080322]","[-0.016052, -0.005310, 0.040131, 0.999023]","[0.000488, 0.012299, 0.019867, 0.999725]","[0.170166, -0.039307, 0.007080]","[[0.996582, 0.080261, 0.009277], [-0.080017, 0.996094, -0.032532], [-0.011963, 0.031677, 0.999268]]",0,"[8100, 7771, 7729, 7818]"
38.464382,"[0.117188, 0.117188, -1.140625]","[0.004073, -0.002342, 0.001477]","[0.179998, -0.009998, 0.106596]","[0.024604, -0.014072, 0.008885]","[-0.006592, -0.031982, 0.082031]","[-0.015900, -0.003998, 0.041077, 0.998993]","[0.000031, 0.013916, 0.019867, 0.999695]","[-0.076416, 0.474854, 0.093018]","[[0.996460, 0.082153, 0.006653], [-0.081909, 0.995972, -0.032166], [-0.009338, 0.031433, 0.999329]]",0,"[8121, 7778, 7736, 7825]"
38.497597,"[0.128906, 0.109375, -1.136719]","[0.004844, -0.002782, 0.001755]","[0.199999, -0.029999, 0.115732]","[0.028042, -0.016019, 0.010117]","[-0.004639, -0.032227, 0.083984]","[-0.015991, -0.003113, 0.041992, 0.998962]","[0.001404, 0.015472, 0.019867, 0.999664]","[-0.084473, -0.053223, 0.084961]","[[0.996338, 0.083923, 0.004822], [-0.083801, 0.995850, -0.032288], [-0.007629, 0.031677, 0.999329]]",0,"[8075, 7810, 7755, 7783]"
38.530788,"[0.136719, 0.109375, -1.136719]","[0.006036, -0.003463, 0.002185]","[0.189999, -0.019999, 0.107225]","[0.033093, -0.018873, 0.011925]","[-0.004150, -0.032715, 0.085693]","[-0.016266, -0.002777, 0.042847, 0.998932]","[0.000916, 0.015472, 0.019867, 0.999664]","[0.221191, -0.503418, -0.018555]","[[0.996216, 0.085632, 0.004150], [-0.085510, 0.995728, -0.032776], [-0.006958, 0.032288, 0.999390]]",0,"[8148, 7775, 7701, 7866]"
38.563995,"[0.148438, 0.109375, -1.136719]","[0.007066, -0.004049, 0.002555]","[0.199999, -0.029999, 0.131086]","[0.037240, -0.021211, 0.013407]","[-0.001221, -0.030273, 0.087402]","[-0.015137, -0.001373, 0.043762, 0.998901]","[0.001404, 0.016693, 0.019836, 0.999634]","[0.052490, 0.493408, 0.041504]","[[0.996033, 0.087402, 0.001404], [-0.087402, 0.995605, -0.030396], [-0.004089, 0.030151, 0.999390]]",0,"[8111, 7804, 7780, 7797]"
38.599152,"[0.148438, 0.109375, -1.128906]","[0.008636, -0.004943, 0.003120]","[0.189999, -0.009998, 0.126766]","[0.043266, -0.024601, 0.015557]","[0.000244, -0.030029, 0.089600]","[-0.015076, -0.000549, 0.044891, 0.998871]","[0.000305, 0.016205, 0.019867, 0.999664]","[0.032227, -0.345947, 0.036621]","[[0.995911, 0.089661, -0.000305], [-0.089661, 0.995483, -0.030212], [-0.002502, 0.030090, 0.999512]]",0,"[8113, 7808, 7779, 7831]"
38.632351,"[0.156250, 0.109375, -1.128906]","[0.009975, -0.005704, 0.003602]","[0.169998, -0.029999, 0.113394]","[0.048164, -0.027350, 0.017301]","[0.001953, -0.028809, 0.091309]","[-0.014465, 0.000427, 0.045715, 0.998840]","[0.001282, 0.015717, 0.019867, 0.999664]","[0.148438, 0.127441, 0.003906]","[[0.995728, 0.091248, -0.002136], [-0.091370, 0.995361, -0.028931], [-0.000549, 0.028931, 0.999512]]",0,"[8133, 7808, 7807, 7831]"
38.665554,"[0.156250, 0.109375, -1.125000]","[0.011462, -0.006548, 0.004135]","[0.230000, -0.029999, 0.094522]","[0.053395, -0.030280, 0.019161]","[0.004639, -0.028809, 0.093262]","[-0.014557, 0.001678, 0.046753, 0.998810]","[0.001190, 0.018402, 0.019836, 0.999603]","[-0.151855, 0.344971, 0.140381]","[[0.995605, 0.093323, -0.004700], [-0.093445, 0.995239, -0.028992], [0.001892, 0.029236, 0.999573]]",0,"[8118, 7769, 7806, 7835]"
38.698761,"[0.179688, 0.109375, -1.128906]","[0.013692, -0.007811, 0.004935]","[0.189999, -0.029999, 0.087574]","[0.060895, -0.034469, 0.021823]","[0.004639, -0.027588, 0.094971]","[-0.013885, 0.001678, 0.047607, 0.998779]","[0.000946, 0.017792, 0.019867, 0.999634]","[0.075684, -0.331543, 0.015381]","[[0.995483, 0.095032, -0.004639], [-0.095154, 0.995117, -0.027649], [0.001953, 0.027893, 0.999634]]",0,"[8150, 7814, 7769, 7815]"
38.731964,"[0.179688, 0.097656, -1.128906]","[0.015563, -0.008869, 0.005605]","[0.230000, -0.039999, 0.057873]","[0.066918, -0.037824, 0.023956]","[0.005615, -0.026367, 0.096436]","[-0.013306, 0.002197, 0.048370, 0.998718]","[0.001953, 0.019714, 0.019836, 0.999603]","[0.116699, 0.056152, -0.025879]","[[0.995178, 0.096497, -0.005676], [-0.096619, 0.994873, -0.026428], [0.002991, 0.026794, 0.999512]]",0,"[8153, 7818, 7787, 7810]"
38.765163,"[0.179688, 0.097656, -1.128906]","[0.018343, -0.010439, 0.006600]","[0.189999, -0.029999, 0.046598]","[0.075487, -0.042586, 0.026986]","[0.008057, -0.026123, 0.098145]","[-0.013306, 0.003479, 0.049225, 0.998688]","[0.001312, 0.017792, 0.019836, 0.999634]","[-0.050293, 0.343506, 0.112305]","[[0.995056, 0.098145, -0.008240], [-0.098389, 0.994751, -0.026306], [0.005554, 0.026917, 0.999573]]",0,"[8142, 7783, 7786, 7819]"
38.833527,"[0.199219, 0.097656, -1.132812]","[0.024056, -0.013656, 0.008639]","[0.219999, -0.039999, 0.002775]","[0.091971, -0.051703, 0.032795]","[0.010986, -0.024902, 0.102051]","[-0.012695, 0.004913, 0.051147, 0.998596]","[0.001862, 0.020081, 0.019836, 0.999573]","[-0.018066, 0.248779, 0.113281]","[[0.994690, 0.101929, -0.011108], [-0.102295, 0.994385, -0.024902], [0.008423, 0.025879, 0.999573]]",0,"[8117, 7764, 7808, 7821]"
38.86673,"[0.199219, 0.097656, -1.132812]","[0.026861, -0.015232, 0.009639]","[0.189999, -0.029999, -0.000980]","[0.099617, -0.055915, 0.035482]","[0.011719, -0.024658, 0.103760]","[-0.012604, 0.005280, 0.052063, 0.998566]","[0.001221, 0.018768, 0.019836, 0.999603]","[-0.083740, 0.107666, 0.102051]","[[0.994568, 0.103760, -0.011841], [-0.104126, 0.994263, -0.024658], [0.009155, 0.025757, 0.999634]]",0,"[8134, 7783, 7778, 7798]"
38.899929,"[0.218750, 0.097656, -1.136719]","[0.029896, -0.016934, 0.010720]","[0.230000, -0.039999, -0.003799]","[0.107611, -0.060306, 0.038285]","[0.011475, -0.023926, 0.105469]","[-0.012238, 0.005157, 0.052826, 0.998535]","[0.001648, 0.021698, 0.019836, 0.999542]","[0.079346, -0.298096, -0.030273]","[[0.994385, 0.105286, -0.011597], [-0.105652, 0.994141, -0.023987], [0.008911, 0.024963, 0.999695]]",0,"[8124, 7757, 7780, 7807]"
38.933136,"[0.218750, 0.089844, -1.136719]","[0.034316, -0.019409, 0.012291]","[0.179998, -0.049999, -0.027376]","[0.118807, -0.066436, 0.042202]","[0.012695, -0.023438, 0.106934]","[-0.012085, 0.005737, 0.053558, 0.998474]","[0.002441, 0.018860, 0.019836, 0.999603]","[0.055420, 0.249756, 0.020020]","[[0.994141, 0.106750, -0.012756], [-0.107117, 0.993958, -0.023560], [0.010071, 0.024780, 0.999573]]",0,"[8149, 7754, 7772, 7754]"
38.968292,"[0.226562, 0.097656, -1.136719]","[0.037925, -0.021425, 0.013572]","[0.219999, -0.039999, -0.022078]","[0.127605, -0.071237, 0.045273]","[0.013672, -0.023193, 0.108887]","[-0.011963, 0.006256, 0.054535, 0.998413]","[0.001129, 0.021210, 0.019836, 0.999573]","[-0.021240, -0.174072, 0.001709]","[[0.993896, 0.108704, -0.013794], [-0.109070, 0.993713, -0.023254], [0.011108, 0.024597, 0.999573]]",0,"[8103, 7753, 7782, 7786]"
39.001492,"[0.226562, 0.097656, -1.136719]","[0.043147, -0.024337, 0.015423]","[0.179998, -0.049999, -0.025202]","[0.139861, -0.077903, 0.049541]","[0.013916, -0.022217, 0.110107]","[-0.011536, 0.006378, 0.055145, 0.998383]","[0.001465, 0.018890, 0.019836, 0.999603]","[0.127197, -0.083008, -0.042480]","[[0.993774, 0.109924, -0.013977], [-0.110291, 0.993591, -0.022400], [0.011414, 0.023743, 0.999573]]",0,"[8144, 7766, 7802, 7794]"
39.034695,"[0.250000, 0.097656, -1.136719]","[0.047383, -0.026694, 0.016923]","[0.179998, -0.039999, -0.049202]","[0.149442, -0.083094, 0.052868]","[0.014404, -0.021729, 0.111328]","[-0.011322, 0.006653, 0.055786, 0.998383]","[0.000763, 0.020111, 0.019867, 0.999573]","[-0.019043, 0.253418, 0.095703]","[[0.993774, 0.111206, -0.014526], [-0.111572, 0.993591, -0.021912], [0.011963, 0.023376, 0.999695]]",0,"[8140, 7760, 7799, 7790]"
39.067898,"[0.250000, 0.097656, -1.140625]","[0.053480, -0.030080, 0.019078]","[0.230000, -0.039999, -0.049076]","[0.162729, -0.090267, 0.057471]","[0.014160, -0.021729, 0.112305]","[-0.011261, 0.006470, 0.056366, 0.998352]","[0.000549, 0.022064, 0.019867, 0.999542]","[-0.051270, -0.111328, 0.057861]","[[0.993652, 0.112305, -0.014160], [-0.112671, 0.993469, -0.021851], [0.011597, 0.023193, 0.999756]]",0,"[8115, 7778, 7795, 7790]"
39.103054,"[0.250000, 0.097656, -1.144531]","[0.058397, -0.032805, 0.020813]","[0.169998, -0.039999, -0.083210]","[0.173063, -0.095824, 0.061041]","[0.014648, -0.021973, 0.113525]","[-0.011444, 0.006714, 0.056885, 0.998291]","[0.000366, 0.018890, 0.019867, 0.999603]","[-0.000488, 0.252930, 0.016846]","[[0.993408, 0.113342, -0.014709], [-0.113708, 0.993225, -0.022156], [0.012024, 0.023621, 0.999634]]",0,"[8171, 7774, 7777, 7770]"
39.136257,"[0.269531, 0.089844, -1.144531]","[0.065434, -0.036697, 0.023293]","[0.199999, -0.049999, -0.070337]","[0.187333, -0.103467, 0.065956]","[0.015137, -0.022461, 0.114990]","[-0.011658, 0.006927, 0.057617, 0.998260]","[0.001007, 0.021210, 0.019836, 0.999573]","[-0.092773, 0.030518, 0.140381]","[[0.993286, 0.114807, -0.015198], [-0.115173, 0.993103, -0.022522], [0.012390, 0.024109, 0.999634]]",0,"[8119, 7743, 7802, 7819]"
39.169464,"[0.269531, 0.089844, -1.148438]","[0.071084, -0.039814, 0.025281]","[0.179998, -0.049999, -0.062063]","[0.198389, -0.109363, 0.069753]","[0.014648, -0.022217, 0.116211]","[-0.011475, 0.006714, 0.058197, 0.998230]","[0.000610, 0.019745, 0.019867, 0.999603]","[0.014404, -0.140625, -0.027588]","[[0.993164, 0.115967, -0.014709], [-0.116333, 0.992981, -0.022217], [0.012024, 0.023682, 0.999634]]",0,"[8173, 7802, 7801, 7783]"
39.202667,"[0.269531, 0.089844, -1.152344]","[0.077061, -0.043106, 0.027381]","[0.209999, -0.059999, -0.094894]","[0.209737, -0.115393, 0.073641]","[0.014893, -0.021484, 0.116943]","[-0.011139, 0.006836, 0.058655, 0.998199]","[0.000885, 0.020721, 0.019836, 0.999573]","[0.048096, 0.043457, 0.008789]","[[0.993042, 0.116882, -0.014954], [-0.117249, 0.992859, -0.021484], [0.012268, 0.023071, 0.999634]]",0,"[8131, 7802, 7816, 7786]"
39.235867,"[0.289062, 0.089844, -1.152344]","[0.085556, -0.047773, 0.030361]","[0.189999, -0.039999, -0.085890]","[0.225314, -0.123631, 0.078961]","[0.014893, -0.021973, 0.118164]","[-0.011383, 0.006836, 0.059235, 0.998169]","[-0.000305, 0.020630, 0.019867, 0.999573]","[-0.062988, 0.172607, 0.113281]","[[0.992920, 0.118042, -0.015015], [-0.118408, 0.992737, -0.021973], [0.012207, 0.023560, 0.999634]]",0,"[8175, 7770, 7791, 7817]"
39.274929,"[0.289062, 0.089844, -1.156250]","[0.094670, -0.052767, 0.033552]","[0.160000, -0.039999, -0.102560]","[0.241375, -0.132081, 0.084425]","[0.014893, -0.021484, 0.119385]","[-0.011200, 0.006866, 0.059814, 0.998138]","[-0.000702, 0.018555, 0.019897, 0.999603]","[-0.076904, -0.012695, 0.114746]","[[0.992798, 0.119202, -0.015015], [-0.119568, 0.992615, -0.021606], [0.012329, 0.023193, 0.999695]]",0,"[8156, 7796, 7785, 7775]"
39.304226,"[0.289062, 0.078125, -1.160156]","[0.101922, -0.056731, 0.036086]","[0.199999, -0.059999, -0.125641]","[0.253726, -0.138546, 0.088613]","[0.015137, -0.021973, 0.119873]","[-0.011444, 0.006989, 0.060089, 0.998108]","[0.000397, 0.019989, 0.019867, 0.999573]","[-0.071045, 0.163086, 0.135498]","[[0.992676, 0.119751, -0.015320], [-0.120117, 0.992493, -0.022095], [0.012512, 0.023682, 0.999634]]",0,"[8167, 7770, 7777, 7800]"
39.337429,"[0.308594, 0.078125, -1.164062]","[0.109539, -0.060886, 0.038744]","[0.169998, -0.039999, -0.125765]","[0.266325, -0.145112, 0.092872]","[0.015381, -0.021729, 0.120850]","[-0.011353, 0.007111, 0.060516, 0.998077]","[-0.000702, 0.019165, 0.019897, 0.999603]","[-0.066162, -0.021973, 0.032471]","[[0.992554, 0.120605, -0.015564], [-0.120972, 0.992371, -0.021851], [0.012756, 0.023560, 0.999634]]",0,"[8153, 7782, 7796, 7797]"
39.370632,"[0.308594, 0.078125, -1.167969]","[0.120277, -0.066728, 0.042485]","[0.160000, -0.049999, -0.137548]","[0.283493, -0.154012, 0.098655]","[0.014893, -0.021729, 0.121582]","[-0.011292, 0.006836, 0.060852, 0.998047]","[-0.000732, 0.018066, 0.019897, 0.999634]","[0.042236, -0.282471, -0.066895]","[[0.992432, 0.121277, -0.015015], [-0.121643, 0.992249, -0.021790], [0.012207, 0.023376, 0.999573]]",0,"[8127, 7795, 7808, 7784]"
39.403835,"[0.308594, 0.078125, -1.171875]","[0.128776, -0.071340, 0.045440]","[0.199999, -0.059999, -0.177185]","[0.296631, -0.160784, 0.103063]","[0.014404, -0.022217, 0.122314]","[-0.011566, 0.006592, 0.061249, 0.998016]","[-0.000458, 0.019409, 0.019867, 0.999603]","[-0.001953, 0.246582, 0.055908]","[[0.992310, 0.122070, -0.014587], [-0.122437, 0.992126, -0.022339], [0.011658, 0.023926, 0.999512]]",0,"[8158, 7776, 7774, 7755]"
39.437038,"[0.316406, 0.078125, -1.175781]","[0.137659, -0.076149, 0.048524]","[0.150000, -0.049999, -0.164595]","[0.309974, -0.167629, 0.107526]","[0.013672, -0.022461, 0.123047]","[-0.011597, 0.006165, 0.061615, 0.998016]","[-0.001465, 0.016876, 0.019897, 0.999634]","[-0.063477, -0.012207, 0.111084]","[[0.992310, 0.122742, -0.013733], [-0.123108, 0.992126, -0.022461], [0.010803, 0.023926, 0.999634]]",0,"[8150, 7765, 7754, 7748]"
39.472195,"[0.328125, 0.066406, -1.183594]","[0.150121, -0.082878, 0.052842]","[0.179998, -0.059999, -0.192499]","[0.328076, -0.176858, 0.113555]","[0.012939, -0.022705, 0.123535]","[-0.011749, 0.005829, 0.061920, 0.997986]","[-0.000854, 0.018066, 0.019897, 0.999634]","[0.071289, 0.049805, -0.019043]","[[0.992188, 0.123352, -0.013062], [-0.123718, 0.992004, -0.022827], [0.010132, 0.024170, 0.999573]]",0,"[8142, 7771, 7793, 7790]"
39.505417,"[0.328125, 0.066406, -1.187500]","[0.159933, -0.088161, 0.056236]","[0.160000, -0.039999, -0.202127]","[0.341863, -0.183843, 0.118128]","[0.012695, -0.022461, 0.124268]","[-0.011566, 0.005707, 0.062256, 0.997986]","[-0.002350, 0.016632, 0.019897, 0.999634]","[-0.041504, 0.193848, 0.115967]","[[0.992188, 0.124023, -0.012817], [-0.124390, 0.992004, -0.022461], [0.009888, 0.023804, 0.999695]]",0,"[8137, 7770, 7784, 7772]"
39.538612,"[0.339844, 0.066406, -1.191406]","[0.173651, -0.095526, 0.060970]","[0.139999, -0.049999, -0.227119]","[0.360509, -0.193227, 0.124285]","[0.012207, -0.022461, 0.124756]","[-0.011597, 0.005493, 0.062531, 0.997955]","[-0.002258, 0.015289, 0.019897, 0.999664]","[-0.027100, -0.232666, -0.012695]","[[0.992065, 0.124573, -0.012390], [-0.124939, 0.991821, -0.022522], [0.009460, 0.023865, 0.999634]]",0,"[8132, 7787, 7800, 7779]"
39.571804,"[0.347656, 0.066406, -1.195312]","[0.184420, -0.101291, 0.064680]","[0.179998, -0.059999, -0.233150]","[0.374670, -0.200305, 0.128940]","[0.010986, -0.023438, 0.125244]","[-0.012085, 0.004822, 0.062683, 0.997955]","[-0.002228, 0.016754, 0.019897, 0.999634]","[0.023438, -0.118164, -0.075439]","[[0.992065, 0.124939, -0.011108], [-0.125183, 0.991821, -0.023621], [0.008057, 0.024719, 0.999634]]",0,"[8151, 7771, 7773, 7773]"
39.60696,"[0.347656, 0.066406, -1.203125]","[0.199426, -0.109299, 0.069838]","[0.160000, -0.049999, -0.248199]","[0.393760, -0.209778, 0.135185]","[0.010986, -0.024170, 0.125488]","[-0.012451, 0.004761, 0.062897, 0.997925]","[-0.003235, 0.014954, 0.019928, 0.999664]","[-0.065186, -0.095703, 0.074463]","[[0.992004, 0.125366, -0.011047], [-0.125610, 0.991699, -0.024353], [0.007874, 0.025452, 0.999573]]",0,"[8131, 7756, 7739, 7749]"
39.640163,"[0.347656, 0.066406, -1.207031]","[0.211174, -0.115549, 0.073867]","[0.169998, -0.059999, -0.251976]","[0.408220, -0.216898, 0.139892]","[0.010498, -0.024414, 0.125732]","[-0.012482, 0.004578, 0.062927, 0.997925]","[-0.003357, 0.014709, 0.019928, 0.999664]","[0.025146, -0.168701, -0.096680]","[[0.992004, 0.125427, -0.010681], [-0.125671, 0.991699, -0.024414], [0.007507, 0.025513, 0.999573]]",0,"[8117, 7758, 7776, 7772]"
39.673367,"[0.359375, 0.058594, -1.210938]","[0.227502, -0.124209, 0.079456]","[0.160000, -0.049999, -0.258385]","[0.427666, -0.226398, 0.146189]","[0.009766, -0.024658, 0.125732]","[-0.012634, 0.004181, 0.063019, 0.997925]","[-0.003967, 0.013855, 0.019928, 0.999695]","[0.028320, 0.080566, 0.008789]","[[0.992004, 0.125610, -0.009949], [-0.125854, 0.991699, -0.024780], [0.006653, 0.025757, 0.999634]]",0,"[8132, 7769, 7769, 7755]"
39.70657,"[0.367188, 0.058594, -1.218750]","[0.240243, -0.130944, 0.083807]","[0.199999, -0.049999, -0.283535]","[0.442347, -0.233511, 0.150918]","[0.009521, -0.025635, 0.125977]","[-0.013153, 0.003967, 0.063141, 0.997925]","[-0.004822, 0.015106, 0.019958, 0.999664]","[-0.082031, 0.199707, 0.090332]","[[0.992004, 0.125854, -0.009583], [-0.126099, 0.991699, -0.025818], [0.006165, 0.026794, 0.999634]]",0,"[8127, 7744, 7736, 7758]"
39.739773,"[0.367188, 0.058594, -1.226562]","[0.253420, -0.137890, 0.088298]","[0.139999, -0.049999, -0.276400]","[0.457107, -0.240608, 0.155648]","[0.008057, -0.026611, 0.126221]","[-0.013489, 0.003204, 0.063232, 0.997894]","[-0.005493, 0.011078, 0.019928, 0.999695]","[-0.012695, -0.320312, -0.032227]","[[0.991882, 0.126038, -0.008057], [-0.126282, 0.991577, -0.026611], [0.004639, 0.027344, 0.999573]]",0,"[8121, 7769, 7745, 7729]"
39.774933,"[0.378906, 0.058594, -1.234375]","[0.271660, -0.147472, 0.094501]","[0.150000, -0.049999, -0.324749]","[0.476874, -0.250025, 0.161947]","[0.008057, -0.027588, 0.126465]","[-0.014008, 0.003204, 0.063293, 0.997894]","[-0.006104, 0.011353, 0.019958, 0.999695]","[-0.059814, 0.199707, 0.061523]","[[0.991943, 0.126160, -0.008179], [-0.126404, 0.991577, -0.027649], [0.004517, 0.028381, 0.999573]]",0,"[8116, 7724, 7761, 7762]"
39.808136,"[0.386719, 0.058594, -1.242188]","[0.285851, -0.154901, 0.099315]","[0.169998, -0.070000, -0.317888]","[0.491751, -0.257045, 0.166658]","[0.006836, -0.028076, 0.126709]","[-0.014221, 0.002563, 0.063416, 0.997894]","[-0.005737, 0.011322, 0.019928, 0.999695]","[-0.083252, -0.074951, 0.051025]","[[0.991943, 0.126404, -0.006897], [-0.126648, 0.991577, -0.028137], [0.003235, 0.028748, 0.999573]]",0,"[8092, 7750, 7758, 7751]"
39.841335,"[0.386719, 0.046875, -1.242188]","[0.305448, -0.165124, 0.105947]","[0.150000, -0.059999, -0.288137]","[0.511626, -0.266328, 0.172912]","[0.004883, -0.028809, 0.126709]","[-0.014587, 0.001587, 0.063416, 0.997894]","[-0.006378, 0.009277, 0.019928, 0.999725]","[0.010742, -0.290039, -0.087646]","[[0.991943, 0.126465, -0.005005], [-0.126587, 0.991577, -0.028931], [0.001221, 0.029297, 0.999573]]",0,"[8140, 7740, 7736, 7722]"
39.874538,"[0.398438, 0.046875, -1.250000]","[0.320653, -0.173026, 0.111081]","[0.189999, -0.070000, -0.311314]","[0.526543, -0.273221, 0.177575]","[0.003662, -0.029541, 0.126709]","[-0.014893, 0.000916, 0.063416, 0.997864]","[-0.006500, 0.010498, 0.019958, 0.999695]","[0.005371, 0.184814, 0.007568]","[[0.991882, 0.126465, -0.003662], [-0.126587, 0.991455, -0.029663], [-0.000122, 0.029785, 0.999451]]",0,"[8150, 7754, 7739, 7749]"
39.909695,"[0.406250, 0.046875, -1.253906]","[0.341610, -0.183877, 0.118138]","[0.160000, -0.059999, -0.309286]","[0.546425, -0.282304, 0.183745]","[0.002197, -0.030273, 0.126953]","[-0.015198, 0.000214, 0.063538, 0.997864]","[-0.007751, 0.008331, 0.019958, 0.999725]","[-0.035645, -0.309082, 0.002930]","[[0.991882, 0.126709, -0.002319], [-0.126831, 0.991455, -0.030334], [-0.001587, 0.030334, 0.999512]]",0,"[8135, 7754, 7746, 7740]"
39.976101,"[0.417969, 0.039062, -1.269531]","[0.380150, -0.203709, 0.131063]","[0.199999, -0.080000, -0.358191]","[0.581106, -0.297848, 0.194382]","[0.000977, -0.031250, 0.127197]","[-0.015686, -0.000458, 0.063660, 0.997864]","[-0.007874, 0.008209, 0.019958, 0.999725]","[-0.037109, 0.177002, 0.083008]","[[0.991943, 0.127014, -0.001099], [-0.127014, 0.991455, -0.031372], [-0.002930, 0.031250, 0.999512]]",0,"[8107, 7741, 7779, 7747]"
40.009312,"[0.417969, 0.039062, -1.277344]","[0.397391, -0.212530, 0.136824]","[0.150000, -0.070000, -0.353487]","[0.595890, -0.304350, 0.198864]","[-0.000244, -0.032227, 0.127441]","[-0.016083, -0.001221, 0.063721, 0.997833]","[-0.009186, 0.004333, 0.019928, 0.999725]","[-0.079590, -0.115479, 0.044678]","[[0.991821, 0.127136, 0.000366], [-0.127136, 0.991333, -0.032288], [-0.004517, 0.031921, 0.999451]]",0,"[8094, 7740, 7752, 7722]"
40.042507,"[0.417969, 0.039062, -1.281250]","[0.415062, -0.221540, 0.142714]","[0.199999, -0.089998, -0.340269]","[0.610608, -0.310744, 0.203294]","[-0.002686, -0.033203, 0.127197]","[-0.016541, -0.002502, 0.063660, 0.997833]","[-0.009033, 0.005524, 0.019928, 0.999725]","[0.029785, -0.398682, -0.082764]","[[0.991821, 0.127075, 0.002869], [-0.126953, 0.991333, -0.033386], [-0.007141, 0.032654, 0.999390]]",0,"[8111, 7747, 7750, 7744]"
40.077663,"[0.429688, 0.027344, -1.289062]","[0.439298, -0.233843, 0.150770]","[0.169998, -0.080000, -0.360561]","[0.630111, -0.319091, 0.209111]","[-0.002686, -0.034668, 0.127441]","[-0.017273, -0.002533, 0.063721, 0.997833]","[-0.009827, 0.002991, 0.019897, 0.999725]","[-0.130615, 0.136475, 0.106445]","[[0.991882, 0.127197, 0.002808], [-0.127075, 0.991333, -0.034851], [-0.007324, 0.034119, 0.999451]]",0,"[8101, 7733, 7734, 7740]"
40.110867,"[0.449219, 0.027344, -1.292969]","[0.457971, -0.243281, 0.156959]","[0.189999, -0.080000, -0.351826]","[0.644628, -0.325205, 0.213401]","[-0.004150, -0.035156, 0.127686]","[-0.017456, -0.003204, 0.063812, 0.997803]","[-0.010529, 0.003601, 0.019928, 0.999725]","[-0.014893, -0.274658, 0.010742]","[[0.991760, 0.127380, 0.004150], [-0.127258, 0.991211, -0.035278], [-0.008667, 0.034424, 0.999329]]",0,"[8072, 7730, 7761, 7762]"
40.14407,"[0.449219, 0.027344, -1.296875]","[0.483530, -0.256142, 0.165406]","[0.209999, -0.099998, -0.351925]","[0.663817, -0.333151, 0.219015]","[-0.005371, -0.035889, 0.127686]","[-0.017700, -0.003876, 0.063812, 0.997803]","[-0.010315, 0.002869, 0.019897, 0.999725]","[0.086914, -0.076660, -0.091309]","[[0.991821, 0.127441, 0.005432], [-0.127197, 0.991211, -0.035889], [-0.010071, 0.034790, 0.999329]]",0,"[8106, 7744, 7764, 7726]"
40.177273,"[0.457031, 0.027344, -1.304688]","[0.503187, -0.265988, 0.171883]","[0.199999, -0.080000, -0.372334]","[0.678067, -0.338944, 0.223140]","[-0.006348, -0.036377, 0.127686]","[-0.017975, -0.004395, 0.063782, 0.997803]","[-0.012177, 0.001190, 0.019897, 0.999725]","[-0.052246, 0.273682, 0.054199]","[[0.991821, 0.127380, 0.006470], [-0.127136, 0.991211, -0.036499], [-0.011108, 0.035278, 0.999329]]",0,"[8130, 7751, 7770, 7734]"
40.21048,"[0.457031, 0.019531, -1.312500]","[0.530049, -0.279379, 0.180708]","[0.230000, -0.099998, -0.358459]","[0.696862, -0.346439, 0.228521]","[-0.008057, -0.037354, 0.127930]","[-0.018372, -0.005280, 0.063904, 0.997772]","[-0.011566, 0.001068, 0.019897, 0.999725]","[-0.069824, -0.200684, 0.053223]","[[0.991760, 0.127686, 0.008179], [-0.127319, 0.991089, -0.037415], [-0.012939, 0.035950, 0.999207]]",0,"[8094, 7767, 7772, 7737]"
40.245632,"[0.468750, 0.019531, -1.320312]","[0.550661, -0.289604, 0.187458]","[0.209999, -0.089998, -0.368477]","[0.710775, -0.351873, 0.232457]","[-0.010010, -0.038574, 0.127930]","[-0.018890, -0.006256, 0.063904, 0.997772]","[-0.013306, -0.000946, 0.019867, 0.999695]","[-0.002686, 0.225830, -0.053467]","[[0.991760, 0.127686, 0.010071], [-0.127319, 0.991150, -0.038574], [-0.014954, 0.036865, 0.999207]]",0,"[8116, 7745, 7751, 7729]"
40.278839,"[0.476562, 0.007812, -1.328125]","[0.578785, -0.303487, 0.196639]","[0.240000, -0.119999, -0.378201]","[0.729085, -0.358863, 0.237573]","[-0.010742, -0.039307, 0.128174]","[-0.019318, -0.006683, 0.063965, 0.997742]","[-0.012085, -0.000732, 0.019867, 0.999725]","[-0.124268, 0.057617, 0.119141]","[[0.991699, 0.127869, 0.010864], [-0.127380, 0.991028, -0.039490], [-0.015869, 0.037659, 0.999146]]",0,"[8104, 7751, 7794, 7747]"
40.312038,"[0.488281, 0.007812, -1.332031]","[0.600343, -0.314075, 0.203654]","[0.209999, -0.109999, -0.376226]","[0.742616, -0.363905, 0.241304]","[-0.012207, -0.041016, 0.128174]","[-0.020081, -0.007416, 0.064026, 0.997742]","[-0.013489, -0.003265, 0.019836, 0.999695]","[0.002686, -0.282471, -0.021729]","[[0.991760, 0.127991, 0.012207], [-0.127502, 0.991028, -0.041077], [-0.017456, 0.039124, 0.999146]]",0,"[8112, 7731, 7768, 7775]"
40.345242,"[0.500000, 0.007812, -1.335938]","[0.622293, -0.324806, 0.210776]","[0.219999, -0.109999, -0.355082]","[0.755960, -0.368769, 0.244939]","[-0.013916, -0.040283, 0.127930]","[-0.019653, -0.008301, 0.063904, 0.997742]","[-0.014465, -0.003967, 0.019836, 0.999664]","[0.064453, -0.204834, -0.097168]","[[0.991699, 0.127808, 0.014038], [-0.127197, 0.991089, -0.040344], [-0.019165, 0.038147, 0.999084]]",0,"[8103, 7782, 7811, 7752]"
40.378448,"[0.500000, 0.000000, -1.343750]","[0.652171, -0.339336, 0.220438]","[0.279999, -0.129999, -0.385683]","[0.773458, -0.374968, 0.249636]","[-0.013916, -0.041504, 0.128174]","[-0.020294, -0.008362, 0.063934, 0.997711]","[-0.013824, -0.002747, 0.019836, 0.999695]","[-0.086914, 0.357910, 0.046143]","[[0.991638, 0.127869, 0.014099], [-0.127258, 0.990967, -0.041626], [-0.019348, 0.039429, 0.998962]]",0,"[8088, 7761, 7806, 7759]"
40.413601,"[0.507812, 0.000000, -1.355469]","[0.675014, -0.350384, 0.227800]","[0.240000, -0.109999, -0.401751]","[0.786336, -0.379392, 0.253037]","[-0.016602, -0.042969, 0.128174]","[-0.020905, -0.009735, 0.063934, 0.997711]","[-0.015869, -0.006256, 0.019775, 0.999634]","[0.034668, -0.293213, -0.089844]","[[0.991699, 0.127930, 0.016785], [-0.127197, 0.991028, -0.043030], [-0.022156, 0.040466, 0.998962]]",0,"[8114, 7774, 7752, 7743]"
40.446804,"[0.527344, -0.007812, -1.359375]","[0.706060, -0.365314, 0.237770]","[0.289999, -0.150000, -0.410250]","[0.803174, -0.384988, 0.257409]","[-0.017090, -0.043701, 0.128174]","[-0.021301, -0.009949, 0.063934, 0.997681]","[-0.014374, -0.004700, 0.019806, 0.999664]","[0.009766, 0.265137, -0.017334]","[[0.991577, 0.127930, 0.017151], [-0.127197, 0.990906, -0.043823], [-0.022644, 0.041260, 0.998840]]",0,"[8119, 7736, 7782, 7754]"
40.480011,"[0.527344, -0.007812, -1.367188]","[0.729772, -0.376652, 0.245358]","[0.259998, -0.119999, -0.421869]","[0.815539, -0.388949, 0.260560]","[-0.017822, -0.044434, 0.128662]","[-0.021576, -0.010315, 0.064117, 0.997681]","[-0.017120, -0.008057, 0.019745, 0.999603]","[-0.125732, 0.049805, 0.120117]","[[0.991638, 0.128357, 0.017822], [-0.127502, 0.990906, -0.044434], [-0.023438, 0.041748, 0.998901]]",0,"[8068, 7731, 7791, 7737]"
40.51321,"[0.539062, -0.007812, -1.375000]","[0.761952, -0.391946, 0.255617]","[0.259998, -0.129999, -0.396946]","[0.831661, -0.393908, 0.264589]","[-0.019043, -0.044678, 0.128906]","[-0.021637, -0.010986, 0.064209, 0.997650]","[-0.017517, -0.009399, 0.019714, 0.999603]","[0.023438, -0.346924, -0.033447]","[[0.991516, 0.128540, 0.019165], [-0.127686, 0.990784, -0.044678], [-0.024780, 0.041748, 0.998840]]",0,"[8047, 7754, 7816, 7735]"
40.546413,"[0.558594, -0.019531, -1.378906]","[0.786484, -0.403535, 0.263409]","[0.339998, -0.169998, -0.381062]","[0.843463, -0.397378, 0.267476]","[-0.020752, -0.045898, 0.128906]","[-0.022217, -0.011902, 0.064240, 0.997620]","[-0.015869, -0.006378, 0.019775, 0.999634]","[0.017578, -0.055908, -0.074951]","[[0.991455, 0.128601, 0.020935], [-0.127625, 0.990723, -0.045959], [-0.026672, 0.042786, 0.998718]]",0,"[8110, 7759, 7817, 7749]"
40.581573,"[0.566406, -0.027344, -1.386719]","[0.819737, -0.419144, 0.273931]","[0.269999, -0.139999, -0.389452]","[0.858802, -0.401668, 0.271143]","[-0.021729, -0.047119, 0.129395]","[-0.022858, -0.012421, 0.064514, 0.997589]","[-0.018158, -0.011475, 0.019684, 0.999573]","[-0.046143, -0.233154, 0.079102]","[[0.991394, 0.129211, 0.021851], [-0.128113, 0.990662, -0.047302], [-0.027832, 0.044006, 0.998657]]",0,"[8119, 7743, 7800, 7748]"
40.614773,"[0.566406, -0.027344, -1.394531]","[0.845061, -0.430956, 0.281913]","[0.369999, -0.169998, -0.402342]","[0.870005, -0.404628, 0.273754]","[-0.022461, -0.047852, 0.129883]","[-0.023102, -0.012787, 0.064758, 0.997559]","[-0.017365, -0.008911, 0.019714, 0.999603]","[0.037842, -0.022461, -0.077637]","[[0.991272, 0.129700, 0.022461], [-0.128601, 0.990540, -0.047852], [-0.028564, 0.044434, 0.998596]]",0,"[8082, 7745, 7834, 7756]"
40.647976,"[0.589844, -0.039062, -1.398438]","[0.870711, -0.442850, 0.289970]","[0.299999, -0.150000, -0.388826]","[0.880936, -0.407362, 0.276241]","[-0.022705, -0.048096, 0.130371]","[-0.023285, -0.012909, 0.065002, 0.997528]","[-0.018799, -0.012909, 0.019623, 0.999542]","[0.003174, 0.141357, 0.017578]","[[0.991150, 0.130188, 0.022705], [-0.129089, 0.990417, -0.048218], [-0.028809, 0.044800, 0.998535]]",0,"[8078, 7745, 7811, 7746]"
40.681179,"[0.589844, -0.039062, -1.406250]","[0.905397, -0.458828, 0.300822]","[0.320000, -0.150000, -0.409883]","[0.895074, -0.410652, 0.279364]","[-0.023926, -0.048096, 0.131104]","[-0.023285, -0.013550, 0.065277, 0.997498]","[-0.020050, -0.014130, 0.019592, 0.999481]","[-0.033447, -0.088379, 0.077148]","[[0.991028, 0.130798, 0.023987], [-0.129578, 0.990356, -0.048279], [-0.030090, 0.044739, 0.998474]]",0,"[8088, 7742, 7841, 7757]"
40.714386,"[0.609375, -0.039062, -1.414062]","[0.931770, -0.470891, 0.309039]","[0.400000, -0.189999, -0.400864]","[0.905347, -0.412849, 0.281561]","[-0.025635, -0.048828, 0.131836]","[-0.023560, -0.014465, 0.065582, 0.997467]","[-0.019135, -0.011200, 0.019653, 0.999542]","[-0.054443, -0.174561, 0.013428]","[[0.990967, 0.131470, 0.025757], [-0.130127, 0.990234, -0.049011], [-0.031982, 0.045105, 0.998413]]",0,"[8063, 7753, 7856, 7750]"
40.749538,"[0.617188, -0.039062, -1.421875]","[0.967399, -0.487070, 0.320092]","[0.320000, -0.160000, -0.413336]","[0.918591, -0.415414, 0.284290]","[-0.026855, -0.050049, 0.132568]","[-0.024078, -0.015137, 0.065918, 0.997406]","[-0.021667, -0.016785, 0.019501, 0.999420]","[-0.013184, 0.150391, 0.042969]","[[0.990723, 0.132141, 0.026978], [-0.130798, 0.990051, -0.050049], [-0.033447, 0.046021, 0.998291]]",0,"[8125, 7743, 7815, 7731]"
40.782742,"[0.636719, -0.046875, -1.429688]","[0.994449, -0.499264, 0.328448]","[0.419998, -0.199999, -0.420610]","[0.928173, -0.417059, 0.286183]","[-0.027344, -0.050049, 0.133545]","[-0.024139, -0.015320, 0.066467, 0.997375]","[-0.020020, -0.013153, 0.019623, 0.999512]","[-0.049316, -0.098389, 0.112305]","[[0.990662, 0.133301, 0.027344], [-0.131836, 0.989929, -0.050232], [-0.033813, 0.046082, 0.998291]]",0,"[8023, 7701, 7854, 7750]"
40.817898,"[0.648438, -0.058594, -1.437500]","[1.030951, -0.515594, 0.339674]","[0.359999, -0.169998, -0.415155]","[0.940470, -0.418875, 0.288505]","[-0.028809, -0.051514, 0.134521]","[-0.024719, -0.016113, 0.066925, 0.997314]","[-0.022308, -0.017853, 0.019470, 0.999390]","[0.036377, -0.046875, -0.041992]","[[0.990479, 0.134277, 0.028809], [-0.132690, 0.989746, -0.051514], [-0.035522, 0.047119, 0.998169]]",0,"[8106, 7741, 7830, 7741]"
40.851101,"[0.667969, -0.066406, -1.445312]","[1.058631, -0.527882, 0.348149]","[0.459999, -0.219999, -0.434242]","[0.949329, -0.419957, 0.290092]","[-0.029541, -0.051758, 0.135498]","[-0.024872, -0.016510, 0.067413, 0.997284]","[-0.020416, -0.013977, 0.019592, 0.999481]","[-0.001953, 0.109375, 0.083496]","[[0.990356, 0.135254, 0.029602], [-0.133667, 0.989624, -0.051880], [-0.036316, 0.047363, 0.998169]]",0,"[8046, 7729, 7850, 7731]"
40.884304,"[0.679688, -0.066406, -1.449219]","[1.095942, -0.544309, 0.359520]","[0.389999, -0.189999, -0.411833]","[0.960647, -0.421013, 0.291998]","[-0.029785, -0.053467, 0.136963]","[-0.025635, -0.016724, 0.068024, 0.997223]","[-0.022949, -0.018829, 0.019440, 0.999359]","[-0.100342, 0.102539, 0.092041]","[[0.990173, 0.136475, 0.029846], [-0.134766, 0.989441, -0.053467], [-0.036926, 0.048828, 0.998108]]",0,"[8073, 7704, 7842, 7742]"
40.917503,"[0.687500, -0.078125, -1.457031]","[1.124204, -0.556651, 0.368093]","[0.409998, -0.189999, -0.405497]","[0.968762, -0.421520, 0.293272]","[-0.031250, -0.052979, 0.137939]","[-0.025360, -0.017426, 0.068512, 0.997192]","[-0.023315, -0.019806, 0.019409, 0.999329]","[0.042236, -0.318848, -0.034912]","[[0.990051, 0.137451, 0.031311], [-0.135742, 0.989319, -0.053040], [-0.038269, 0.048157, 0.998108]]",0,"[8026, 7710, 7908, 7779]"
