t,p,p_d,v,v_d,Angles,q,q_sp,w,R,T_sp,rpm
41.858833,"[0.089844, 0.187500, -1.281250]","[0.000000, 0.000000, -0.000000]","[-0.019999, 0.029999, 0.135242]","[0.000000, 0.000001, -0.000000]","[0.003662, -0.027100, 0.128418]","[-0.013641, 0.001038, 0.064331, 0.997833]","[-0.001587, 0.000000, 0.063049, 0.997986]","[0.168213, -0.002930, 0.100098]","[[0.991699, 0.128296, -0.003784], [-0.128418, 0.991333, -0.027161], [0.000244, 0.027405, 0.999573]]",0,"[8195, 7903, 7950, 7985]"
41.95454,"[0.089844, 0.187500, -1.281250]","[0.000001, 0.000008, -0.000000]","[-0.009998, 0.019999, 0.035208]","[0.000028, 0.000330, -0.000016]","[-0.024902, -0.022461, 0.142090]","[-0.010345, -0.013336, 0.070953, 0.997345]","[-0.001129, -0.000519, 0.063049, 0.997986]","[0.125732, -0.098633, 0.241211]","[[0.989563, 0.141724, 0.025085], [-0.141235, 0.989685, -0.022644], [-0.028137, 0.018738, 0.999390]]",0,"[8338, 8162, 7822, 7752]"
41.956493,"[0.089844, 0.187500, -1.285156]","[0.000001, 0.000012, -0.000001]","[-0.009998, 0.029999, 0.033163]","[0.000039, 0.000449, -0.000022]","[-0.025391, -0.022461, 0.142334]","[-0.010315, -0.013489, 0.071014, 0.997345]","[-0.001617, -0.000488, 0.063049, 0.997986]","[0.022461, -0.178467, 0.151367]","[[0.989563, 0.141846, 0.025391], [-0.141357, 0.989685, -0.022583], [-0.028442, 0.018677, 0.999451]]",0,"[8305, 8147, 7818, 7771]"
41.962349,"[0.089844, 0.187500, -1.285156]","[0.000001, 0.000012, -0.000001]","[0.000000, 0.029999, 0.023113]","[0.000039, 0.000449, -0.000022]","[-0.026123, -0.022461, 0.143066]","[-0.010284, -0.013947, 0.071411, 0.997314]","[-0.001587, 0.000000, 0.063049, 0.997986]","[0.041504, -0.062988, 0.245850]","[[0.989441, 0.142639, 0.026306], [-0.142151, 0.989624, -0.022583], [-0.029358, 0.018555, 0.999451]]",0,"[8281, 8142, 7823, 7755]"
42.106895,"[0.089844, 0.199219, -1.292969]","[0.000040, 0.000468, -0.000023]","[0.019999, 0.049999, -0.063913]","[0.000694, 0.008069, -0.000408]","[-0.041504, -0.022461, 0.167969]","[-0.009460, -0.021698, 0.083679, 0.996216]","[-0.003235, 0.001038, 0.063049, 0.997986]","[-0.311523, 0.020752, 0.196045]","[[0.984985, 0.167053, 0.041687], [-0.166321, 0.985779, -0.022522], [-0.044861, 0.015198, 0.998840]]",0,"[8220, 7934, 7737, 7610]"
42.108833,"[0.089844, 0.199219, -1.300781]","[0.000040, 0.000468, -0.000023]","[0.059999, 0.059999, -0.132830]","[0.000694, 0.008069, -0.000408]","[-0.042480, -0.022217, 0.167969]","[-0.009338, -0.022095, 0.083710, 0.996216]","[-0.003571, 0.003021, 0.063049, 0.997986]","[0.113525, -0.389160, 0.147949]","[[0.984985, 0.167114, 0.042480], [-0.166382, 0.985779, -0.022339], [-0.045654, 0.014893, 0.998840]]",0,"[8179, 7962, 7758, 7620]"
42.130322,"[0.097656, 0.207031, -1.300781]","[0.000056, 0.000647, -0.000033]","[0.070000, 0.059999, -0.175632]","[0.000893, 0.010375, -0.000526]","[-0.043457, -0.022217, 0.171387]","[-0.009216, -0.022583, 0.085388, 0.996063]","[-0.004028, 0.003906, 0.063080, 0.997986]","[-0.406250, 0.045654, 0.187988]","[[0.984375, 0.170410, 0.043457], [-0.169678, 0.985229, -0.022278], [-0.046631, 0.014465, 0.998779]]",0,"[8161, 7944, 7722, 7552]"
42.278759,"[0.097656, 0.207031, -1.324219]","[0.000402, 0.004656, -0.000239]","[0.089998, 0.059999, -0.204973]","[0.004052, 0.046872, -0.002429]","[-0.044922, -0.024414, 0.197266]","[-0.009979, -0.023651, 0.098236, 0.994843]","[-0.003815, 0.005005, 0.063080, 0.997986]","[0.284668, -0.285156, -0.004395]","[[0.979553, 0.195862, 0.045105], [-0.195007, 0.980469, -0.024597], [-0.049133, 0.015198, 0.998657]]",0,"[8096, 7719, 7643, 7486]"
42.280712,"[0.109375, 0.207031, -1.328125]","[0.000402, 0.004656, -0.000239]","[0.099998, 0.059999, -0.247902]","[0.004052, 0.046872, -0.002429]","[-0.043701, -0.024658, 0.197266]","[-0.010162, -0.022949, 0.098267, 0.994843]","[-0.003754, 0.006226, 0.063080, 0.997955]","[-0.143799, 0.643555, 0.129395]","[[0.979553, 0.195923, 0.043701], [-0.195068, 0.980408, -0.024780], [-0.047729, 0.015747, 0.998657]]",0,"[8115, 7719, 7645, 7490]"
42.282658,"[0.109375, 0.218750, -1.332031]","[0.000402, 0.004656, -0.000239]","[0.160000, 0.099998, -0.233578]","[0.004052, 0.046872, -0.002429]","[-0.042969, -0.025146, 0.197754]","[-0.010437, -0.022675, 0.098450, 0.994843]","[-0.006104, 0.009430, 0.063110, 0.997925]","[-0.241211, 0.260498, 0.196533]","[[0.979553, 0.196289, 0.043091], [-0.195435, 0.980347, -0.025330], [-0.047241, 0.016296, 0.998718]]",0,"[8081, 7703, 7650, 7483]"
42.298286,"[0.109375, 0.218750, -1.335938]","[0.000487, 0.005642, -0.000290]","[0.139999, 0.080000, -0.178057]","[0.004684, 0.054152, -0.002815]","[-0.042725, -0.024658, 0.199951]","[-0.010132, -0.022583, 0.099640, 0.994720]","[-0.005066, 0.008392, 0.063080, 0.997955]","[-0.260498, 0.377686, 0.194336]","[[0.979065, 0.198608, 0.042908], [-0.197754, 0.979858, -0.024719], [-0.047058, 0.015686, 0.998718]]",0,"[8083, 7727, 7656, 7442]"
42.42329,"[0.136719, 0.226562, -1.351562]","[0.001313, 0.015168, -0.000790]","[0.189999, 0.089998, -0.153898]","[0.009797, 0.112848, -0.005981]","[-0.035889, -0.025635, 0.218262]","[-0.010864, -0.019226, 0.108704, 0.993835]","[-0.005188, 0.012543, 0.063110, 0.997894]","[-0.028076, -0.061035, 0.152832]","[[0.975586, 0.216431, 0.035889], [-0.215698, 0.976135, -0.025818], [-0.040649, 0.017395, 0.999023]]",0,"[8087, 7673, 7708, 7501]"
42.433048,"[0.148438, 0.226562, -1.355469]","[0.001411, 0.016300, -0.000850]","[0.249998, 0.119999, -0.152731]","[0.010330, 0.118951, -0.006316]","[-0.035400, -0.026123, 0.219238]","[-0.011047, -0.019012, 0.109283, 0.993744]","[-0.006287, 0.016296, 0.063141, 0.997833]","[0.002686, -0.031982, 0.059082]","[[0.975220, 0.217529, 0.035400], [-0.216797, 0.975708, -0.026184], [-0.040283, 0.017761, 0.998901]]",0,"[8093, 7690, 7685, 7532]"
42.493603,"[0.148438, 0.238281, -1.363281]","[0.002256, 0.026021, -0.001370]","[0.209999, 0.099998, -0.116665]","[0.014537, 0.167010, -0.008978]","[-0.027832, -0.027100, 0.227539]","[-0.011932, -0.015472, 0.113403, 0.993347]","[-0.005432, 0.014282, 0.063110, 0.997864]","[-0.006348, -0.192627, 0.198730]","[[0.973694, 0.225647, 0.028015], [-0.224915, 0.973877, -0.027283], [-0.033508, 0.020203, 0.999146]]",0,"[8039, 7643, 7665, 7518]"
42.499454,"[0.156250, 0.238281, -1.367188]","[0.002256, 0.026021, -0.001370]","[0.259998, 0.119999, -0.095020]","[0.014537, 0.167010, -0.008978]","[-0.026855, -0.026855, 0.228027]","[-0.011841, -0.014893, 0.113647, 0.993347]","[-0.006104, 0.017120, 0.063141, 0.997833]","[-0.126953, 0.479248, 0.245850]","[[0.973694, 0.226074, 0.026855], [-0.225464, 0.973877, -0.026978], [-0.032349, 0.020142, 0.999268]]",0,"[8042, 7629, 7694, 7501]"
42.649857,"[0.187500, 0.250000, -1.382812]","[0.005463, 0.062747, -0.003378]","[0.309999, 0.139999, -0.050562]","[0.027186, 0.310485, -0.017226]","[-0.011475, -0.023682, 0.244141]","[-0.011047, -0.007202, 0.121826, 0.992462]","[-0.004486, 0.021667, 0.063110, 0.997742]","[-0.456299, 0.473389, 0.057129]","[[0.970093, 0.241882, 0.011597], [-0.241638, 0.969971, -0.023743], [-0.017090, 0.020203, 0.999573]]",0,"[8019, 7634, 7729, 7468]"
42.651802,"[0.199219, 0.257812, -1.386719]","[0.005463, 0.062747, -0.003378]","[0.259998, 0.119999, -0.055906]","[0.027186, 0.310485, -0.017226]","[-0.011719, -0.023926, 0.244141]","[-0.011139, -0.007263, 0.121826, 0.992462]","[-0.004089, 0.019928, 0.063110, 0.997772]","[-0.113037, -0.077637, 0.038330]","[[0.970154, 0.241882, 0.011719], [-0.241638, 0.969971, -0.023926], [-0.017212, 0.020386, 0.999573]]",0,"[7972, 7627, 7736, 7475]"
42.667423,"[0.207031, 0.257812, -1.386719]","[0.005733, 0.065826, -0.003549]","[0.339998, 0.139999, -0.100502]","[0.028106, 0.320856, -0.017839]","[-0.009766, -0.024170, 0.245850]","[-0.011353, -0.006317, 0.122650, 0.992371]","[-0.004578, 0.024231, 0.063110, 0.997681]","[-0.223145, 0.216309, 0.052246]","[[0.969788, 0.243530, 0.009766], [-0.243286, 0.969604, -0.024170], [-0.015381, 0.020996, 0.999573]]",0,"[8021, 7623, 7724, 7508]"
42.700626,"[0.218750, 0.269531, -1.394531]","[0.006904, 0.079192, -0.004295]","[0.279999, 0.119999, -0.129150]","[0.031923, 0.363841, -0.020406]","[-0.008301, -0.023438, 0.249023]","[-0.011108, -0.005676, 0.124146, 0.992188]","[-0.003357, 0.022095, 0.063080, 0.997742]","[0.035156, -0.309082, 0.078369]","[[0.969116, 0.246460, 0.008484], [-0.246216, 0.968933, -0.023560], [-0.014099, 0.020630, 0.999695]]",0,"[8092, 7658, 7688, 7446]"
42.735783,"[0.226562, 0.269531, -1.398438]","[0.007883, 0.090341, -0.004923]","[0.289999, 0.129999, -0.176399]","[0.034920, 0.397497, -0.022446]","[-0.003418, -0.023193, 0.252197]","[-0.011292, -0.003174, 0.125793, 0.992004]","[-0.002808, 0.023041, 0.063080, 0.997711]","[0.182129, 0.113037, 0.077881]","[[0.968384, 0.249634, 0.003479], [-0.249512, 0.968140, -0.023315], [-0.009216, 0.021606, 0.999756]]",0,"[8008, 7541, 7677, 7473]"
42.882278,"[0.250000, 0.269531, -1.406250]","[0.014172, 0.161668, -0.009029]","[0.339998, 0.160000, -0.110554]","[0.051263, 0.579540, -0.033956]","[0.007568, -0.016357, 0.261719]","[-0.008636, 0.002747, 0.130524, 0.991394]","[0.002167, 0.026764, 0.062927, 0.997650]","[0.040039, 0.213135, -0.003906]","[[0.965820, 0.258728, -0.007690], [-0.258850, 0.965698, -0.016479], [0.003174, 0.017822, 0.999756]]",0,"[7979, 7557, 7661, 7478]"
42.884228,"[0.269531, 0.296875, -1.410156]","[0.014679, 0.167397, -0.009365]","[0.289999, 0.129999, -0.111526]","[0.052414, 0.592253, -0.034793]","[0.008301, -0.016113, 0.261719]","[-0.008606, 0.003143, 0.130524, 0.991394]","[0.001831, 0.025421, 0.062958, 0.997681]","[0.064941, 0.330811, 0.033203]","[[0.965820, 0.258728, -0.008484], [-0.258850, 0.965698, -0.016296], [0.003967, 0.017883, 0.999756]]",0,"[7989, 7522, 7685, 7472]"
43.026833,"[0.296875, 0.308594, -1.421875]","[0.022960, 0.260617, -0.014955]","[0.339998, 0.160000, -0.259764]","[0.068791, 0.771571, -0.047179]","[0.015137, -0.007812, 0.267822]","[-0.004852, 0.007019, 0.133575, 0.990997]","[0.008057, 0.029083, 0.062744, 0.997559]","[0.230469, 0.288818, -0.103271]","[[0.964111, 0.264587, -0.015198], [-0.264832, 0.964172, -0.007812], [0.012512, 0.011475, 0.999756]]",0,"[7954, 7482, 7615, 7406]"
43.034615,"[0.328125, 0.316406, -1.425781]","[0.023638, 0.268217, -0.015420]","[0.289999, 0.139999, -0.295616]","[0.069963, 0.784267, -0.048103]","[0.015625, -0.007080, 0.268066]","[-0.004639, 0.007355, 0.133759, 0.990967]","[0.009125, 0.028503, 0.062714, 0.997559]","[0.245361, 0.345703, 0.067139]","[[0.963989, 0.264954, -0.015808], [-0.265198, 0.964050, -0.007263], [0.013245, 0.011169, 0.999756]]",0,"[7918, 7485, 7598, 7403]"
43.069771,"[0.339844, 0.316406, -1.425781]","[0.026462, 0.299837, -0.017372]","[0.279999, 0.139999, -0.132698]","[0.074617, 0.834500, -0.051833]","[0.016846, -0.004395, 0.269531]","[-0.003357, 0.008118, 0.134430, 0.990875]","[0.011322, 0.028625, 0.062653, 0.997559]","[-0.141113, 0.306396, 0.146973]","[[0.963623, 0.266296, -0.016968], [-0.266418, 0.963745, -0.004517], [0.015137, 0.008789, 0.999756]]",0,"[7911, 7423, 7582, 7428]"
43.10297,"[0.359375, 0.328125, -1.429688]","[0.028698, 0.324825, -0.018932]","[0.329998, 0.179998, -0.058825]","[0.078062, 0.871454, -0.054660]","[0.018066, 0.000244, 0.269775]","[-0.001038, 0.009033, 0.134521, 0.990875]","[0.011169, 0.032166, 0.062592, 0.997437]","[0.005371, 0.108887, 0.049561]","[[0.963623, 0.266479, -0.018188], [-0.266602, 0.963745, 0.000305], [0.017578, 0.004456, 0.999756]]",0,"[7922, 7576, 7661, 7366]"
43.233841,"[0.378906, 0.339844, -1.425781]","[0.039522, 0.445150, -0.026656]","[0.320000, 0.199999, -0.003922]","[0.092198, 1.020610, -0.067025]","[0.025879, 0.010010, 0.272705]","[0.003235, 0.013519, 0.135956, 0.990601]","[0.019745, 0.032257, 0.062347, 0.997314]","[0.544434, -0.349609, 0.112305]","[[0.962524, 0.269409, -0.025879], [-0.269287, 0.962830, 0.010071], [0.027588, -0.002747, 0.999451]]",0,"[8015, 7557, 7738, 7470]"
43.23579,"[0.378906, 0.347656, -1.421875]","[0.040428, 0.455169, -0.027315]","[0.259998, 0.160000, 0.042324]","[0.093213, 1.031130, -0.067973]","[0.026855, 0.010010, 0.272949]","[0.003235, 0.014069, 0.135986, 0.990601]","[0.021149, 0.029236, 0.062378, 0.997375]","[0.042725, 0.531982, 0.019287]","[[0.962524, 0.269470, -0.026978], [-0.269348, 0.962891, 0.010193], [0.028687, -0.002625, 0.999451]]",0,"[7984, 7585, 7739, 7452]"
43.237736,"[0.386719, 0.347656, -1.421875]","[0.040428, 0.455169, -0.027315]","[0.249998, 0.179998, 0.053322]","[0.093213, 1.031130, -0.067973]","[0.027832, 0.009766, 0.272705]","[0.002960, 0.014496, 0.135956, 0.990601]","[0.020538, 0.029388, 0.062378, 0.997406]","[-0.175781, 0.361572, -0.064453]","[[0.962524, 0.269409, -0.027893], [-0.269287, 0.962891, 0.009766], [0.029480, -0.001953, 0.999451]]",0,"[7983, 7587, 7753, 7452]"
43.292427,"[0.398438, 0.359375, -1.421875]","[0.045100, 0.506761, -0.030749]","[0.309999, 0.219999, 0.122828]","[0.098090, 1.081214, -0.072679]","[0.028076, 0.011963, 0.273193]","[0.004089, 0.014801, 0.136200, 0.990540]","[0.022797, 0.032562, 0.062225, 0.997253]","[-0.050293, 0.267578, -0.035156]","[[0.962280, 0.269836, -0.028198], [-0.269714, 0.962708, 0.012085], [0.030396, -0.004028, 0.999329]]",0,"[8094, 7524, 7695, 7579]"
43.30415,"[0.406250, 0.359375, -1.417969]","[0.047033, 0.528059, -0.032187]","[0.240000, 0.179998, 0.127052]","[0.099939, 1.099975, -0.074541]","[0.027588, 0.012939, 0.273193]","[0.004669, 0.014557, 0.136169, 0.990570]","[0.025421, 0.029449, 0.062256, 0.997284]","[0.245361, -0.258545, -0.013428]","[[0.962402, 0.269836, -0.027588], [-0.269592, 0.962769, 0.013123], [0.030029, -0.005310, 0.999451]]",0,"[8104, 7564, 7697, 7564]"
43.339298,"[0.417969, 0.367188, -1.417969]","[0.050001, 0.560680, -0.034411]","[0.279999, 0.240000, 0.062847]","[0.102597, 1.126661, -0.077306]","[0.027588, 0.018066, 0.273438]","[0.007141, 0.014893, 0.136200, 0.990540]","[0.025604, 0.032257, 0.062164, 0.997192]","[0.014404, 0.230225, -0.017822]","[[0.962341, 0.269958, -0.027588], [-0.269592, 0.962708, 0.018127], [0.031372, -0.010071, 0.999329]]",0,"[8067, 7624, 7708, 7521]"
43.372501,"[0.417969, 0.378906, -1.417969]","[0.054074, 0.605339, -0.037502]","[0.219999, 0.209999, 0.078815]","[0.105902, 1.159330, -0.080929]","[0.027832, 0.021240, 0.273682]","[0.008698, 0.015320, 0.136322, 0.990509]","[0.028931, 0.028870, 0.062164, 0.997223]","[-0.219482, 0.345215, -0.024170]","[[0.962280, 0.270264, -0.028015], [-0.269775, 0.962585, 0.021362], [0.032654, -0.013062, 0.999268]]",0,"[8034, 7591, 7666, 7500]"
43.538521,"[0.457031, 0.429688, -1.410156]","[0.072614, 0.806834, -0.052149]","[0.179998, 0.269999, 0.116837]","[0.116438, 1.256030, -0.095153]","[0.021973, 0.041504, 0.276123]","[0.019135, 0.013763, 0.137512, 0.990234]","[0.039154, 0.028107, 0.061920, 0.996887]","[0.103516, -0.083984, 0.089600]","[[0.961792, 0.272766, -0.021973], [-0.271790, 0.961487, 0.041626], [0.032471, -0.034058, 0.998901]]",0,"[8099, 7581, 7655, 7499]"
43.571724,"[0.468750, 0.437500, -1.406250]","[0.076043, 0.843764, -0.054969]","[0.169998, 0.289999, 0.106720]","[0.117636, 1.265321, -0.097408]","[0.020996, 0.045410, 0.276855]","[0.021149, 0.013580, 0.137726, 0.990143]","[0.040985, 0.028381, 0.061890, 0.996826]","[0.168457, -0.055908, -0.081543]","[[0.961609, 0.273254, -0.021057], [-0.272156, 0.961121, 0.045593], [0.032654, -0.038147, 0.998657]]",0,"[8073, 7589, 7712, 7522]"
43.604927,"[0.476562, 0.449219, -1.406250]","[0.079504, 0.880940, -0.057855]","[0.189999, 0.359999, 0.103374]","[0.118618, 1.272132, -0.099571]","[0.020264, 0.048340, 0.276855]","[0.022583, 0.013458, 0.137817, 0.990082]","[0.040466, 0.029633, 0.061829, 0.996796]","[0.167480, 0.004150, -0.092285]","[[0.961487, 0.273438, -0.020447], [-0.272339, 0.960815, 0.048340], [0.032776, -0.041016, 0.998474]]",0,"[8100, 7565, 7685, 7529]"
43.638134,"[0.476562, 0.457031, -1.406250]","[0.084158, 0.930752, -0.061798]","[0.150000, 0.320000, 0.085423]","[0.119585, 1.277288, -0.102303]","[0.020264, 0.050537, 0.277344]","[0.023682, 0.013580, 0.138062, 0.990051]","[0.044952, 0.027283, 0.061829, 0.996674]","[-0.055176, 0.391357, 0.051270]","[[0.961487, 0.273926, -0.020325], [-0.272705, 0.960754, 0.050598], [0.033386, -0.043152, 0.998474]]",0,"[8100, 7604, 7699, 7523]"
43.671329,"[0.488281, 0.468750, -1.406250]","[0.087669, 0.968192, -0.064824]","[0.150000, 0.339998, 0.054983]","[0.120046, 1.278161, -0.104229]","[0.019775, 0.052002, 0.277588]","[0.024445, 0.013458, 0.138184, 0.990021]","[0.046570, 0.027771, 0.061768, 0.996613]","[0.020020, 0.178711, 0.102295]","[[0.961426, 0.274170, -0.019897], [-0.272949, 0.960571, 0.052063], [0.033325, -0.044739, 0.998413]]",0,"[8091, 7512, 7667, 7595]"
43.706493,"[0.488281, 0.488281, -1.398438]","[0.092364, 1.018080, -0.068943]","[0.160000, 0.439999, 0.051344]","[0.120302, 1.275294, -0.106625]","[0.017090, 0.055908, 0.277832]","[0.026581, 0.012390, 0.138214, 0.989960]","[0.044281, 0.028290, 0.061798, 0.996674]","[0.181396, -0.066895, -0.042236]","[[0.961426, 0.274231, -0.017151], [-0.273010, 0.960327, 0.056030], [0.031799, -0.049194, 0.998169]]",0,"[8092, 7569, 7678, 7507]"
43.739689,"[0.500000, 0.500000, -1.398438]","[0.095888, 1.055373, -0.072091]","[0.109999, 0.389999, 0.119709]","[0.120221, 1.270117, -0.108286]","[0.016602, 0.058350, 0.277588]","[0.027832, 0.012329, 0.138062, 0.989929]","[0.048920, 0.026154, 0.061798, 0.996521]","[0.120117, 0.284912, -0.103271]","[[0.961426, 0.273987, -0.016724], [-0.272644, 0.960144, 0.058411], [0.031982, -0.051697, 0.997986]]",0,"[8092, 7560, 7673, 7490]"
43.772896,"[0.507812, 0.519531, -1.394531]","[0.100576, 1.104786, -0.076361]","[0.129999, 0.480000, 0.104864]","[0.119743, 1.259135, -0.110308]","[0.017090, 0.059082, 0.277588]","[0.028168, 0.012604, 0.138123, 0.989929]","[0.046692, 0.027527, 0.061768, 0.996613]","[-0.088379, 0.475098, 0.059082]","[[0.961426, 0.274109, -0.017151], [-0.272766, 0.960205, 0.059204], [0.032654, -0.052246, 0.998047]]",0,"[8129, 7551, 7692, 7548]"
43.806095,"[0.507812, 0.527344, -1.394531]","[0.104075, 1.141514, -0.079613]","[0.109999, 0.429998, 0.090229]","[0.119106, 1.247867, -0.111674]","[0.016602, 0.061279, 0.278076]","[0.029236, 0.012543, 0.138275, 0.989868]","[0.051727, 0.026001, 0.061737, 0.996399]","[0.051025, 0.007324, 0.046387]","[[0.961365, 0.274475, -0.016724], [-0.273010, 0.959961, 0.061279], [0.032837, -0.054443, 0.997864]]",0,"[8088, 7554, 7678, 7569]"
43.839302,"[0.507812, 0.546875, -1.394531]","[0.107552, 1.177872, -0.082903]","[0.089998, 0.449999, 0.013893]","[0.118228, 1.233979, -0.112907]","[0.014404, 0.063232, 0.277588]","[0.030396, 0.011505, 0.138123, 0.989868]","[0.052521, 0.025208, 0.061768, 0.996368]","[0.000244, -0.479980, 0.031982]","[[0.961487, 0.274109, -0.014404], [-0.272766, 0.959900, 0.063293], [0.031128, -0.056946, 0.997803]]",0,"[8077, 7535, 7659, 7546]"
43.872505,"[0.507812, 0.566406, -1.390625]","[0.112142, 1.225654, -0.087342]","[0.099998, 0.569998, 0.044210]","[0.116681, 1.211454, -0.114334]","[0.011475, 0.065430, 0.277588]","[0.031738, 0.010223, 0.138184, 0.989838]","[0.048645, 0.025696, 0.061829, 0.996552]","[0.196289, -0.318604, 0.035156]","[[0.961548, 0.274109, -0.011475], [-0.272888, 0.959717, 0.065613], [0.028931, -0.059998, 0.997681]]",0,"[8052, 7507, 7624, 7508]"
43.911568,"[0.519531, 0.578125, -1.390625]","[0.116663, 1.272464, -0.091833]","[0.080000, 0.489998, 0.022181]","[0.114702, 1.184378, -0.115503]","[0.008789, 0.067139, 0.277344]","[0.032715, 0.009033, 0.138153, 0.989807]","[0.055054, 0.024933, 0.061737, 0.996246]","[0.013672, -0.465576, 0.007812]","[[0.961548, 0.273987, -0.008789], [-0.272888, 0.959534, 0.067200], [0.026855, -0.062317, 0.997559]]",0,"[8061, 7558, 7627, 7450]"
43.944771,"[0.519531, 0.597656, -1.390625]","[0.119998, 1.306825, -0.095227]","[0.089998, 0.629999, 0.043306]","[0.112937, 1.161145, -0.116205]","[0.008789, 0.066406, 0.277344]","[0.032318, 0.008972, 0.138092, 0.989868]","[0.049988, 0.025604, 0.061798, 0.996490]","[0.152588, -0.245361, 0.009521]","[[0.961731, 0.273926, -0.008850], [-0.272827, 0.959778, 0.066406], [0.026672, -0.061523, 0.997742]]",0,"[8121, 7461, 7581, 7554]"
43.974072,"[0.519531, 0.617188, -1.386719]","[0.123278, 1.340472, -0.098640]","[0.059999, 0.529999, 0.077084]","[0.110928, 1.135399, -0.116752]","[0.008789, 0.068604, 0.277588]","[0.033478, 0.009216, 0.138153, 0.989807]","[0.055969, 0.023651, 0.061798, 0.996216]","[-0.009277, -0.065430, 0.067139]","[[0.961609, 0.274048, -0.008972], [-0.272827, 0.959534, 0.068726], [0.027405, -0.063721, 0.997559]]",0,"[8066, 7527, 7638, 7495]"
44.007275,"[0.519531, 0.636719, -1.386719]","[0.127553, 1.384101, -0.103211]","[0.059999, 0.559999, 0.052824]","[0.107878, 1.097283, -0.117232]","[0.007812, 0.069092, 0.277832]","[0.033752, 0.008636, 0.138336, 0.989777]","[0.055969, 0.023529, 0.061798, 0.996216]","[-0.151123, -0.346436, 0.093262]","[[0.961548, 0.274353, -0.007812], [-0.273254, 0.959412, 0.069153], [0.026367, -0.064392, 0.997559]]",0,"[8122, 7531, 7648, 7568]"
44.040474,"[0.527344, 0.656250, -1.386719]","[0.130676, 1.415782, -0.106648]","[0.070000, 0.719999, 0.043631]","[0.105311, 1.065911, -0.117399]","[0.007568, 0.070557, 0.277832]","[0.034454, 0.008667, 0.138397, 0.989746]","[0.049561, 0.024658, 0.061859, 0.996521]","[0.055176, -0.065430, 0.095947]","[[0.961487, 0.274475, -0.007629], [-0.273376, 0.959290, 0.070557], [0.026672, -0.065796, 0.997437]]",0,"[8131, 7506, 7633, 7593]"
44.075626,"[0.519531, 0.679688, -1.378906]","[0.134717, 1.456548, -0.111234]","[0.039999, 0.619999, 0.084064]","[0.101519, 1.020390, -0.117359]","[0.006104, 0.072021, 0.278076]","[0.035278, 0.008118, 0.138489, 0.989685]","[0.055634, 0.022308, 0.061859, 0.996277]","[-0.070801, 0.293457, -0.003906]","[[0.961365, 0.274658, -0.006287], [-0.273560, 0.959045, 0.072021], [0.025818, -0.067627, 0.997253]]",0,"[8120, 7543, 7647, 7509]"
44.108833,"[0.527344, 0.707031, -1.375000]","[0.137646, 1.485910, -0.114669]","[0.019999, 0.779999, 0.099710]","[0.098399, 0.983603, -0.117125]","[0.006348, 0.070557, 0.278564]","[0.034515, 0.008057, 0.138733, 0.989685]","[0.048431, 0.022400, 0.062012, 0.996643]","[-0.122314, 0.097168, 0.114990]","[[0.961304, 0.275146, -0.006409], [-0.274048, 0.959045, 0.070496], [0.025452, -0.066101, 0.997375]]",0,"[8144, 7486, 7627, 7623]"
44.142036,"[0.527344, 0.726562, -1.371094]","[0.140481, 1.514168, -0.118096]","[0.019999, 0.659998, 0.103418]","[0.095047, 0.944571, -0.116712]","[0.006348, 0.072510, 0.279053]","[0.035553, 0.008240, 0.138916, 0.989624]","[0.055145, 0.021973, 0.061890, 0.996307]","[0.082275, -0.013672, 0.072021]","[[0.961182, 0.275452, -0.006470], [-0.274353, 0.958801, 0.072571], [0.026123, -0.068054, 0.997253]]",0,"[8058, 7538, 7682, 7569]"
44.17524,"[0.527344, 0.769531, -1.367188]","[0.144100, 1.549980, -0.122638]","[0.019999, 0.689999, 0.130318]","[0.090225, 0.889170, -0.115878]","[0.005859, 0.072021, 0.279053]","[0.035278, 0.007996, 0.138977, 0.989624]","[0.053070, 0.022125, 0.061920, 0.996399]","[-0.056885, -0.286865, -0.036865]","[[0.961121, 0.275574, -0.006042], [-0.274475, 0.958801, 0.072021], [0.025574, -0.067627, 0.997253]]",0,"[8129, 7521, 7698, 7627]"
44.208443,"[0.527344, 0.789062, -1.367188]","[0.146687, 1.575396, -0.126022]","[0.029999, 0.849998, 0.126902]","[0.086338, 0.845121, -0.115030]","[0.005615, 0.072510, 0.279053]","[0.035614, 0.007843, 0.138977, 0.989624]","[0.046143, 0.022919, 0.062012, 0.996735]","[0.078125, -0.037842, -0.095459]","[[0.961182, 0.275574, -0.005615], [-0.274475, 0.958801, 0.072571], [0.025391, -0.068298, 0.997253]]",0,"[8158, 7548, 7698, 7624]"
44.241646,"[0.527344, 0.816406, -1.363281]","[0.149953, 1.607208, -0.130489]","[0.019999, 0.739998, 0.133293]","[0.080806, 0.783178, -0.113601]","[0.006104, 0.072021, 0.279297]","[0.035339, 0.008148, 0.139038, 0.989624]","[0.051605, 0.021942, 0.061981, 0.996490]","[-0.083496, 0.130127, 0.005615]","[[0.961121, 0.275696, -0.006287], [-0.274597, 0.958801, 0.072144], [0.025940, -0.067627, 0.997314]]",0,"[8127, 7581, 7742, 7580]"
44.276798,"[0.527344, 0.847656, -1.355469]","[0.152255, 1.629444, -0.133798]","[0.000000, 0.929998, 0.182922]","[0.076402, 0.734461, -0.112300]","[0.006104, 0.069824, 0.279053]","[0.034271, 0.007965, 0.138977, 0.989685]","[0.041931, 0.021576, 0.062164, 0.996948]","[0.043945, -0.079834, 0.031006]","[[0.961243, 0.275574, -0.006226], [-0.274597, 0.959045, 0.070007], [0.025269, -0.065613, 0.997498]]",0,"[8201, 7543, 7671, 7687]"
44.310009,"[0.539062, 0.878906, -1.351562]","[0.155122, 1.656831, -0.138148]","[-0.009998, 0.799999, 0.263958]","[0.070190, 0.666502, -0.110250]","[0.006592, 0.068359, 0.278809]","[0.033478, 0.008026, 0.138794, 0.989716]","[0.047546, 0.021484, 0.062073, 0.996704]","[-0.340576, 0.108398, -0.044922]","[[0.961243, 0.275208, -0.006592], [-0.274231, 0.959167, 0.068420], [0.025146, -0.064026, 0.997559]]",0,"[8167, 7612, 7768, 7659]"
44.343208,"[0.527344, 0.906250, -1.347656]","[0.157106, 1.675580, -0.141350]","[-0.029999, 0.979998, 0.334116]","[0.065288, 0.613434, -0.108473]","[0.007324, 0.064941, 0.278320]","[0.031769, 0.008209, 0.138550, 0.989807]","[0.038422, 0.020325, 0.062286, 0.997101]","[-0.149902, 0.030029, -0.025146]","[[0.961426, 0.274719, -0.007446], [-0.273743, 0.959534, 0.065125], [0.025024, -0.060608, 0.997803]]",0,"[8243, 7595, 7768, 7761]"
44.378361,"[0.527344, 0.937500, -1.339844]","[0.159523, 1.698108, -0.145536]","[-0.019999, 0.839998, 0.292450]","[0.058425, 0.539925, -0.105776]","[0.007080, 0.062500, 0.277832]","[0.030609, 0.007904, 0.138397, 0.989868]","[0.044067, 0.020477, 0.062195, 0.996857]","[0.009521, 0.479736, -0.060791]","[[0.961487, 0.274414, -0.007202], [-0.273560, 0.959778, 0.062683], [0.024048, -0.058411, 0.997925]]",0,"[8259, 7645, 7819, 7755]"
44.411564,"[0.527344, 0.968750, -1.335938]","[0.161157, 1.713096, -0.148602]","[-0.029999, 0.859999, 0.290136]","[0.053045, 0.482914, -0.103507]","[0.007812, 0.057617, 0.277344]","[0.028046, 0.007904, 0.138184, 0.989990]","[0.042206, 0.020081, 0.062225, 0.996948]","[-0.661865, 0.196045, -0.017822]","[[0.961670, 0.273987, -0.007935], [-0.273132, 0.960266, 0.057617], [0.023315, -0.053345, 0.998291]]",0,"[8309, 7624, 7791, 7802]"
44.444767,"[0.527344, 1.000000, -1.332031]","[0.162630, 1.726385, -0.151599]","[-0.039999, 1.059998, 0.198769]","[0.047466, 0.424267, -0.101018]","[0.006592, 0.056152, 0.276367]","[0.027466, 0.007233, 0.137665, 0.990082]","[0.031219, 0.020416, 0.062408, 0.997345]","[0.226562, -0.531006, -0.063477]","[[0.961975, 0.272949, -0.006775], [-0.272217, 0.960571, 0.056335], [0.021790, -0.052429, 0.998413]]",0,"[8262, 7631, 7772, 7804]"
44.47797,"[0.519531, 1.027344, -1.328125]","[0.164334, 1.741414, -0.155475]","[-0.049999, 0.909998, 0.209652]","[0.039732, 0.343845, -0.097360]","[0.006348, 0.053467, 0.275391]","[0.026184, 0.006836, 0.137238, 0.990173]","[0.037018, 0.019073, 0.062347, 0.997162]","[0.176758, -0.363281, 0.059082]","[[0.962219, 0.272034, -0.006348], [-0.271423, 0.960938, 0.053650], [0.020630, -0.049988, 0.998535]]",0,"[8215, 7683, 7811, 7717]"
44.526802,"[0.527344, 1.066406, -1.324219]","[0.166028, 1.755661, -0.160106]","[-0.070000, 1.109999, 0.280731]","[0.029613, 0.239937, -0.092232]","[0.009277, 0.043213, 0.273926]","[0.020844, 0.007599, 0.136444, 0.990387]","[0.025299, 0.019440, 0.062561, 0.997528]","[-0.216309, 0.434082, -0.007568]","[[0.962585, 0.270569, -0.009338], [-0.269958, 0.961792, 0.043274], [0.020691, -0.039246, 0.998962]]",0,"[8350, 7539, 7720, 7884]"
44.546329,"[0.527344, 1.097656, -1.324219]","[0.166566, 1.759922, -0.161885]","[-0.070000, 0.949999, 0.273582]","[0.025436, 0.197433, -0.090006]","[0.008545, 0.044189, 0.273438]","[0.021362, 0.007324, 0.136200, 0.990448]","[0.031036, 0.019196, 0.062469, 0.997375]","[0.146973, -0.537354, -0.056641]","[[0.962769, 0.270081, -0.008667], [-0.269470, 0.961975, 0.044250], [0.020264, -0.040344, 0.998962]]",0,"[8224, 7647, 7784, 7823]"
44.579533,"[0.519531, 1.128906, -1.320312]","[0.167217, 1.764782, -0.164471]","[-0.059999, 0.959999, 0.239603]","[0.019032, 0.132782, -0.086481]","[0.008545, 0.040283, 0.271973]","[0.019470, 0.007019, 0.135468, 0.990570]","[0.028473, 0.019348, 0.062500, 0.997437]","[-0.210938, 0.083984, -0.139648]","[[0.963135, 0.268616, -0.008606], [-0.268127, 0.962463, 0.040405], [0.019104, -0.036621, 0.999084]]",0,"[8279, 7665, 7811, 7780]"
44.716259,"[0.519531, 1.207031, -1.312500]","[0.167676, 1.761795, -0.175024]","[-0.080000, 0.989998, 0.141397]","[-0.012678, -0.178930, -0.067081]","[0.012451, 0.018311, 0.262451]","[0.008331, 0.007446, 0.130859, 0.991364]","[0.007568, 0.021271, 0.062866, 0.997742]","[-0.053955, -0.010010, -0.073486]","[[0.965698, 0.259521, -0.012573], [-0.259277, 0.965637, 0.018372], [0.016846, -0.014587, 0.999817]]",0,"[8263, 7579, 7639, 7816]"
44.718204,"[0.507812, 1.277344, -1.316406]","[0.167676, 1.761795, -0.175024]","[-0.089998, 0.999998, 0.122908]","[-0.012678, -0.178930, -0.067081]","[0.012451, 0.017822, 0.262451]","[0.008087, 0.007385, 0.130890, 0.991364]","[0.002625, 0.020477, 0.062958, 0.997772]","[-0.358887, 0.132812, -0.096436]","[[0.965698, 0.259521, -0.012512], [-0.259399, 0.965637, 0.017883], [0.016663, -0.014099, 0.999817]]",0,"[8255, 7585, 7639, 7817]"
44.874462,"[0.507812, 1.359375, -1.316406]","[0.162698, 1.705502, -0.183399]","[-0.109999, 1.229998, 0.018545]","[-0.051337, -0.540978, -0.039093]","[0.016602, -0.013428, 0.247314]","[-0.007690, 0.007446, 0.123444, 0.992310]","[-0.020721, 0.022095, 0.063477, 0.997498]","[-0.036133, 0.214844, -0.151855]","[[0.969360, 0.244812, -0.016724], [-0.245056, 0.969360, -0.013489], [0.012817, 0.017151, 0.999756]]",0,"[8167, 7567, 7628, 7763]"
44.876408,"[0.488281, 1.429688, -1.316406]","[0.162185, 1.700112, -0.183771]","[-0.119999, 1.229998, 0.023710]","[-0.053799, -0.563344, -0.037144]","[0.017090, -0.014404, 0.247314]","[-0.008270, 0.007599, 0.123505, 0.992279]","[-0.025085, 0.020782, 0.063538, 0.997437]","[-0.260986, -0.233643, -0.022461]","[[0.969299, 0.244873, -0.017151], [-0.245239, 0.969238, -0.014587], [0.013000, 0.018250, 0.999634]]",0,"[8113, 7570, 7634, 7787]"
44.880318,"[0.488281, 1.468750, -1.316406]","[0.162185, 1.700112, -0.183771]","[-0.099998, 1.009998, 0.026512]","[-0.053799, -0.563344, -0.037144]","[0.016602, -0.014648, 0.247070]","[-0.008331, 0.007416, 0.123322, 0.992279]","[-0.016846, 0.021240, 0.063385, 0.997620]","[-0.081055, 0.301514, -0.173584]","[[0.969299, 0.244507, -0.016785], [-0.244873, 0.969238, -0.014771], [0.012634, 0.018311, 0.999573]]",0,"[8156, 7588, 7635, 7794]"
44.915474,"[0.476562, 1.507812, -1.316406]","[0.159889, 1.676355, -0.185067]","[-0.129999, 1.229998, 0.039961]","[-0.063680, -0.652243, -0.029110]","[0.017334, -0.022949, 0.243652]","[-0.012421, 0.007233, 0.121674, 0.992462]","[-0.032196, 0.020264, 0.063690, 0.997223]","[-0.378418, -0.275635, -0.040527]","[[0.970215, 0.241272, -0.017395], [-0.241638, 0.969971, -0.022949], [0.011292, 0.026367, 0.999512]]",0,"[8120, 7655, 7673, 7728]"
45.026798,"[0.476562, 1.617188, -1.308594]","[0.151590, 1.593468, -0.186932]","[-0.129999, 1.199999, 0.020338]","[-0.090835, -0.889190, -0.005172]","[0.022217, -0.059814, 0.232178]","[-0.031036, 0.007568, 0.116211, 0.992706]","[-0.046631, 0.022064, 0.064087, 0.996582]","[-0.432617, 0.167969, -0.146973]","[[0.972778, 0.230225, -0.022278], [-0.231201, 0.970947, -0.059937], [0.007751, 0.063354, 0.997864]]",0,"[8195, 7669, 7632, 7799]"
45.04829,"[0.476562, 1.648438, -1.308594]","[0.149767, 1.575687, -0.186988]","[-0.109999, 0.979998, -0.021610]","[-0.095742, -0.930802, -0.000532]","[0.023193, -0.065430, 0.230469]","[-0.033844, 0.007751, 0.115356, 0.992706]","[-0.039978, 0.022858, 0.063965, 0.996887]","[-0.338379, 0.335693, -0.124756]","[[0.973145, 0.228455, -0.023193], [-0.229553, 0.970947, -0.065430], [0.007568, 0.068970, 0.997498]]",0,"[8172, 7689, 7636, 7792]"
45.167431,"[0.476562, 1.679688, -1.308594]","[0.136844, 1.452502, -0.185346]","[-0.109999, 0.959999, 0.012869]","[-0.124638, -1.167662, 0.029042]","[0.027832, -0.090576, 0.217773]","[-0.046570, 0.009003, 0.109222, 0.992889]","[-0.053375, 0.025330, 0.064423, 0.996155]","[-0.329346, -0.004150, -0.109131]","[[0.975952, 0.216003, -0.028015], [-0.217712, 0.971741, -0.090576], [0.007629, 0.094482, 0.995422]]",0,"[8211, 7752, 7679, 7835]"
45.169376,"[0.468750, 1.750000, -1.304688]","[0.135615, 1.441007, -0.185050]","[-0.099998, 0.919998, 0.013645]","[-0.126989, -1.186281, 0.031636]","[0.027588, -0.090576, 0.217773]","[-0.046570, 0.008850, 0.109222, 0.992889]","[-0.055664, 0.025482, 0.064484, 0.996033]","[-0.017822, -0.118164, -0.068359]","[[0.975952, 0.216003, -0.027710], [-0.217712, 0.971741, -0.090637], [0.007324, 0.094421, 0.995422]]",0,"[8214, 7733, 7663, 7859]"
45.183048,"[0.457031, 1.789062, -1.304688]","[0.134364, 1.429337, -0.184728]","[-0.119999, 1.069998, 0.028786]","[-0.129329, -1.204702, 0.034249]","[0.028564, -0.094482, 0.216064]","[-0.048492, 0.009094, 0.108490, 0.992889]","[-0.066925, 0.024750, 0.064789, 0.995331]","[-0.272461, -0.112793, -0.113037]","[[0.976318, 0.214478, -0.028564], [-0.216309, 0.971741, -0.094360], [0.007446, 0.098267, 0.995117]]",0,"[8208, 7736, 7675, 7884]"
45.220161,"[0.457031, 1.816406, -1.304688]","[0.129131, 1.380862, -0.183183]","[-0.099998, 0.859999, 0.014606]","[-0.138575, -1.276435, 0.044894]","[0.030762, -0.102783, 0.211914]","[-0.052765, 0.009827, 0.106506, 0.992859]","[-0.062836, 0.025940, 0.064728, 0.995575]","[-0.498047, -0.033936, -0.108154]","[[0.977051, 0.210449, -0.030762], [-0.212524, 0.971680, -0.102722], [0.008179, 0.106873, 0.994141]]",0,"[8128, 7824, 7743, 7820]"
45.257267,"[0.457031, 1.839844, -1.304688]","[0.123540, 1.329655, -0.181217]","[-0.089998, 0.829998, -0.001801]","[-0.147609, -1.344800, 0.055831]","[0.032959, -0.115723, 0.208252]","[-0.059296, 0.010406, 0.104858, 0.992676]","[-0.067383, 0.027374, 0.064941, 0.995209]","[-0.558594, 0.242920, -0.063965]","[[0.977783, 0.206848, -0.033081], [-0.209412, 0.970947, -0.115601], [0.008179, 0.119873, 0.992737]]",0,"[8285, 7731, 7634, 7921]"
45.411572,"[0.449219, 1.898438, -1.308594]","[0.099561, 1.115686, -0.169905]","[-0.080000, 0.769999, -0.039551]","[-0.179106, -1.567360, 0.099217]","[0.040527, -0.145752, 0.196289]","[-0.074432, 0.013092, 0.099213, 0.992188]","[-0.088928, 0.031189, 0.065979, 0.993347]","[-0.361816, 0.467529, 0.061279]","[[0.979919, 0.194885, -0.040710], [-0.198792, 0.969177, -0.145142], [0.011169, 0.150269, 0.988525]]",0,"[8250, 7848, 7729, 7906]"
45.413525,"[0.437500, 1.957031, -1.304688]","[0.097802, 1.100311, -0.168921]","[-0.089998, 0.699999, -0.087658]","[-0.181048, -1.580132, 0.102231]","[0.039551, -0.146240, 0.196289]","[-0.074646, 0.012573, 0.099274, 0.992157]","[-0.089355, 0.030090, 0.065887, 0.993347]","[-0.091553, -0.442139, -0.130615]","[[0.979858, 0.195068, -0.039734], [-0.198853, 0.969055, -0.145691], [0.010071, 0.150574, 0.988403]]",0,"[8259, 7844, 7722, 7921]"
45.419392,"[0.437500, 1.976562, -1.304688]","[0.097802, 1.100311, -0.168921]","[-0.099998, 0.779999, -0.101501]","[-0.181048, -1.580132, 0.102231]","[0.041016, -0.147461, 0.195801]","[-0.075348, 0.013184, 0.099060, 0.992126]","[-0.095184, 0.030151, 0.066101, 0.992798]","[-0.215332, -0.141602, -0.051270]","[[0.979980, 0.194519, -0.041077], [-0.198547, 0.968933, -0.146973], [0.011169, 0.152100, 0.988220]]",0,"[8223, 7825, 7749, 7928]"
45.452583,"[0.437500, 2.000000, -1.308594]","[0.090582, 1.037636, -0.164690]","[-0.080000, 0.599998, -0.098759]","[-0.188587, -1.628406, 0.114420]","[0.042480, -0.153809, 0.194092]","[-0.078491, 0.013733, 0.098236, 0.991943]","[-0.092651, 0.031555, 0.066132, 0.992981]","[-0.091553, -0.010010, -0.104004]","[[0.980164, 0.192688, -0.042664], [-0.197083, 0.968262, -0.153076], [0.011780, 0.158447, 0.987183]]",0,"[8205, 7906, 7761, 7851]"
45.485783,"[0.429688, 2.019531, -1.308594]","[0.084977, 0.989430, -0.161202]","[-0.070000, 0.559999, -0.096144]","[-0.193991, -1.661618, 0.123699]","[0.045166, -0.165039, 0.192627]","[-0.084167, 0.014496, 0.097748, 0.991516]","[-0.096863, 0.032593, 0.066406, 0.992523]","[-0.490967, 0.415283, 0.027344]","[[0.980347, 0.191345, -0.045166], [-0.196228, 0.966553, -0.164124], [0.012207, 0.169739, 0.985291]]",0,"[8323, 7833, 7709, 7945]"
45.518986,"[0.429688, 2.039062, -1.312500]","[0.079217, 0.940295, -0.157441]","[-0.099998, 0.629999, -0.105589]","[-0.199165, -1.692178, 0.133083]","[0.046631, -0.170166, 0.191650]","[-0.086853, 0.015076, 0.097382, 0.991364]","[-0.106323, 0.032532, 0.066772, 0.991547]","[-0.095703, -0.190430, 0.025146]","[[0.980652, 0.190430, -0.046814], [-0.195679, 0.966003, -0.169312], [0.012878, 0.175171, 0.984497]]",0,"[8265, 7895, 7744, 7908]"
45.647903,"[0.417969, 2.046875, -1.320312]","[0.050500, 0.701001, -0.136191]","[-0.080000, 0.469999, -0.162891]","[-0.219951, -1.798073, 0.178066]","[0.055176, -0.199463, 0.190918]","[-0.101746, 0.017853, 0.097595, 0.989838]","[-0.119202, 0.036072, 0.067657, 0.989899]","[-0.327393, -0.205811, 0.064453]","[[0.980225, 0.189514, -0.055237], [-0.196838, 0.960144, -0.197998], [0.015442, 0.204956, 0.978577]]",0,"[8260, 7990, 7834, 7840]"
45.649845,"[0.417969, 2.078125, -1.324219]","[0.050500, 0.701001, -0.136191]","[-0.070000, 0.349998, -0.181843]","[-0.219951, -1.798073, 0.178066]","[0.054932, -0.199463, 0.190918]","[-0.101746, 0.017792, 0.097595, 0.989838]","[-0.115540, 0.036316, 0.067535, 0.990326]","[-0.054932, -0.002686, -0.012939]","[[0.980225, 0.189514, -0.055115], [-0.196838, 0.960144, -0.198059], [0.015320, 0.204895, 0.978577]]",0,"[8293, 7990, 7830, 7865]"
45.653759,"[0.417969, 2.089844, -1.328125]","[0.050500, 0.701001, -0.136191]","[-0.070000, 0.309999, -0.207947]","[-0.219951, -1.798073, 0.178066]","[0.056152, -0.200684, 0.190918]","[-0.102386, 0.018341, 0.097626, 0.989777]","[-0.114807, 0.036255, 0.067505, 0.990417]","[-0.387695, 0.260986, 0.058594]","[[0.980225, 0.189453, -0.056274], [-0.197021, 0.959961, -0.199158], [0.016235, 0.206238, 0.978333]]",0,"[8287, 7951, 7834, 7852]"
45.790478,"[0.406250, 2.097656, -1.343750]","[0.019364, 0.451542, -0.108690]","[-0.089998, 0.289999, -0.265076]","[-0.234388, -1.840253, 0.224391]","[0.063232, -0.218018, 0.195801]","[-0.111359, 0.020721, 0.100616, 0.988464]","[-0.135925, 0.039093, 0.068817, 0.987549]","[-0.410400, 0.109131, 0.019287]","[[0.978882, 0.194214, -0.063416], [-0.203491, 0.954956, -0.216003], [0.018494, 0.224304, 0.974304]]",0,"[8267, 8014, 7875, 7806]"
45.792427,"[0.417969, 2.109375, -1.343750]","[0.019364, 0.451542, -0.108690]","[-0.070000, 0.169998, -0.265076]","[-0.234388, -1.840253, 0.224391]","[0.063232, -0.218018, 0.195801]","[-0.111359, 0.020721, 0.100616, 0.988464]","[-0.130859, 0.040436, 0.068726, 0.988159]","[-0.410400, 0.109131, 0.019287]","[[0.978882, 0.194214, -0.063416], [-0.203491, 0.954956, -0.216003], [0.018494, 0.224304, 0.974304]]",0,"[8290, 8014, 7884, 7781]"
45.794376,"[0.417969, 2.117188, -1.351562]","[0.017070, 0.433562, -0.106481]","[-0.059999, 0.039999, -0.319880]","[-0.235150, -1.840751, 0.227729]","[0.062744, -0.218262, 0.196289]","[-0.111389, 0.020386, 0.100891, 0.988434]","[-0.125519, 0.040527, 0.068481, 0.988861]","[0.062256, 0.107666, 0.214111]","[[0.978760, 0.194824, -0.062805], [-0.203979, 0.954773, -0.216125], [0.017761, 0.224304, 0.974304]]",0,"[8284, 8012, 7872, 7783]"
45.821732,"[0.406250, 2.117188, -1.359375]","[0.012465, 0.397622, -0.101970]","[-0.070000, -0.009998, -0.339582]","[-0.236558, -1.840734, 0.234406]","[0.064941, -0.223389, 0.198242]","[-0.114044, 0.021149, 0.101990, 0.988007]","[-0.127258, 0.040039, 0.068512, 0.988678]","[-0.163086, -0.134766, 0.021484]","[[0.978271, 0.196594, -0.065063], [-0.206360, 0.953125, -0.221130], [0.018433, 0.229675, 0.973022]]",0,"[8338, 7925, 7862, 7855]"
45.854923,"[0.406250, 2.109375, -1.367188]","[0.003177, 0.325780, -0.092552]","[-0.080000, -0.080000, -0.405287]","[-0.238909, -1.836638, 0.247777]","[0.066650, -0.222412, 0.201172]","[-0.113708, 0.021820, 0.103455, 0.987854]","[-0.128448, 0.040497, 0.068634, 0.988495]","[0.234131, 0.058594, 0.185303]","[[0.977478, 0.199341, -0.066650], [-0.209351, 0.952576, -0.220215], [0.019531, 0.229126, 0.973022]]",0,"[8285, 8013, 7887, 7745]"
