t,p,p_d,v,v_d,Angles,q,q_sp,w,R,T_sp,rpm
42.373993,"[0.066406, 0.007812, -1.191406]","[-0.000000, 0.000000, 0.000000]","[0.009998, 0.000000, -0.114059]","[-0.000001, 0.000002, 0.000001]","[-0.002806, -0.016827, 0.029321]","[-0.008392, -0.001526, 0.014648, 0.999878]","[0.000000, 0.000702, 0.014008, 0.999878]","[0.072510, -0.911133, 0.001709]","[[0.999653, 0.029319, 0.002806], [-0.029268, 0.999516, -0.016827], [-0.003297, 0.016738, 0.999941]]",0,"[7869, 7695, 7598, 7759]"
42.405243,"[0.066406, 0.007812, -1.195312]","[-0.000000, 0.000000, 0.000000]","[0.009998, -0.009998, -0.117384]","[-0.000019, 0.000029, 0.000011]","[-0.010986, -0.020508, 0.030273]","[-0.010193, -0.005737, 0.015137, 0.999817]","[0.000488, 0.000702, 0.014008, 0.999878]","[0.045410, -0.902100, -0.014893]","[[0.999451, 0.030273, 0.011108], [-0.030151, 0.999329, -0.020569], [-0.011841, 0.020203, 0.999695]]",0,"[7976, 7718, 7474, 7684]"
42.440399,"[0.066406, 0.007812, -1.191406]","[-0.000001, 0.000002, 0.000001]","[0.000000, 0.000000, -0.154264]","[-0.000067, 0.000101, 0.000038]","[-0.017090, -0.022217, 0.031250]","[-0.011047, -0.008728, 0.015625, 0.999786]","[0.000000, 0.000092, 0.014008, 0.999878]","[-0.276855, 0.382080, 0.023193]","[[0.999329, 0.031372, 0.017090], [-0.031006, 0.999268, -0.022400], [-0.017822, 0.021790, 0.999634]]",0,"[8006, 7770, 7403, 7582]"
42.473602,"[0.066406, 0.007812, -1.195312]","[-0.000007, 0.000010, 0.000004]","[0.009998, 0.000000, -0.225534]","[-0.000223, 0.000337, 0.000126]","[-0.021484, -0.025146, 0.032471]","[-0.012390, -0.011017, 0.016235, 0.999725]","[0.000000, 0.000702, 0.014008, 0.999878]","[-0.226807, -0.020020, 0.066406]","[[0.999207, 0.032654, 0.021606], [-0.032166, 0.999084, -0.025146], [-0.022461, 0.024414, 0.999390]]",0,"[7878, 7654, 7439, 7675]"
42.506805,"[0.078125, 0.000000, -1.191406]","[-0.000016, 0.000025, 0.000009]","[0.039999, -0.009998, -0.175037]","[-0.000449, 0.000678, 0.000254]","[-0.026123, -0.025879, 0.034180]","[-0.012695, -0.013336, 0.017029, 0.999695]","[0.000885, 0.002899, 0.014008, 0.999878]","[0.009033, -0.489258, 0.051514]","[[0.999084, 0.034302, 0.026184], [-0.033691, 0.999084, -0.025879], [-0.027161, 0.024902, 0.999329]]",0,"[7878, 7669, 7420, 7578]"
42.540009,"[0.078125, 0.000000, -1.191406]","[-0.000034, 0.000052, 0.000019]","[0.029999, -0.009998, -0.172178]","[-0.000806, 0.001219, 0.000456]","[-0.029053, -0.027832, 0.035400]","[-0.013702, -0.014771, 0.017578, 0.999634]","[0.000885, 0.002289, 0.014008, 0.999878]","[0.149170, -0.051270, 0.075439]","[[0.998901, 0.035461, 0.029053], [-0.034729, 0.998962, -0.027954], [-0.030029, 0.026855, 0.999146]]",0,"[7940, 7679, 7386, 7562]"
42.573212,"[0.078125, 0.000000, -1.191406]","[-0.000079, 0.000120, 0.000045]","[0.039999, -0.009998, -0.126123]","[-0.001552, 0.002350, 0.000879]","[-0.028564, -0.029053, 0.037109]","[-0.014313, -0.014618, 0.018402, 0.999634]","[0.000885, 0.002899, 0.014008, 0.999878]","[-0.173584, 0.440186, 0.046143]","[[0.998901, 0.037109, 0.028687], [-0.036377, 0.998962, -0.029175], [-0.029785, 0.028076, 0.999207]]",0,"[7893, 7659, 7438, 7604]"
42.606415,"[0.078125, 0.000000, -1.187500]","[-0.000136, 0.000206, 0.000077]","[0.049999, -0.009998, -0.130602]","[-0.002366, 0.003586, 0.001340]","[-0.028809, -0.031006, 0.038330]","[-0.015289, -0.014740, 0.019043, 0.999603]","[0.000885, 0.003387, 0.014008, 0.999878]","[-0.134277, -0.069336, 0.032959]","[[0.998840, 0.038452, 0.028870], [-0.037598, 0.998840, -0.031189], [-0.030090, 0.029968, 0.999084]]",0,"[7897, 7636, 7479, 7637]"
42.639622,"[0.078125, 0.007812, -1.183594]","[-0.000256, 0.000388, 0.000145]","[0.059999, -0.019999, -0.096615]","[-0.003869, 0.005869, 0.002191]","[-0.030029, -0.031494, 0.039795]","[-0.015503, -0.015411, 0.019714, 0.999573]","[0.001007, 0.003876, 0.014008, 0.999878]","[0.150146, -0.630371, 0.009277]","[[0.998718, 0.039795, 0.030151], [-0.038940, 0.998718, -0.031616], [-0.031494, 0.030396, 0.999023]]",0,"[7926, 7681, 7486, 7635]"
42.672825,"[0.078125, 0.007812, -1.187500]","[-0.000390, 0.000592, 0.000221]","[0.080000, -0.019999, -0.101086]","[-0.005362, 0.008139, 0.003037]","[-0.030518, -0.031738, 0.040771]","[-0.015625, -0.015594, 0.020233, 0.999573]","[0.001038, 0.005219, 0.014008, 0.999878]","[0.331055, -0.245117, 0.010742]","[[0.998779, 0.040833, 0.030518], [-0.039978, 0.998718, -0.031921], [-0.031860, 0.030579, 0.999084]]",0,"[7946, 7695, 7483, 7606]"
42.707977,"[0.089844, 0.007812, -1.175781]","[-0.000648, 0.000982, 0.000367]","[0.080000, -0.029999, 0.029762]","[-0.007917, 0.012030, 0.004484]","[-0.027588, -0.033203, 0.042236]","[-0.016357, -0.014191, 0.020996, 0.999542]","[0.001648, 0.005951, 0.014008, 0.999878]","[-0.432373, 0.471924, 0.021729]","[[0.998657, 0.042358, 0.027649], [-0.041504, 0.998535, -0.033325], [-0.029114, 0.032104, 0.999023]]",0,"[7973, 7690, 7526, 7659]"
42.741184,"[0.089844, 0.007812, -1.167969]","[-0.000914, 0.001387, 0.000517]","[0.089998, -0.019999, 0.113310]","[-0.010306, 0.015673, 0.005838]","[-0.027832, -0.033447, 0.043945]","[-0.016449, -0.014343, 0.021820, 0.999542]","[0.001160, 0.006439, 0.014008, 0.999878]","[0.109131, -0.588867, 0.040771]","[[0.998657, 0.044006, 0.027954], [-0.043152, 0.998535, -0.033569], [-0.029419, 0.032227, 0.999084]]",0,"[8005, 7721, 7574, 7780]"
42.774387,"[0.097656, 0.007812, -1.164062]","[-0.001256, 0.001908, 0.000711]","[0.109999, -0.019999, 0.110254]","[-0.013143, 0.020004, 0.007445]","[-0.027832, -0.031982, 0.045898]","[-0.015656, -0.014343, 0.022858, 0.999542]","[0.001190, 0.007904, 0.014008, 0.999847]","[0.360840, -0.085938, 0.102051]","[[0.998657, 0.046082, 0.027954], [-0.045227, 0.998535, -0.031982], [-0.029419, 0.030640, 0.999207]]",0,"[8101, 7810, 7605, 7784]"
42.807587,"[0.097656, 0.007812, -1.160156]","[-0.001855, 0.002820, 0.001051]","[0.109999, -0.029999, 0.166752]","[-0.017677, 0.026935, 0.010013]","[-0.026367, -0.031494, 0.047607]","[-0.015503, -0.013672, 0.023682, 0.999481]","[0.001801, 0.007904, 0.014008, 0.999847]","[-0.154053, 0.331543, -0.001465]","[[0.998352, 0.047668, 0.026550], [-0.046936, 0.998291, -0.031677], [-0.028137, 0.030334, 0.999023]]",0,"[8071, 7836, 7660, 7750]"
42.840794,"[0.109375, 0.000000, -1.156250]","[-0.002430, 0.003697, 0.001377]","[0.150000, -0.039999, 0.118235]","[-0.021684, 0.033068, 0.012283]","[-0.025391, -0.031738, 0.049561]","[-0.015564, -0.013184, 0.024658, 0.999481]","[0.002686, 0.010803, 0.013977, 0.999817]","[-0.062500, 0.010010, 0.014404]","[[0.998352, 0.049622, 0.025574], [-0.048889, 0.998230, -0.031799], [-0.027161, 0.030457, 0.999084]]",0,"[8113, 7829, 7673, 7787]"
42.873997,"[0.109375, 0.000000, -1.152344]","[-0.003395, 0.005169, 0.001923]","[0.129999, -0.029999, 0.079990]","[-0.027885, 0.042577, 0.015797]","[-0.023682, -0.031006, 0.051514]","[-0.015198, -0.012299, 0.025604, 0.999481]","[0.002319, 0.009827, 0.014008, 0.999847]","[0.175049, 0.036133, 0.135498]","[[0.998352, 0.051514, 0.023804], [-0.050781, 0.998169, -0.031067], [-0.025391, 0.029724, 0.999207]]",0,"[8115, 7813, 7659, 7805]"
42.940403,"[0.117188, 0.000000, -1.144531]","[-0.005347, 0.008152, 0.003029]","[0.179998, -0.049999, 0.126217]","[-0.039131, 0.059862, 0.022169]","[-0.020020, -0.030273, 0.054688]","[-0.014893, -0.010468, 0.027283, 0.999451]","[0.003723, 0.013245, 0.013977, 0.999786]","[0.032471, -0.124268, -0.023926]","[[0.998230, 0.054810, 0.020081], [-0.054199, 0.997986, -0.030396], [-0.021790, 0.029175, 0.999268]]",0,"[8118, 7816, 7704, 7790]"
42.975559,"[0.117188, 0.000000, -1.140625]","[-0.007045, 0.010751, 0.003991]","[0.139999, -0.039999, 0.097004]","[-0.047987, 0.073508, 0.027188]","[-0.017822, -0.029785, 0.056641]","[-0.014709, -0.009430, 0.028290, 0.999451]","[0.003448, 0.011292, 0.013977, 0.999817]","[-0.082031, 0.354980, 0.071289]","[[0.998230, 0.056763, 0.018005], [-0.056274, 0.997925, -0.029968], [-0.019714, 0.028870, 0.999390]]",0,"[8149, 7820, 7703, 7822]"
43.008759,"[0.136719, 0.000000, -1.140625]","[-0.008557, 0.013069, 0.004848]","[0.179998, -0.049999, 0.091476]","[-0.055362, 0.084893, 0.031368]","[-0.016846, -0.029541, 0.058350]","[-0.014496, -0.008850, 0.029083, 0.999420]","[0.004089, 0.014709, 0.013947, 0.999756]","[-0.003174, -0.241211, 0.002197]","[[0.998047, 0.058350, 0.016846], [-0.057861, 0.997803, -0.029541], [-0.018555, 0.028442, 0.999329]]",0,"[8127, 7799, 7720, 7838]"
43.041965,"[0.136719, -0.007812, -1.136719]","[-0.010927, 0.016707, 0.006191]","[0.160000, -0.049999, 0.023954]","[-0.066185, 0.101634, 0.037502]","[-0.015869, -0.028809, 0.060059]","[-0.014160, -0.008423, 0.030029, 0.999420]","[0.005066, 0.013947, 0.013947, 0.999786]","[0.227295, -0.145020, 0.055176]","[[0.998047, 0.060181, 0.015991], [-0.059814, 0.997803, -0.028870], [-0.017700, 0.027771, 0.999451]]",0,"[8127, 7818, 7714, 7819]"
43.075169,"[0.148438, -0.007812, -1.136719]","[-0.012995, 0.019883, 0.007362]","[0.169998, -0.049999, 0.051863]","[-0.075045, 0.115367, 0.042525]","[-0.013184, -0.028076, 0.062012]","[-0.013794, -0.007111, 0.031036, 0.999390]","[0.005463, 0.015411, 0.013947, 0.999756]","[-0.104004, 0.377197, 0.103516]","[[0.997925, 0.062195, 0.013306], [-0.061829, 0.997620, -0.028076], [-0.015137, 0.027100, 0.999451]]",0,"[8135, 7802, 7693, 7809]"
43.108372,"[0.148438, -0.007812, -1.136719]","[-0.016172, 0.024771, 0.009163]","[0.219999, -0.059999, 0.077396]","[-0.087842, 0.135247, 0.049780]","[-0.011475, -0.027100, 0.063965]","[-0.013336, -0.006165, 0.031982, 0.999390]","[0.006348, 0.018219, 0.013885, 0.999695]","[-0.169922, 0.132568, 0.025879]","[[0.997864, 0.064026, 0.011475], [-0.063782, 0.997620, -0.027100], [-0.013184, 0.026245, 0.999573]]",0,"[8124, 7828, 7730, 7813]"
43.141575,"[0.156250, -0.007812, -1.132812]","[-0.018895, 0.028967, 0.010706]","[0.179998, -0.049999, 0.037350]","[-0.098171, 0.151329, 0.055636]","[-0.010254, -0.025146, 0.065674]","[-0.012390, -0.005554, 0.032837, 0.999359]","[0.006195, 0.017120, 0.013916, 0.999725]","[0.248535, -0.364746, 0.081299]","[[0.997742, 0.065735, 0.010254], [-0.065491, 0.997498, -0.025146], [-0.011963, 0.024414, 0.999573]]",0,"[8169, 7834, 7736, 7834]"
43.207977,"[0.179688, -0.019531, -1.132812]","[-0.026491, 0.040694, 0.015011]","[0.249998, -0.059999, 0.073116]","[-0.124621, 0.192661, 0.070635]","[-0.004395, -0.023926, 0.069336]","[-0.011871, -0.002625, 0.034729, 0.999329]","[0.008484, 0.022705, 0.013824, 0.999603]","[-0.167725, 0.059082, 0.032959]","[[0.997559, 0.069458, 0.004395], [-0.069336, 0.997314, -0.023926], [-0.006104, 0.023560, 0.999695]]",0,"[8155, 7823, 7763, 7861]"
43.241184,"[0.179688, -0.019531, -1.132812]","[-0.030322, 0.046619, 0.017182]","[0.189999, -0.059999, -0.008791]","[-0.136923, 0.211958, 0.077612]","[-0.003418, -0.021484, 0.071045]","[-0.010742, -0.002136, 0.035553, 0.999298]","[0.009186, 0.020233, 0.013824, 0.999634]","[0.237305, -0.238037, 0.073730]","[[0.997375, 0.071045, 0.003479], [-0.071045, 0.997192, -0.021667], [-0.005066, 0.021301, 0.999695]]",0,"[8199, 7853, 7733, 7822]"
43.27634,"[0.187500, -0.019531, -1.136719]","[-0.036004, 0.055424, 0.020403]","[0.249998, -0.070000, -0.036943]","[-0.154168, 0.239087, 0.087394]","[0.000488, -0.020508, 0.072510]","[-0.010315, -0.000122, 0.036255, 0.999298]","[0.010559, 0.024261, 0.013763, 0.999542]","[-0.275391, 0.290527, 0.005371]","[[0.997375, 0.072449, -0.000549], [-0.072449, 0.997192, -0.020691], [-0.001038, 0.020569, 0.999817]]",0,"[8145, 7817, 7762, 7824]"
43.311497,"[0.199219, -0.027344, -1.136719]","[-0.040718, 0.062739, 0.023075]","[0.199999, -0.049999, -0.048681]","[-0.167699, 0.260438, 0.095071]","[0.002686, -0.019043, 0.073975]","[-0.009644, 0.001099, 0.037079, 0.999268]","[0.010681, 0.023041, 0.013763, 0.999573]","[0.147461, -0.239990, 0.069092]","[[0.997253, 0.074036, -0.002869], [-0.074158, 0.997070, -0.019226], [0.001404, 0.019348, 0.999817]]",0,"[8171, 7808, 7727, 7804]"
43.342747,"[0.199219, -0.027344, -1.136719]","[-0.047633, 0.073489, 0.026996]","[0.209999, -0.049999, -0.059978]","[-0.186480, 0.290169, 0.105728]","[0.005127, -0.015381, 0.075928]","[-0.007812, 0.002380, 0.038086, 0.999237]","[0.011658, 0.024231, 0.013733, 0.999542]","[0.272949, 0.206787, 0.129150]","[[0.997070, 0.076050, -0.005310], [-0.076172, 0.996948, -0.015503], [0.004089, 0.015747, 0.999817]]",0,"[8144, 7816, 7740, 7818]"
43.37595,"[0.218750, -0.027344, -1.136719]","[-0.053309, 0.082328, 0.030214]","[0.230000, -0.070000, -0.064583]","[-0.201072, 0.313350, 0.114009]","[0.007812, -0.013428, 0.077881]","[-0.006927, 0.003754, 0.039001, 0.999207]","[0.013550, 0.026886, 0.013641, 0.999451]","[-0.170898, 0.164062, -0.009521]","[[0.996887, 0.077820, -0.007996], [-0.077942, 0.996826, -0.013611], [0.006897, 0.014099, 0.999817]]",0,"[8122, 7822, 7786, 7811]"
43.409149,"[0.218750, -0.027344, -1.140625]","[-0.059418, 0.091855, 0.033678]","[0.179998, -0.059999, -0.093433]","[-0.216056, 0.337229, 0.122515]","[0.010010, -0.012451, 0.079590]","[-0.006500, 0.004791, 0.039948, 0.999146]","[0.014008, 0.025299, 0.013641, 0.999481]","[0.102295, -0.043213, 0.056885]","[[0.996643, 0.079651, -0.010071], [-0.079895, 0.996582, -0.012634], [0.008972, 0.013367, 0.999756]]",0,"[8188, 7795, 7741, 7831]"
43.444324,"[0.218750, -0.027344, -1.144531]","[-0.068258, 0.105668, 0.038691]","[0.240000, -0.059999, -0.076395]","[-0.236584, 0.370071, 0.134170]","[0.012695, -0.009277, 0.081299]","[-0.004974, 0.006165, 0.040771, 0.999115]","[0.015015, 0.029205, 0.013580, 0.999359]","[-0.108154, 0.173096, 0.005859]","[[0.996460, 0.081299, -0.012695], [-0.081543, 0.996521, -0.009460], [0.011841, 0.010437, 0.999756]]",0,"[8153, 7820, 7796, 7839]"
43.477512,"[0.238281, -0.027344, -1.144531]","[-0.075417, 0.116876, 0.042751]","[0.199999, -0.059999, -0.109062]","[-0.252327, 0.395364, 0.143111]","[0.015381, -0.008301, 0.083008]","[-0.004456, 0.007599, 0.041626, 0.999084]","[0.016479, 0.029297, 0.013519, 0.999329]","[0.107666, 0.010254, 0.019531]","[[0.996338, 0.083008, -0.015564], [-0.083252, 0.996399, -0.008301], [0.014709, 0.009521, 0.999756]]",0,"[8184, 7839, 7796, 7820]"
43.510715,"[0.238281, -0.027344, -1.148438]","[-0.085690, 0.132991, 0.048578]","[0.209999, -0.049999, -0.137312]","[-0.273713, 0.429875, 0.155259]","[0.018066, -0.007080, 0.084961]","[-0.003937, 0.008911, 0.042542, 0.999023]","[0.017120, 0.030396, 0.013489, 0.999298]","[0.178467, 0.148682, 0.079590]","[[0.996094, 0.084839, -0.018127], [-0.085083, 0.996216, -0.007141], [0.017395, 0.008606, 0.999695]]",0,"[8210, 7810, 7779, 7868]"
43.543922,"[0.250000, -0.027344, -1.148438]","[-0.093948, 0.145972, 0.053262]","[0.230000, -0.049999, -0.118671]","[-0.289985, 0.456262, 0.164505]","[0.020508, -0.004883, 0.086426]","[-0.002899, 0.010132, 0.043274, 0.998993]","[0.018616, 0.033051, 0.013397, 0.999176]","[-0.090088, 0.135986, -0.012695]","[[0.995972, 0.086365, -0.020508], [-0.086487, 0.996155, -0.004944], [0.019897, 0.006653, 0.999695]]",0,"[8166, 7822, 7802, 7840]"
43.577122,"[0.257812, -0.027344, -1.152344]","[-0.105705, 0.164495, 0.059933]","[0.179998, -0.039999, -0.147690]","[-0.311902, 0.491985, 0.176962]","[0.022217, -0.003174, 0.087646]","[-0.002045, 0.011078, 0.043945, 0.998962]","[0.019348, 0.032318, 0.013367, 0.999176]","[0.084229, -0.046875, 0.014893]","[[0.995850, 0.087708, -0.022278], [-0.087830, 0.996094, -0.003174], [0.021912, 0.005005, 0.999695]]",0,"[8205, 7848, 7805, 7859]"
43.610332,"[0.257812, -0.027344, -1.156250]","[-0.115080, 0.179297, 0.065252]","[0.219999, -0.039999, -0.151993]","[-0.328428, 0.519072, 0.186359]","[0.024902, 0.000000, 0.089355]","[-0.000641, 0.012451, 0.044769, 0.998901]","[0.020844, 0.035217, 0.013275, 0.999054]","[0.254395, 0.083740, 0.129639]","[[0.995605, 0.089355, -0.024902], [-0.089478, 0.995911, -0.000183], [0.024780, 0.002380, 0.999573]]",0,"[8210, 7837, 7809, 7862]"
43.645481,"[0.257812, -0.027344, -1.164062]","[-0.128344, 0.200290, 0.072779]","[0.160000, -0.039999, -0.174913]","[-0.350522, 0.555505, 0.198926]","[0.027100, 0.001465, 0.090820]","[0.000183, 0.013672, 0.045441, 0.998871]","[0.022522, 0.033356, 0.013245, 0.999084]","[0.028320, -0.021973, -0.015381]","[[0.995483, 0.090759, -0.027283], [-0.090759, 0.995850, 0.001526], [0.027283, 0.000916, 0.999573]]",0,"[8206, 7843, 7817, 7869]"
43.678688,"[0.277344, -0.039062, -1.167969]","[-0.138854, 0.216964, 0.078744]","[0.169998, -0.029999, -0.210770]","[-0.367051, 0.582939, 0.208332]","[0.028564, 0.004395, 0.092285]","[0.001617, 0.014465, 0.046204, 0.998840]","[0.024506, 0.036163, 0.013123, 0.998932]","[0.254883, 0.112549, 0.104248]","[[0.995361, 0.092285, -0.028748], [-0.092285, 0.995728, 0.004456], [0.028992, -0.001892, 0.999573]]",0,"[8219, 7841, 7788, 7847]"
43.71188,"[0.289062, -0.039062, -1.171875]","[-0.149849, 0.234445, 0.084985]","[0.179998, -0.019999, -0.195381]","[-0.383498, 0.610402, 0.217695]","[0.030762, 0.006348, 0.093750]","[0.002533, 0.015564, 0.046875, 0.998779]","[0.025635, 0.038574, 0.013000, 0.998840]","[-0.062988, 0.237061, 0.022705]","[[0.995117, 0.093689, -0.030884], [-0.093567, 0.995544, 0.006409], [0.031250, -0.003601, 0.999512]]",0,"[8230, 7836, 7774, 7874]"
43.745087,"[0.289062, -0.039062, -1.175781]","[-0.165251, 0.258997, 0.093729]","[0.129999, -0.009998, -0.224281]","[-0.405205, 0.646924, 0.230059]","[0.031982, 0.009277, 0.094971]","[0.003906, 0.016266, 0.047424, 0.998749]","[0.026947, 0.037476, 0.013000, 0.998840]","[0.105469, -0.141357, -0.003662]","[[0.994995, 0.094849, -0.032104], [-0.094604, 0.995483, 0.009277], [0.032837, -0.006226, 0.999451]]",0,"[8225, 7850, 7800, 7828]"
43.77829,"[0.289062, -0.039062, -1.179688]","[-0.177360, 0.278352, 0.100604]","[0.160000, 0.000000, -0.227354]","[-0.421262, 0.674166, 0.239211]","[0.034668, 0.011719, 0.096436]","[0.005096, 0.017670, 0.048218, 0.998688]","[0.028564, 0.040253, 0.012848, 0.998688]","[0.242188, 0.111328, 0.089844]","[[0.994751, 0.096375, -0.034790], [-0.096130, 0.995361, 0.011780], [0.035767, -0.008484, 0.999390]]",0,"[8231, 7811, 7803, 7871]"
43.813442,"[0.296875, -0.039062, -1.183594]","[-0.194229, 0.305394, 0.110184]","[0.129999, 0.000000, -0.240250]","[-0.442273, 0.710141, 0.251194]","[0.037109, 0.014648, 0.097656]","[0.006500, 0.018951, 0.048706, 0.998627]","[0.030518, 0.040710, 0.012756, 0.998596]","[0.109131, -0.191406, -0.016357]","[[0.994568, 0.097473, -0.037231], [-0.096985, 0.995178, 0.014771], [0.038452, -0.011108, 0.999207]]",0,"[8226, 7835, 7826, 7869]"
43.846645,"[0.296875, -0.039062, -1.191406]","[-0.207416, 0.326595, 0.117675]","[0.119999, 0.000000, -0.284193]","[-0.457674, 0.736774, 0.259984]","[0.038574, 0.017578, 0.098633]","[0.007904, 0.019745, 0.049164, 0.998566]","[0.032837, 0.041412, 0.012634, 0.998505]","[0.276367, 0.051514, 0.077148]","[[0.994385, 0.098450, -0.038696], [-0.097839, 0.994995, 0.017639], [0.040161, -0.013855, 0.999084]]",0,"[8243, 7825, 7790, 7844]"
43.879856,"[0.308594, -0.039062, -1.199219]","[-0.225681, 0.356051, 0.128051]","[0.150000, 0.009998, -0.293623]","[-0.477626, 0.771664, 0.271381]","[0.041748, 0.019775, 0.099609]","[0.008881, 0.021454, 0.049591, 0.998474]","[0.034332, 0.045197, 0.012421, 0.998291]","[-0.140137, 0.271973, 0.032959]","[[0.994019, 0.099365, -0.041931], [-0.098633, 0.994812, 0.019775], [0.043640, -0.015625, 0.998779]]",0,"[8222, 7805, 7801, 7896]"
43.913055,"[0.308594, -0.039062, -1.207031]","[-0.239889, 0.379038, 0.136125]","[0.089998, 0.019999, -0.297430]","[-0.492110, 0.797306, 0.279663]","[0.042969, 0.022949, 0.100098]","[0.010498, 0.022156, 0.049866, 0.998474]","[0.036041, 0.043579, 0.012421, 0.998291]","[0.117188, -0.239746, -0.012695]","[[0.994080, 0.099976, -0.043152], [-0.099121, 0.994873, 0.023132], [0.045227, -0.018738, 0.998840]]",0,"[8226, 7809, 7763, 7853]"
43.946259,"[0.316406, -0.027344, -1.210938]","[-0.254512, 0.402766, 0.144436]","[0.109999, 0.039999, -0.308802]","[-0.506124, 0.822407, 0.287684]","[0.044678, 0.026855, 0.100830]","[0.012390, 0.023041, 0.050110, 0.998413]","[0.036804, 0.046875, 0.012268, 0.998138]","[0.356689, 0.066406, 0.037598]","[[0.993958, 0.100586, -0.044739], [-0.099487, 0.994690, 0.026978], [0.047180, -0.022461, 0.998657]]",0,"[8242, 7829, 7787, 7848]"
43.981415,"[0.308594, -0.027344, -1.222656]","[-0.274633, 0.435526, 0.155874]","[0.070000, 0.039999, -0.352896]","[-0.524010, 0.854933, 0.297934]","[0.047363, 0.029297, 0.101318]","[0.013550, 0.024475, 0.050354, 0.998352]","[0.039215, 0.045868, 0.012177, 0.998077]","[0.059082, -0.163086, -0.015869]","[[0.993774, 0.101135, -0.047485], [-0.099915, 0.994568, 0.029480], [0.050171, -0.024597, 0.998474]]",0,"[8203, 7832, 7790, 7814]"
44.014614,"[0.316406, -0.027344, -1.230469]","[-0.290180, 0.460931, 0.164715]","[0.059999, 0.049999, -0.372547]","[-0.536776, 0.878549, 0.305261]","[0.048096, 0.031982, 0.101562]","[0.014832, 0.024872, 0.050385, 0.998322]","[0.041412, 0.047546, 0.012024, 0.997925]","[0.342773, -0.109375, -0.064697]","[[0.993713, 0.101318, -0.048157], [-0.099854, 0.994507, 0.032104], [0.051086, -0.027100, 0.998352]]",0,"[8236, 7783, 7735, 7831]"
44.047821,"[0.316406, -0.027344, -1.234375]","[-0.311457, 0.495832, 0.176817]","[0.049999, 0.080000, -0.383307]","[-0.552842, 0.908857, 0.314498]","[0.050781, 0.034668, 0.101318]","[0.016113, 0.026306, 0.050293, 0.998260]","[0.042297, 0.048889, 0.011902, 0.997833]","[-0.168945, 0.474121, 0.028564]","[[0.993530, 0.101196, -0.050903], [-0.099609, 0.994385, 0.034790], [0.054077, -0.029541, 0.998047]]",0,"[8239, 7810, 7761, 7825]"
44.082985,"[0.316406, -0.019531, -1.246094]","[-0.327820, 0.522780, 0.186127]","[0.019999, 0.080000, -0.411503]","[-0.564141, 0.930652, 0.321007]","[0.051270, 0.038574, 0.101318]","[0.018097, 0.026611, 0.050171, 0.998230]","[0.044739, 0.048981, 0.011780, 0.997711]","[0.457764, -0.421631, -0.050537]","[[0.993530, 0.101074, -0.051331], [-0.099243, 0.994324, 0.038696], [0.054871, -0.033447, 0.997925]]",0,"[8207, 7807, 7750, 7834]"
44.116184,"[0.316406, -0.019531, -1.253906]","[-0.350137, 0.559684, 0.198828]","[0.009998, 0.099998, -0.415905]","[-0.578133, 0.958357, 0.329089]","[0.053223, 0.041748, 0.101074]","[0.019592, 0.027649, 0.050079, 0.998169]","[0.046326, 0.050323, 0.011658, 0.997589]","[-0.006348, 0.529541, -0.037598]","[[0.993408, 0.100952, -0.053223], [-0.098877, 0.994202, 0.041809], [0.057129, -0.036316, 0.997681]]",0,"[8216, 7800, 7721, 7816]"
44.149384,"[0.316406, -0.007812, -1.257812]","[-0.367217, 0.588051, 0.208551]","[0.000000, 0.109999, -0.355736]","[-0.587780, 0.978051, 0.334679]","[0.054932, 0.043213, 0.101074]","[0.020294, 0.028564, 0.049988, 0.998108]","[0.047913, 0.051514, 0.011505, 0.997437]","[-0.093262, 0.168701, 0.045654]","[[0.993225, 0.100830, -0.054993], [-0.098633, 0.994019, 0.043274], [0.059021, -0.037659, 0.997375]]",0,"[8218, 7796, 7707, 7822]"
44.18259,"[0.316406, -0.019531, -1.269531]","[-0.390410, 0.626745, 0.221760]","[-0.029999, 0.150000, -0.435904]","[-0.599460, 1.002777, 0.341471]","[0.054932, 0.046631, 0.100342]","[0.021973, 0.028625, 0.049622, 0.998108]","[0.049377, 0.051758, 0.011414, 0.997345]","[0.229492, -0.509033, -0.048340]","[[0.993347, 0.100220, -0.054993], [-0.097778, 0.994019, 0.046631], [0.059265, -0.041016, 0.997314]]",0,"[8221, 7808, 7697, 7850]"
44.21579,"[0.308594, -0.007812, -1.277344]","[-0.408089, 0.656380, 0.231833]","[-0.039999, 0.139999, -0.468466]","[-0.607296, 1.020114, 0.346051]","[0.056885, 0.049805, 0.099854]","[0.023529, 0.029694, 0.049255, 0.998077]","[0.052063, 0.052582, 0.011230, 0.997192]","[0.282715, 0.150146, -0.111084]","[[0.993408, 0.099609, -0.057007], [-0.096924, 0.994019, 0.049805], [0.061523, -0.044067, 0.997131]]",0,"[8224, 7766, 7675, 7815]"
44.250954,"[0.316406, -0.007812, -1.285156]","[-0.431996, 0.696654, 0.245458]","[-0.070000, 0.160000, -0.453829]","[-0.616469, 1.041548, 0.351447]","[0.058838, 0.052490, 0.099365]","[0.024841, 0.030792, 0.048981, 0.998016]","[0.053986, 0.053406, 0.011078, 0.997040]","[0.095947, -0.293457, 0.009766]","[[0.993286, 0.099243, -0.059021], [-0.096191, 0.993958, 0.052551], [0.063782, -0.046570, 0.996826]]",0,"[8159, 7753, 7667, 7803]"
44.282196,"[0.308594, 0.000000, -1.292969]","[-0.450145, 0.727387, 0.255807]","[-0.089998, 0.219999, -0.420839]","[-0.622363, 1.056316, 0.354944]","[0.059326, 0.054443, 0.098877]","[0.025726, 0.031036, 0.048706, 0.997986]","[0.053162, 0.053528, 0.011139, 0.997070]","[0.119873, -0.511719, -0.003662]","[[0.993225, 0.098755, -0.059387], [-0.095581, 0.993835, 0.054321], [0.064392, -0.048340, 0.996643]]",0,"[8229, 7776, 7649, 7838]"
44.315399,"[0.308594, 0.007812, -1.300781]","[-0.468451, 0.758532, 0.266250]","[-0.089998, 0.189999, -0.461084]","[-0.627388, 1.069921, 0.357957]","[0.060303, 0.058350, 0.098145]","[0.027740, 0.031586, 0.048248, 0.997955]","[0.057159, 0.055450, 0.010803, 0.996735]","[0.276855, -0.006104, -0.106201]","[[0.993347, 0.097961, -0.060364], [-0.094543, 0.993774, 0.058350], [0.065613, -0.052368, 0.996460]]",0,"[8208, 7793, 7687, 7806]"
44.350555,"[0.308594, 0.019531, -1.312500]","[-0.493071, 0.800655, 0.280300]","[-0.129999, 0.259998, -0.465097]","[-0.632719, 1.086213, 0.361209]","[0.061279, 0.060547, 0.097412]","[0.028748, 0.032104, 0.047760, 0.997955]","[0.056091, 0.055359, 0.010864, 0.996826]","[-0.039307, -0.008789, 0.010254]","[[0.993469, 0.097107, -0.061340], [-0.093445, 0.993835, 0.060425], [0.066711, -0.054321, 0.996338]]",0,"[8221, 7766, 7628, 7789]"
44.383759,"[0.308594, 0.027344, -1.320312]","[-0.511655, 0.832643, 0.290912]","[-0.129999, 0.230000, -0.475857]","[-0.635663, 1.097009, 0.363063]","[0.061768, 0.063232, 0.096436]","[0.030212, 0.032379, 0.047211, 0.997925]","[0.059967, 0.057281, 0.010529, 0.996490]","[0.210693, -0.174805, -0.058838]","[[0.993469, 0.096130, -0.061768], [-0.092224, 0.993774, 0.063293], [0.067383, -0.057190, 0.996155]]",0,"[8209, 7781, 7628, 7790]"
44.416962,"[0.296875, 0.039062, -1.328125]","[-0.536542, 0.875748, 0.305131]","[-0.150000, 0.259998, -0.479080]","[-0.638169, 1.109455, 0.364744]","[0.062744, 0.065430, 0.095459]","[0.031219, 0.032959, 0.046692, 0.997894]","[0.060822, 0.057373, 0.010468, 0.996429]","[0.024658, 0.317139, -0.021729]","[[0.993469, 0.095154, -0.062866], [-0.091125, 0.993713, 0.065308], [0.068604, -0.059204, 0.995911]]",0,"[8260, 7767, 7598, 7793]"
44.450169,"[0.289062, 0.046875, -1.335938]","[-0.555246, 0.908358, 0.315824]","[-0.219999, 0.329998, -0.471010]","[-0.638966, 1.117305, 0.365401]","[0.063477, 0.068115, 0.094238]","[0.032562, 0.033356, 0.046051, 0.997864]","[0.060089, 0.055298, 0.010651, 0.996582]","[0.003906, -0.156738, 0.013916]","[[0.993530, 0.093994, -0.063538], [-0.089722, 0.993652, 0.067993], [0.069519, -0.061890, 0.995667]]",0,"[8216, 7765, 7608, 7786]"
44.485325,"[0.277344, 0.058594, -1.347656]","[-0.580207, 0.952184, 0.330104]","[-0.199999, 0.289999, -0.480721]","[-0.638585, 1.125766, 0.365473]","[0.063477, 0.070801, 0.092285]","[0.033936, 0.033356, 0.045074, 0.997833]","[0.064240, 0.057587, 0.010254, 0.996216]","[0.155518, 0.283203, -0.071777]","[[0.993591, 0.092163, -0.063477], [-0.087646, 0.993530, 0.070679], [0.069580, -0.064697, 0.995361]]",0,"[8213, 7759, 7607, 7800]"
44.518524,"[0.277344, 0.066406, -1.355469]","[-0.598896, 0.985234, 0.340804]","[-0.259998, 0.389999, -0.513578]","[-0.637198, 1.130583, 0.364914]","[0.063721, 0.072021, 0.090576]","[0.034637, 0.033478, 0.044128, 0.997864]","[0.062042, 0.056396, 0.010468, 0.996399]","[-0.105713, 0.271973, 0.028564]","[[0.993835, 0.090271, -0.063721], [-0.085754, 0.993652, 0.072021], [0.069824, -0.066162, 0.995300]]",0,"[8231, 7754, 7543, 7759]"
44.551727,"[0.269531, 0.078125, -1.367188]","[-0.617529, 1.018408, 0.351479]","[-0.230000, 0.339998, -0.527348]","[-0.634875, 1.134079, 0.363831]","[0.062012, 0.074463, 0.088623]","[0.035919, 0.032715, 0.043213, 0.997864]","[0.066772, 0.059052, 0.010010, 0.995941]","[0.149414, -0.605713, -0.056396]","[[0.994019, 0.088501, -0.062195], [-0.083862, 0.993591, 0.074463], [0.068298, -0.068848, 0.995178]]",0,"[8193, 7747, 7540, 7776]"
44.58493,"[0.257812, 0.097656, -1.375000]","[-0.642247, 1.062768, 0.365651]","[-0.249998, 0.359999, -0.548843]","[-0.630314, 1.136687, 0.361579]","[0.062256, 0.075195, 0.086914]","[0.036316, 0.032745, 0.042358, 0.997925]","[0.067627, 0.059052, 0.009979, 0.995880]","[0.194092, -0.155029, -0.138184]","[[0.994324, 0.086853, -0.062256], [-0.082214, 0.993835, 0.075195], [0.068359, -0.069702, 0.995239]]",0,"[8262, 7690, 7479, 7799]"
44.618134,"[0.250000, 0.109375, -1.378906]","[-0.660649, 1.096080, 0.376211]","[-0.329998, 0.459999, -0.542072]","[-0.625792, 1.137077, 0.359277]","[0.062500, 0.078857, 0.084961]","[0.038116, 0.032928, 0.041199, 0.997894]","[0.065063, 0.056488, 0.010284, 0.996216]","[0.134521, 0.245361, -0.046143]","[[0.994446, 0.084717, -0.062561], [-0.079712, 0.993713, 0.078735], [0.068787, -0.073364, 0.994934]]",0,"[8204, 7764, 7480, 7723]"
44.653286,"[0.238281, 0.117188, -1.390625]","[-0.684955, 1.140475, 0.390173]","[-0.289999, 0.400000, -0.529707]","[-0.618309, 1.135520, 0.355401]","[0.062256, 0.079590, 0.082764]","[0.038544, 0.032837, 0.040161, 0.997894]","[0.070435, 0.059631, 0.009766, 0.995667]","[0.025391, -0.220459, -0.080811]","[[0.994507, 0.082642, -0.062439], [-0.077637, 0.993713, 0.079529], [0.068542, -0.074280, 0.994751]]",0,"[8168, 7742, 7494, 7734]"
44.68454,"[0.226562, 0.136719, -1.398438]","[-0.702972, 1.173701, 0.400534]","[-0.369999, 0.519999, -0.528601]","[-0.611606, 1.132774, 0.351887]","[0.062256, 0.080078, 0.080566]","[0.038818, 0.032745, 0.039032, 0.997925]","[0.066406, 0.056610, 0.010223, 0.996124]","[0.128662, -0.169434, -0.107422]","[[0.994690, 0.080383, -0.062317], [-0.075378, 0.993835, 0.079956], [0.068298, -0.074951, 0.994690]]",0,"[8232, 7706, 7441, 7788]"
44.719696,"[0.207031, 0.148438, -1.402344]","[-0.726668, 1.217852, 0.414177]","[-0.320000, 0.449999, -0.510717]","[-0.601246, 1.127059, 0.346408]","[0.062744, 0.082764, 0.077881]","[0.040131, 0.032959, 0.037628, 0.997925]","[0.072113, 0.059631, 0.009674, 0.995544]","[-0.018311, 0.015381, 0.001709]","[[0.994873, 0.077698, -0.062744], [-0.072449, 0.993835, 0.082520], [0.068726, -0.077637, 0.994507]]",0,"[8144, 7731, 7483, 7745]"
44.752895,"[0.199219, 0.167969, -1.410156]","[-0.744155, 1.250790, 0.424258]","[-0.329998, 0.489998, -0.492174]","[-0.592408, 1.121208, 0.341709]","[0.062256, 0.082764, 0.075195]","[0.040283, 0.032715, 0.036346, 0.998016]","[0.071869, 0.059998, 0.009644, 0.995544]","[0.015869, -0.325928, -0.054688]","[[0.995300, 0.075134, -0.062378], [-0.069885, 0.994202, 0.082703], [0.068115, -0.078064, 0.994690]]",0,"[8224, 7721, 7409, 7794]"
44.78611,"[0.187500, 0.187500, -1.417969]","[-0.761371, 1.283533, 0.434194]","[-0.429998, 0.599998, -0.481571]","[-0.582666, 1.114007, 0.336509]","[0.061279, 0.086426, 0.071777]","[0.042114, 0.032196, 0.034637, 0.997986]","[0.068207, 0.056091, 0.010132, 0.996033]","[0.282959, -0.272705, -0.181396]","[[0.995483, 0.071777, -0.061340], [-0.066406, 0.993958, 0.086243], [0.067078, -0.081848, 0.994324]]",0,"[8201, 7787, 7442, 7748]"
44.819305,"[0.179688, 0.207031, -1.421875]","[-0.783851, 1.326823, 0.447189]","[-0.389999, 0.529999, -0.471298]","[-0.568293, 1.102380, 0.328809]","[0.061768, 0.086670, 0.068848]","[0.042297, 0.032410, 0.033173, 0.998047]","[0.073334, 0.059235, 0.009613, 0.995483]","[-0.111572, 0.392822, -0.075928]","[[0.995728, 0.068848, -0.061890], [-0.063477, 0.994263, 0.086548], [0.067383, -0.082275, 0.994385]]",0,"[8168, 7782, 7448, 7740]"
44.852505,"[0.156250, 0.226562, -1.429688]","[-0.800333, 1.358974, 0.456732]","[-0.400000, 0.559999, -0.464222]","[-0.556483, 1.092103, 0.322460]","[0.060791, 0.085693, 0.065918]","[0.041901, 0.031830, 0.031738, 0.998108]","[0.073456, 0.058502, 0.009674, 0.995514]","[-0.036377, 0.012207, -0.019043]","[[0.995911, 0.065979, -0.060913], [-0.060730, 0.994446, 0.085632], [0.066162, -0.081604, 0.994446]]",0,"[8244, 7717, 7358, 7797]"
44.885712,"[0.148438, 0.257812, -1.433594]","[-0.821743, 1.401338, 0.469152]","[-0.489998, 0.699999, -0.440807]","[-0.539389, 1.076361, 0.313252]","[0.060303, 0.088623, 0.062744]","[0.043335, 0.031525, 0.030029, 0.998108]","[0.067474, 0.055237, 0.010254, 0.996124]","[0.135010, 0.027100, -0.161621]","[[0.996155, 0.062622, -0.060364], [-0.057251, 0.994385, 0.088379], [0.065491, -0.084595, 0.994202]]",0,"[8174, 7778, 7402, 7758]"
44.918911,"[0.136719, 0.277344, -1.437500]","[-0.837340, 1.432676, 0.478219]","[-0.429998, 0.599998, -0.407366]","[-0.525589, 1.063064, 0.305808]","[0.060303, 0.089355, 0.059570]","[0.043854, 0.031464, 0.028412, 0.998138]","[0.073822, 0.058746, 0.009644, 0.995483]","[0.026367, 0.221924, -0.096191]","[[0.996399, 0.059448, -0.060364], [-0.053955, 0.994507, 0.089294], [0.065247, -0.085754, 0.994141]]",0,"[8167, 7791, 7434, 7751]"
44.952122,"[0.109375, 0.296875, -1.445312]","[-0.852527, 1.463612, 0.487064]","[-0.459999, 0.629999, -0.416445]","[-0.510950, 1.048463, 0.297898]","[0.059570, 0.087891, 0.056152]","[0.043121, 0.031036, 0.026855, 0.998199]","[0.073700, 0.057159, 0.009766, 0.995575]","[-0.127686, 0.095215, -0.014160]","[[0.996460, 0.056213, -0.059692], [-0.050964, 0.994690, 0.087708], [0.064209, -0.084412, 0.994202]]",0,"[8251, 7749, 7358, 7803]"
44.985321,"[0.097656, 0.316406, -1.449219]","[-0.872087, 1.504158, 0.498484]","[-0.549999, 0.809998, -0.404758]","[-0.490142, 1.027016, 0.286645]","[0.057617, 0.089600, 0.052734]","[0.044037, 0.030060, 0.025146, 0.998260]","[0.066376, 0.053070, 0.010468, 0.996307]","[0.029541, -0.265381, -0.074951]","[[0.996887, 0.052795, -0.057800], [-0.047546, 0.994812, 0.089355], [0.062195, -0.086426, 0.994263]]",0,"[8220, 7771, 7355, 7753]"
45.018524,"[0.089844, 0.339844, -1.453125]","[-0.886205, 1.533995, 0.506752]","[-0.480000, 0.679998, -0.375378]","[-0.473616, 1.009460, 0.277689]","[0.057373, 0.089844, 0.049805]","[0.044281, 0.029785, 0.023651, 0.998291]","[0.073700, 0.057281, 0.009766, 0.995575]","[0.080078, -0.014648, -0.141357]","[[0.997070, 0.049805, -0.057373], [-0.044556, 0.994934, 0.089783], [0.061523, -0.086975, 0.994263]]",0,"[8154, 7782, 7411, 7749]"
45.05368,"[0.058594, 0.367188, -1.457031]","[-0.904255, 1.572934, 0.517354]","[-0.599998, 0.849998, -0.361650]","[-0.450361, 0.984101, 0.265080]","[0.055176, 0.088623, 0.047119]","[0.043671, 0.028687, 0.022339, 0.998383]","[0.066620, 0.050842, 0.010590, 0.996399]","[-0.052002, -0.257812, -0.074463]","[[0.997314, 0.047058, -0.055359], [-0.042053, 0.995117, 0.088379], [0.059143, -0.085938, 0.994507]]",0,"[8270, 7792, 7329, 7775]"
45.086887,"[0.046875, 0.398438, -1.457031]","[-0.917187, 1.601475, 0.524976]","[-0.499998, 0.749998, -0.338009]","[-0.432039, 0.963665, 0.255131]","[0.052979, 0.090576, 0.043945]","[0.044800, 0.027557, 0.020844, 0.998383]","[0.071747, 0.055817, 0.009979, 0.995789]","[0.200439, -0.094971, -0.160156]","[[0.997498, 0.044006, -0.053162], [-0.039124, 0.994995, 0.090515], [0.056824, -0.088318, 0.994385]]",0,"[8180, 7854, 7393, 7726]"
45.120087,"[0.027344, 0.429688, -1.460938]","[-0.933565, 1.638553, 0.534672]","[-0.629999, 0.929998, -0.357630]","[-0.406442, 0.934506, 0.241238]","[0.051514, 0.087891, 0.041260]","[0.043488, 0.026672, 0.019562, 0.998505]","[0.063446, 0.049530, 0.010834, 0.996674]","[-0.135498, 0.470459, -0.090332]","[[0.997742, 0.041382, -0.051575], [-0.036743, 0.995422, 0.087830], [0.054871, -0.085754, 0.994751]]",0,"[8286, 7783, 7299, 7726]"
45.155247,"[0.007812, 0.457031, -1.468750]","[-0.945180, 1.665583, 0.541582]","[-0.549999, 0.799999, -0.355360]","[-0.386397, 0.911236, 0.230346]","[0.048828, 0.088623, 0.038086]","[0.043884, 0.025299, 0.018066, 0.998535]","[0.070282, 0.053040, 0.010254, 0.996033]","[0.082275, -0.196533, -0.116455]","[[0.997986, 0.038269, -0.048950], [-0.033875, 0.995361, 0.088440], [0.052002, -0.086731, 0.994751]]",0,"[8134, 7833, 7346, 7713]"
45.18845,"[-0.007812, 0.488281, -1.472656]","[-0.959737, 1.700547, 0.550288]","[-0.549999, 0.819998, -0.333590]","[-0.358586, 0.878368, 0.215233]","[0.047363, 0.084229, 0.035645]","[0.041748, 0.024536, 0.016937, 0.998688]","[0.069427, 0.053040, 0.010315, 0.996094]","[-0.083496, 0.205322, -0.077637]","[[0.998230, 0.035828, -0.047546], [-0.031799, 0.995911, 0.084167], [0.050354, -0.082581, 0.995300]]",0,"[8305, 7754, 7260, 7777]"
45.223598,"[-0.039062, 0.527344, -1.476562]","[-0.969927, 1.725905, 0.556423]","[-0.669998, 1.019999, -0.321787]","[-0.336928, 0.852371, 0.203453]","[0.044922, 0.085205, 0.032715]","[0.042236, 0.023193, 0.015503, 0.998718]","[0.059540, 0.046265, 0.011230, 0.997070]","[0.164307, -0.747314, -0.086670]","[[0.998413, 0.032898, -0.045044], [-0.028992, 0.995911, 0.085022], [0.047607, -0.083679, 0.995300]]",0,"[8202, 7795, 7270, 7732]"
45.256805,"[-0.046875, 0.546875, -1.476562]","[-0.982510, 1.758495, 0.564052]","[-0.559999, 0.869999, -0.311687]","[-0.307039, 0.815912, 0.187210]","[0.041748, 0.084961, 0.030029]","[0.042236, 0.021576, 0.014191, 0.998779]","[0.067352, 0.051697, 0.010498, 0.996307]","[0.183838, -0.199707, -0.148926]","[[0.998657, 0.030090, -0.041931], [-0.026550, 0.996033, 0.084961], [0.044250, -0.083740, 0.995483]]",0,"[8118, 7804, 7337, 7750]"
45.290009,"[-0.078125, 0.578125, -1.480469]","[-0.991166, 1.781980, 0.569354]","[-0.709999, 1.079998, -0.324705]","[-0.283899, 0.787315, 0.174634]","[0.038330, 0.080322, 0.026855]","[0.039978, 0.019714, 0.012787, 0.998932]","[0.056946, 0.043121, 0.011536, 0.997375]","[-0.295410, 0.070801, -0.064209]","[[0.998901, 0.027039, -0.038391], [-0.023987, 0.996460, 0.080322], [0.040344, -0.079346, 0.996033]]",0,"[8291, 7809, 7190, 7742]"
45.323227,"[-0.089844, 0.617188, -1.480469]","[-0.999139, 1.804626, 0.574281]","[-0.589998, 0.939999, -0.276398]","[-0.260155, 0.757582, 0.161705]","[0.037109, 0.077637, 0.024414]","[0.038666, 0.019073, 0.011536, 0.998993]","[0.063202, 0.048798, 0.010895, 0.996735]","[-0.104492, -0.400391, -0.052002]","[[0.998901, 0.024475, -0.037231], [-0.021545, 0.996643, 0.077637], [0.038940, -0.076782, 0.996216]]",0,"[8163, 7758, 7226, 7749]"
45.358376,"[-0.117188, 0.656250, -1.484375]","[-1.008652, 1.833404, 0.580251]","[-0.719999, 1.129997, -0.189533]","[-0.227625, 0.716362, 0.144018]","[0.035889, 0.074463, 0.021484]","[0.037079, 0.018402, 0.010162, 0.999115]","[0.053284, 0.041321, 0.011810, 0.997650]","[-0.018066, 0.421387, -0.051514]","[[0.999207, 0.021606, -0.036011], [-0.018921, 0.997131, 0.074402], [0.037476, -0.073669, 0.996643]]",0,"[8248, 7800, 7173, 7740]"
45.389614,"[-0.136719, 0.687500, -1.484375]","[-1.014979, 1.853929, 0.584278]","[-0.599998, 0.979998, -0.144161]","[-0.202541, 0.684193, 0.130379]","[0.036133, 0.073486, 0.019775]","[0.036621, 0.018463, 0.009308, 0.999115]","[0.059906, 0.046265, 0.011230, 0.997040]","[-0.083252, 0.336426, -0.087158]","[[0.999084, 0.019897, -0.036194], [-0.017212, 0.997131, 0.073425], [0.037537, -0.072815, 0.996582]]",0,"[8146, 7823, 7326, 7738]"
45.426727,"[-0.156250, 0.726562, -1.480469]","[-1.022214, 1.879798, 0.589008]","[-0.609999, 0.989998, -0.112825]","[-0.168394, 0.639820, 0.111798]","[0.034180, 0.067627, 0.017090]","[0.033722, 0.017395, 0.008026, 0.999268]","[0.058685, 0.045044, 0.011353, 0.997192]","[-0.078857, 0.228760, -0.123779]","[[0.999329, 0.017151, -0.034241], [-0.014832, 0.997620, 0.067627], [0.035217, -0.067139, 0.997192]]",0,"[8302, 7786, 7222, 7821]"
45.459942,"[-0.179688, 0.769531, -1.480469]","[-1.026767, 1.898038, 0.592073]","[-0.739998, 1.209997, -0.041458]","[-0.142220, 0.605442, 0.097566]","[0.033691, 0.063721, 0.014648]","[0.031830, 0.017151, 0.006836, 0.999329]","[0.046570, 0.037598, 0.012268, 0.998108]","[-0.255615, 0.353760, -0.040283]","[[0.999329, 0.014648, -0.033813], [-0.012573, 0.997864, 0.063782], [0.034668, -0.063416, 0.997375]]",0,"[8294, 7828, 7194, 7832]"
45.49118,"[-0.207031, 0.796875, -1.480469]","[-1.031623, 1.920774, 0.595505]","[-0.629999, 1.049997, -0.075937]","[-0.106670, 0.558193, 0.078234]","[0.031982, 0.064209, 0.012939]","[0.032013, 0.016266, 0.006073, 0.999329]","[0.053650, 0.041199, 0.011780, 0.997620]","[-0.404053, 0.241699, -0.093994]","[[0.999329, 0.013123, -0.032104], [-0.011047, 0.997803, 0.064148], [0.032837, -0.063782, 0.997375]]",0,"[8108, 7907, 7351, 7704]"
