t,p,p_d,v,v_d,Angles,q,q_sp,w,R,T_sp,rpm
76.051216,"[0.089844, 0.097656, -1.097656]","[-0.000000, -0.000000, -0.000000]","[0.019999, 0.000000, 0.023184]","[-0.000001, -0.000001, -0.000000]","[0.005615, -0.018799, 0.031006]","[-0.009521, 0.002716, 0.015594, 0.999847]","[0.000366, 0.000214, 0.014740, 0.999878]","[-0.282227, -0.167236, 0.008545]","[[0.999512, 0.031067, -0.005676], [-0.031189, 0.999390, -0.018982], [0.005066, 0.019104, 0.999817]]",0,"[8048, 7877, 7886, 8022]"
76.125435,"[0.089844, 0.097656, -1.097656]","[-0.000002, -0.000002, -0.000000]","[0.039999, 0.009998, 0.036306]","[-0.000118, -0.000084, -0.000015]","[-0.007568, -0.024658, 0.035400]","[-0.012329, -0.004028, 0.017731, 0.999756]","[-0.000092, 0.001343, 0.014740, 0.999878]","[-0.141602, -0.130859, 0.015381]","[[0.999268, 0.035461, 0.007568], [-0.035339, 0.999023, -0.024841], [-0.008545, 0.024475, 0.999634]]",0,"[8227, 7963, 7745, 7942]"
76.158646,"[0.089844, 0.097656, -1.097656]","[-0.000012, -0.000009, -0.000002]","[0.019999, 0.000000, 0.040632]","[-0.000433, -0.000306, -0.000054]","[-0.011230, -0.027588, 0.037842]","[-0.013672, -0.005951, 0.018890, 0.999725]","[0.000366, 0.000336, 0.014740, 0.999878]","[-0.061768, -0.216553, 0.066895]","[[0.999268, 0.037842, 0.011353], [-0.037598, 0.998962, -0.027588], [-0.012451, 0.027100, 0.999573]]",0,"[8207, 7937, 7762, 7957]"
76.191864,"[0.089844, 0.097656, -1.097656]","[-0.000031, -0.000022, -0.000004]","[0.039999, 0.000000, 0.037987]","[-0.000908, -0.000643, -0.000113]","[-0.013428, -0.030029, 0.040283]","[-0.014954, -0.007019, 0.020172, 0.999664]","[0.000244, 0.001434, 0.014740, 0.999878]","[-0.037109, 0.148682, 0.108887]","[[0.999084, 0.040466, 0.013428], [-0.040100, 0.998718, -0.030212], [-0.014648, 0.029602, 0.999451]]",0,"[8193, 7887, 7767, 7967]"
76.227028,"[0.089844, 0.097656, -1.097656]","[-0.000086, -0.000061, -0.000011]","[0.029999, 0.000000, 0.031605]","[-0.002015, -0.001428, -0.000249]","[-0.016602, -0.031738, 0.042969]","[-0.015717, -0.008759, 0.021393, 0.999603]","[0.000244, 0.000946, 0.014740, 0.999878]","[0.054443, -0.194336, 0.045654]","[[0.998901, 0.042969, 0.016785], [-0.042480, 0.998535, -0.031860], [-0.018250, 0.031006, 0.999268]]",0,"[8214, 7910, 7780, 7930]"
76.258247,"[0.089844, 0.097656, -1.097656]","[-0.000163, -0.000116, -0.000020]","[0.039999, 0.000000, 0.009018]","[-0.003316, -0.002351, -0.000408]","[-0.018311, -0.032959, 0.045166]","[-0.016327, -0.009644, 0.022491, 0.999573]","[0.000244, 0.001312, 0.014740, 0.999878]","[0.182617, -0.019775, 0.093506]","[[0.998779, 0.045227, 0.018494], [-0.044617, 0.998474, -0.033142], [-0.020081, 0.032166, 0.999268]]",0,"[8216, 7893, 7767, 7923]"
76.293404,"[0.089844, 0.097656, -1.101562]","[-0.000286, -0.000202, -0.000035]","[0.070000, 0.000000, 0.040712]","[-0.005122, -0.003633, -0.000628]","[-0.019043, -0.034668, 0.047852]","[-0.017151, -0.010010, 0.023895, 0.999512]","[0.000275, 0.002899, 0.014740, 0.999878]","[-0.221436, -0.120361, 0.061523]","[[0.998596, 0.048035, 0.019165], [-0.047424, 0.998230, -0.034790], [-0.020874, 0.033813, 0.999146]]",0,"[8183, 7901, 7776, 7899]"
76.326607,"[0.097656, 0.097656, -1.101562]","[-0.000547, -0.000388, -0.000067]","[0.070000, -0.009998, -0.042667]","[-0.008474, -0.006016, -0.001033]","[-0.020996, -0.035156, 0.050293]","[-0.017334, -0.010986, 0.024994, 0.999481]","[0.000763, 0.003265, 0.014740, 0.999878]","[0.229492, -0.151123, 0.051025]","[[0.998474, 0.050293, 0.021057], [-0.049561, 0.998108, -0.035217], [-0.022888, 0.034119, 0.999146]]",0,"[8210, 7874, 7726, 7901]"
76.361763,"[0.097656, 0.097656, -1.101562]","[-0.000843, -0.000598, -0.000103]","[0.080000, -0.009998, 0.020342]","[-0.011816, -0.008394, -0.001434]","[-0.020020, -0.037354, 0.053223]","[-0.018463, -0.010559, 0.026550, 0.999420]","[0.000641, 0.003876, 0.014740, 0.999878]","[-0.267822, -0.050537, 0.081787]","[[0.998352, 0.053406, 0.020081], [-0.052673, 0.997864, -0.037537], [-0.022156, 0.036316, 0.999084]]",0,"[8158, 7813, 7742, 7918]"
76.393013,"[0.109375, 0.097656, -1.101562]","[-0.001411, -0.001002, -0.000172]","[0.070000, -0.019999, -0.030951]","[-0.017542, -0.012471, -0.002116]","[-0.020264, -0.037354, 0.056152]","[-0.018372, -0.010712, 0.027924, 0.999390]","[0.001160, 0.004120, 0.014740, 0.999878]","[-0.072021, -0.234131, 0.125000]","[[0.998230, 0.056152, 0.020386], [-0.055420, 0.997742, -0.037354], [-0.022461, 0.036133, 0.999084]]",0,"[8162, 7860, 7764, 7915]"
76.428169,"[0.109375, 0.097656, -1.105469]","[-0.002001, -0.001421, -0.000243]","[0.080000, -0.029999, -0.092913]","[-0.022895, -0.016287, -0.002748]","[-0.020752, -0.035645, 0.058838]","[-0.017548, -0.010925, 0.029327, 0.999359]","[0.001648, 0.004852, 0.014740, 0.999847]","[0.001709, 0.274170, 0.067383]","[[0.998047, 0.058960, 0.020813], [-0.058228, 0.997620, -0.035767], [-0.022888, 0.034424, 0.999146]]",0,"[8145, 7776, 7729, 7838]"
76.46138,"[0.109375, 0.097656, -1.105469]","[-0.003059, -0.002174, -0.000369]","[0.129999, -0.029999, -0.045486]","[-0.031587, -0.022489, -0.003767]","[-0.020020, -0.036133, 0.061523]","[-0.017822, -0.010620, 0.030640, 0.999298]","[0.001556, 0.007416, 0.014740, 0.999847]","[-0.229492, 0.104980, 0.113770]","[[0.997803, 0.061584, 0.020142], [-0.060852, 0.997375, -0.036316], [-0.022339, 0.034973, 0.999023]]",0,"[8095, 7794, 7699, 7802]"
76.494576,"[0.117188, 0.097656, -1.109375]","[-0.004096, -0.002913, -0.000493]","[0.099998, -0.039999, -0.020428]","[-0.039360, -0.028041, -0.004670]","[-0.019287, -0.035645, 0.063965]","[-0.017517, -0.010223, 0.031860, 0.999298]","[0.001923, 0.006683, 0.014740, 0.999847]","[0.131592, -0.254395, 0.086182]","[[0.997803, 0.063965, 0.019287], [-0.063354, 0.997375, -0.035706], [-0.021606, 0.034363, 0.999207]]",0,"[8101, 7802, 7708, 7846]"
76.527786,"[0.117188, 0.089844, -1.109375]","[-0.005376, -0.003825, -0.000644]","[0.119999, -0.049999, -0.039351]","[-0.048271, -0.034414, -0.005696]","[-0.017578, -0.035156, 0.066406]","[-0.017273, -0.009399, 0.033081, 0.999268]","[0.002777, 0.007751, 0.014740, 0.999847]","[0.089111, 0.247803, 0.042969]","[[0.997620, 0.066406, 0.017639], [-0.065796, 0.997192, -0.035217], [-0.019958, 0.033875, 0.999207]]",0,"[8120, 7772, 7732, 7864]"
76.560982,"[0.117188, 0.089844, -1.109375]","[-0.007523, -0.005357, -0.000897]","[0.109999, -0.039999, -0.035696]","[-0.062008, -0.044249, -0.007263]","[-0.015869, -0.034668, 0.068604]","[-0.017090, -0.008545, 0.034210, 0.999237]","[0.002167, 0.007385, 0.014740, 0.999847]","[-0.135254, 0.166260, 0.092529]","[[0.997498, 0.068604, 0.015869], [-0.068115, 0.997070, -0.034790], [-0.018311, 0.033569, 0.999268]]",0,"[8085, 7762, 7726, 7818]"
76.594185,"[0.117188, 0.089844, -1.109375]","[-0.009509, -0.006774, -0.001128]","[0.119999, -0.049999, -0.021515]","[-0.073754, -0.052669, -0.008588]","[-0.015381, -0.033936, 0.070801]","[-0.016693, -0.008362, 0.035309, 0.999207]","[0.002563, 0.008240, 0.014740, 0.999847]","[0.058594, -0.130371, 0.070557]","[[0.997375, 0.070801, 0.015503], [-0.070312, 0.996948, -0.033997], [-0.017944, 0.032776, 0.999268]]",0,"[8107, 7774, 7731, 7814]"
76.627396,"[0.136719, 0.089844, -1.109375]","[-0.012727, -0.009074, -0.001502]","[0.160000, -0.059999, -0.009312]","[-0.091392, -0.065332, -0.010556]","[-0.013916, -0.032715, 0.072998]","[-0.016144, -0.007568, 0.036438, 0.999176]","[0.002960, 0.011536, 0.014709, 0.999817]","[0.196045, 0.020996, 0.030762]","[[0.997192, 0.073059, 0.013916], [-0.072571, 0.996765, -0.032898], [-0.016357, 0.031677, 0.999329]]",0,"[8116, 7767, 7737, 7825]"
76.664497,"[0.136719, 0.089844, -1.113281]","[-0.015617, -0.011140, -0.001834]","[0.129999, -0.059999, -0.015423]","[-0.106126, -0.075925, -0.012179]","[-0.011963, -0.031982, 0.075439]","[-0.015717, -0.006592, 0.037720, 0.999146]","[0.002838, 0.010437, 0.014709, 0.999817]","[0.123047, -0.139893, 0.032959]","[[0.997070, 0.075500, 0.011963], [-0.075134, 0.996643, -0.031982], [-0.014404, 0.030884, 0.999390]]",0,"[8112, 7753, 7722, 7806]"
76.728951,"[0.148438, 0.078125, -1.113281]","[-0.024179, -0.017272, -0.002809]","[0.169998, -0.070000, -0.014355]","[-0.145554, -0.104336, -0.016438]","[-0.009033, -0.029541, 0.079590]","[-0.014587, -0.005157, 0.039825, 0.999084]","[0.003601, 0.014099, 0.014709, 0.999756]","[0.030518, 0.221191, 0.061523]","[[0.996704, 0.079651, 0.009094], [-0.079407, 0.996338, -0.029602], [-0.011536, 0.028748, 0.999451]]",0,"[8121, 7764, 7761, 7808]"
76.762154,"[0.156250, 0.078125, -1.113281]","[-0.028718, -0.020527, -0.003320]","[0.160000, -0.059999, 0.003130]","[-0.164591, -0.118086, -0.018452]","[-0.007080, -0.028564, 0.081787]","[-0.014160, -0.004242, 0.040955, 0.999054]","[0.002625, 0.014465, 0.014709, 0.999756]","[-0.076172, 0.023682, 0.128662]","[[0.996582, 0.081848, 0.007263], [-0.081726, 0.996216, -0.028687], [-0.009705, 0.027954, 0.999512]]",0,"[8120, 7769, 7735, 7803]"
76.795364,"[0.156250, 0.066406, -1.113281]","[-0.035676, -0.025522, -0.004096]","[0.189999, -0.080000, 0.016354]","[-0.191937, -0.137874, -0.021298]","[-0.005127, -0.027832, 0.083740]","[-0.013824, -0.003265, 0.041962, 0.999023]","[0.004120, 0.016541, 0.014679, 0.999725]","[0.099609, 0.008301, -0.015381]","[[0.996460, 0.083862, 0.005310], [-0.083740, 0.996094, -0.027954], [-0.007751, 0.027344, 0.999573]]",0,"[8090, 7767, 7762, 7816]"
76.830513,"[0.167969, 0.066406, -1.109375]","[-0.041617, -0.029792, -0.004752]","[0.160000, -0.070000, 0.017864]","[-0.213867, -0.153773, -0.023541]","[-0.002441, -0.027344, 0.085693]","[-0.013580, -0.001923, 0.042969, 0.998993]","[0.003418, 0.016663, 0.014679, 0.999725]","[-0.070801, 0.161377, 0.125488]","[[0.996338, 0.085815, 0.002625], [-0.085815, 0.995972, -0.027344], [-0.005066, 0.026978, 0.999634]]",0,"[8120, 7758, 7769, 7818]"
76.861763,"[0.167969, 0.066406, -1.109375]","[-0.050572, -0.036235, -0.005732]","[0.150000, -0.070000, 0.022999]","[-0.244928, -0.176338, -0.026656]","[0.000000, -0.026611, 0.087646]","[-0.013275, -0.000702, 0.043854, 0.998962]","[0.002808, 0.016785, 0.014709, 0.999725]","[-0.005615, 0.148682, 0.108887]","[[0.996155, 0.087585, 0.000183], [-0.087585, 0.995850, -0.026672], [-0.002625, 0.026428, 0.999695]]",0,"[8093, 7731, 7761, 7821]"
76.896919,"[0.179688, 0.066406, -1.109375]","[-0.058103, -0.041660, -0.006548]","[0.199999, -0.089998, 0.032078]","[-0.269520, -0.194243, -0.029072]","[0.001465, -0.025635, 0.089355]","[-0.012878, 0.000183, 0.044739, 0.998901]","[0.003357, 0.020813, 0.014679, 0.999664]","[0.048096, 0.019531, -0.004150]","[[0.995911, 0.089294, -0.001465], [-0.089417, 0.995605, -0.025757], [-0.000854, 0.025757, 0.999573]]",0,"[8106, 7749, 7796, 7808]"
76.93013,"[0.187500, 0.058594, -1.109375]","[-0.069300, -0.049735, -0.007748]","[0.169998, -0.080000, 0.025129]","[-0.303957, -0.219373, -0.032378]","[0.003662, -0.025879, 0.090820]","[-0.012970, 0.001312, 0.045532, 0.998871]","[0.002625, 0.020935, 0.014679, 0.999664]","[-0.015381, 0.121094, 0.106201]","[[0.995789, 0.090881, -0.003784], [-0.091003, 0.995483, -0.025879], [0.001343, 0.026001, 0.999573]]",0,"[8146, 7738, 7761, 7807]"
76.965279,"[0.199219, 0.058594, -1.109375]","[-0.078597, -0.056449, -0.008734]","[0.179998, -0.099998, 0.041759]","[-0.330922, -0.239100, -0.034904]","[0.006592, -0.025391, 0.092773]","[-0.012848, 0.002747, 0.046448, 0.998840]","[0.003143, 0.023132, 0.014679, 0.999603]","[-0.001465, 0.069336, -0.032227]","[[0.995667, 0.092651, -0.006653], [-0.092896, 0.995361, -0.025452], [0.004211, 0.025940, 0.999634]]",0,"[8115, 7746, 7771, 7794]"
76.996529,"[0.199219, 0.058594, -1.109375]","[-0.088696, -0.063750, -0.009793]","[0.160000, -0.089998, 0.051453]","[-0.358785, -0.259528, -0.037455]","[0.009033, -0.025146, 0.093994]","[-0.012756, 0.004028, 0.047089, 0.998810]","[0.001923, 0.023285, 0.014709, 0.999603]","[-0.032715, 0.016113, -0.020752]","[[0.995544, 0.093933, -0.009216], [-0.094177, 0.995239, -0.025146], [0.006775, 0.025879, 0.999634]]",0,"[8121, 7752, 7779, 7812]"
77.029732,"[0.207031, 0.058594, -1.105469]","[-0.103460, -0.074438, -0.011323]","[0.209999, -0.109999, 0.038094]","[-0.397233, -0.287795, -0.040872]","[0.011475, -0.024902, 0.095215]","[-0.012756, 0.005188, 0.047791, 0.998749]","[0.002106, 0.027405, 0.014679, 0.999512]","[0.054932, -0.005859, 0.061035]","[[0.995300, 0.095276, -0.011536], [-0.095642, 0.994995, -0.025024], [0.009094, 0.026001, 0.999512]]",0,"[8115, 7729, 7777, 7812]"
77.064903,"[0.207031, 0.058594, -1.105469]","[-0.115531, -0.083189, -0.012558]","[0.160000, -0.080000, 0.067488]","[-0.426924, -0.309688, -0.043426]","[0.014648, -0.024902, 0.096680]","[-0.012817, 0.006744, 0.048523, 0.998718]","[-0.000092, 0.026245, 0.014740, 0.999542]","[-0.053955, 0.131104, 0.017334]","[[0.995178, 0.096680, -0.014709], [-0.097046, 0.994934, -0.025024], [0.012146, 0.026245, 0.999573]]",0,"[8143, 7756, 7768, 7790]"
77.098091,"[0.218750, 0.046875, -1.105469]","[-0.132993, -0.095867, -0.014320]","[0.139999, -0.089998, 0.049704]","[-0.467501, -0.339702, -0.046793]","[0.018066, -0.024902, 0.097900]","[-0.012848, 0.008423, 0.049133, 0.998657]","[0.000153, 0.027313, 0.014740, 0.999512]","[-0.001465, 0.033691, -0.010498]","[[0.994934, 0.097839, -0.018066], [-0.098328, 0.994751, -0.024902], [0.015503, 0.026489, 0.999451]]",0,"[8093, 7755, 7806, 7818]"
77.133247,"[0.218750, 0.046875, -1.101562]","[-0.147144, -0.106156, -0.015728]","[0.189999, -0.119999, 0.058521]","[-0.498578, -0.362766, -0.049271]","[0.020752, -0.025635, 0.099365]","[-0.013275, 0.009796, 0.049835, 0.998596]","[0.000702, 0.031464, 0.014709, 0.999390]","[-0.119873, 0.248779, 0.060547]","[[0.994690, 0.099182, -0.020874], [-0.099792, 0.994568, -0.025635], [0.018188, 0.027466, 0.999329]]",0,"[8098, 7739, 7779, 7791]"
77.164505,"[0.226562, 0.046875, -1.101562]","[-0.167444, -0.120940, -0.017716]","[0.139999, -0.099998, 0.101500]","[-0.540712, -0.394148, -0.052483]","[0.022949, -0.025879, 0.100342]","[-0.013550, 0.010803, 0.050415, 0.998566]","[-0.001221, 0.031250, 0.014771, 0.999390]","[-0.131592, 0.355713, 0.036621]","[[0.994629, 0.100342, -0.022949], [-0.100952, 0.994446, -0.026062], [0.020142, 0.028137, 0.999329]]",0,"[8147, 7760, 7751, 7789]"
77.230904,"[0.238281, 0.039062, -1.093750]","[-0.201004, -0.145439, -0.020926]","[0.160000, -0.129999, 0.116844]","[-0.604965, -0.442271, -0.057029]","[0.028320, -0.026367, 0.102051]","[-0.013947, 0.013519, 0.051331, 0.998474]","[-0.001526, 0.036255, 0.014771, 0.999207]","[0.170898, 0.032227, 0.062012]","[[0.994263, 0.102051, -0.028442], [-0.102905, 0.994202, -0.026550], [0.025513, 0.029236, 0.999146]]",0,"[8160, 7797, 7830, 7837]"
77.264107,"[0.250000, 0.027344, -1.093750]","[-0.225479, -0.163351, -0.023209]","[0.129999, -0.099998, 0.111177]","[-0.648210, -0.474858, -0.059828]","[0.031494, -0.027588, 0.103027]","[-0.014557, 0.015015, 0.051788, 0.998413]","[-0.003571, 0.037384, 0.014862, 0.999176]","[-0.126709, 0.288086, 0.062012]","[[0.994019, 0.102905, -0.031494], [-0.103882, 0.994080, -0.027588], [0.028442, 0.030640, 0.998962]]",0,"[8176, 7761, 7770, 7823]"
77.299278,"[0.250000, 0.027344, -1.089844]","[-0.244946, -0.177623, -0.024991]","[0.150000, -0.139999, 0.168739]","[-0.680715, -0.499464, -0.061781]","[0.034180, -0.028320, 0.103516]","[-0.014984, 0.016388, 0.052063, 0.998383]","[-0.003052, 0.040680, 0.014832, 0.999054]","[0.133789, -0.175049, 0.016846]","[[0.993958, 0.103394, -0.034302], [-0.104492, 0.994019, -0.028320], [0.031128, 0.031616, 0.998901]]",0,"[8164, 7802, 7804, 7825]"
77.332466,"[0.257812, 0.019531, -1.085938]","[-0.272382, -0.197776, -0.027451]","[0.119999, -0.109999, 0.179657]","[-0.723985, -0.532385, -0.064164]","[0.037598, -0.028076, 0.104736]","[-0.015015, 0.018097, 0.052673, 0.998322]","[-0.005463, 0.041565, 0.014954, 0.998993]","[0.031982, 0.472656, 0.060059]","[[0.993713, 0.104614, -0.037720], [-0.105713, 0.993896, -0.028137], [0.034546, 0.031921, 0.998779]]",0,"[8222, 7822, 7817, 7824]"
77.365669,"[0.257812, 0.019531, -1.082031]","[-0.294066, -0.213735, -0.029355]","[0.099998, -0.129999, 0.172110]","[-0.756280, -0.557089, -0.065768]","[0.041504, -0.028564, 0.105469]","[-0.015411, 0.020081, 0.053101, 0.998260]","[-0.005676, 0.042908, 0.014954, 0.998932]","[-0.260742, 0.057617, -0.026611]","[[0.993469, 0.105286, -0.041687], [-0.106628, 0.993835, -0.028748], [0.038391, 0.032898, 0.998657]]",0,"[8174, 7823, 7859, 7837]"
77.398872,"[0.257812, 0.007812, -1.078125]","[-0.324444, -0.236139, -0.031962]","[0.119999, -0.150000, 0.198158]","[-0.798975, -0.589936, -0.067638]","[0.043213, -0.029541, 0.106201]","[-0.015869, 0.020813, 0.053497, 0.998199]","[-0.005646, 0.046326, 0.014984, 0.998779]","[0.120850, -0.123047, 0.016846]","[[0.993286, 0.106079, -0.043213], [-0.107422, 0.993652, -0.029541], [0.039795, 0.033936, 0.998474]]",0,"[8211, 7821, 7816, 7829]"
77.434029,"[0.269531, 0.007812, -1.074219]","[-0.348316, -0.253781, -0.033961]","[0.089998, -0.139999, 0.171572]","[-0.830623, -0.614436, -0.068822]","[0.047363, -0.029785, 0.107178]","[-0.016113, 0.022919, 0.054047, 0.998138]","[-0.007812, 0.048065, 0.015076, 0.998688]","[-0.245361, 0.193848, 0.002686]","[[0.993042, 0.107056, -0.047485], [-0.108643, 0.993591, -0.029785], [0.043945, 0.034668, 0.998352]]",0,"[8201, 7826, 7830, 7818]"
77.467239,"[0.269531, 0.000000, -1.074219]","[-0.381570, -0.278411, -0.036675]","[0.089998, -0.169998, 0.137150]","[-0.872172, -0.646817, -0.070089]","[0.051025, -0.031006, 0.107910]","[-0.016968, 0.024689, 0.054413, 0.998047]","[-0.007385, 0.050751, 0.015076, 0.998566]","[0.013916, -0.169189, 0.006592]","[[0.992737, 0.107727, -0.051147], [-0.109436, 0.993347, -0.031189], [0.047363, 0.036560, 0.998108]]",0,"[8153, 7811, 7820, 7824]"
77.500435,"[0.269531, 0.000000, -1.074219]","[-0.407571, -0.297713, -0.038739]","[0.070000, -0.139999, 0.144413]","[-0.902763, -0.670833, -0.070791]","[0.053711, -0.032227, 0.108643]","[-0.017578, 0.026001, 0.054810, 0.998016]","[-0.010651, 0.052490, 0.015259, 0.998444]","[0.211426, 0.133301, 0.054688]","[[0.992676, 0.108459, -0.053833], [-0.110291, 0.993408, -0.032288], [0.049927, 0.037903, 0.998047]]",0,"[8214, 7783, 7740, 7802]"
77.533638,"[0.277344, -0.007812, -1.070312]","[-0.434467, -0.317720, -0.040821]","[0.039999, -0.150000, 0.183325]","[-0.932794, -0.694567, -0.071270]","[0.057617, -0.032471, 0.109375]","[-0.017822, 0.027924, 0.055145, 0.997955]","[-0.011475, 0.054108, 0.015320, 0.998322]","[-0.214600, 0.231689, -0.023926]","[[0.992432, 0.109009, -0.057739], [-0.111084, 0.993347, -0.032532], [0.053711, 0.038635, 0.997864]]",0,"[8184, 7847, 7813, 7786]"
77.566849,"[0.277344, -0.007812, -1.066406]","[-0.471664, -0.345456, -0.043611]","[0.049999, -0.189999, 0.130060]","[-0.971819, -0.725672, -0.071542]","[0.061279, -0.034424, 0.109619]","[-0.018829, 0.029694, 0.055328, 0.997864]","[-0.011292, 0.057251, 0.015320, 0.998169]","[-0.108643, -0.064941, -0.006348]","[[0.992126, 0.109253, -0.061340], [-0.111572, 0.993164, -0.034363], [0.057068, 0.040833, 0.997559]]",0,"[8159, 7810, 7823, 7830]"
77.600044,"[0.277344, -0.019531, -1.066406]","[-0.500553, -0.367052, -0.045707]","[0.009998, -0.169998, 0.129326]","[-1.000267, -0.748555, -0.071462]","[0.063965, -0.035156, 0.109619]","[-0.019348, 0.030975, 0.055389, 0.997803]","[-0.013733, 0.058411, 0.015472, 0.998077]","[0.288086, 0.055176, 0.037598]","[[0.991943, 0.109314, -0.063965], [-0.111755, 0.993103, -0.035217], [0.059570, 0.042053, 0.997314]]",0,"[8211, 7799, 7753, 7787]"
77.633255,"[0.277344, -0.019531, -1.062500]","[-0.540364, -0.396890, -0.048491]","[0.029999, -0.199999, 0.215727]","[-1.036993, -0.778397, -0.070960]","[0.067627, -0.035645, 0.109863]","[-0.019714, 0.032898, 0.055573, 0.997742]","[-0.014130, 0.062317, 0.015564, 0.997833]","[-0.183594, 0.385986, 0.009766]","[[0.991699, 0.109497, -0.067810], [-0.112183, 0.993103, -0.035767], [0.063416, 0.042969, 0.997131]]",0,"[8178, 7837, 7793, 7747]"
77.668404,"[0.277344, -0.027344, -1.062500]","[-0.571120, -0.420003, -0.050559]","[-0.009998, -0.169998, 0.255806]","[-1.063529, -0.800199, -0.070278]","[0.072021, -0.037109, 0.110596]","[-0.020599, 0.034973, 0.056000, 0.997620]","[-0.017273, 0.063446, 0.015778, 0.997681]","[0.157715, 0.027344, 0.035645]","[[0.991272, 0.110229, -0.072083], [-0.113159, 0.992920, -0.037231], [0.067444, 0.045044, 0.996704]]",0,"[8235, 7874, 7820, 7827]"
77.701614,"[0.269531, -0.039062, -1.058594]","[-0.613341, -0.451823, -0.053281]","[-0.039999, -0.179998, 0.236761]","[-1.097533, -0.828475, -0.068950]","[0.076660, -0.037842, 0.110596]","[-0.021057, 0.037231, 0.056091, 0.997528]","[-0.018097, 0.064697, 0.015839, 0.997589]","[-0.090576, 0.367920, -0.024414]","[[0.990967, 0.110291, -0.076599], [-0.113464, 0.992859, -0.037903], [0.071838, 0.046204, 0.996399]]",0,"[8210, 7864, 7865, 7826]"
77.734825,"[0.269531, -0.039062, -1.054688]","[-0.645855, -0.476397, -0.055282]","[-0.059999, -0.240000, 0.236704]","[-1.121912, -0.849022, -0.067633]","[0.079102, -0.040771, 0.110840]","[-0.022491, 0.038391, 0.056244, 0.997437]","[-0.017456, 0.066864, 0.015839, 0.997467]","[-0.205566, 0.031738, -0.040771]","[[0.990723, 0.110413, -0.079102], [-0.113953, 0.992676, -0.040649], [0.073975, 0.049194, 0.996033]]",0,"[8252, 7889, 7823, 7830]"
77.768021,"[0.269531, -0.046875, -1.054688]","[-0.679069, -0.501564, -0.057241]","[-0.049999, -0.219999, 0.226141]","[-1.145284, -0.868966, -0.066035]","[0.081787, -0.040771, 0.110840]","[-0.022675, 0.039734, 0.056244, 0.997375]","[-0.020325, 0.070679, 0.016083, 0.997131]","[0.092285, 0.059326, 0.059570]","[[0.990479, 0.110352, -0.081787], [-0.114014, 0.992615, -0.040833], [0.076660, 0.049744, 0.995789]]",0,"[8273, 7926, 7833, 7831]"
77.801216,"[0.269531, -0.058594, -1.050781]","[-0.724380, -0.536005, -0.059771]","[-0.099998, -0.259998, 0.201653]","[-1.174794, -0.894570, -0.063460]","[0.085205, -0.041992, 0.110840]","[-0.023376, 0.041382, 0.056335, 0.997284]","[-0.019806, 0.071533, 0.016052, 0.997101]","[-0.049561, 0.175293, -0.036621]","[[0.990173, 0.110352, -0.085205], [-0.114258, 0.992554, -0.041992], [0.079834, 0.051270, 0.995422]]",0,"[8256, 7919, 7829, 7817]"
77.834442,"[0.269531, -0.066406, -1.046875]","[-0.759115, -0.562492, -0.061598]","[-0.109999, -0.219999, 0.208336]","[-1.195662, -0.913010, -0.061191]","[0.088135, -0.043213, 0.110840]","[-0.023987, 0.042786, 0.056335, 0.997223]","[-0.023651, 0.074280, 0.016388, 0.996796]","[-0.050781, 0.099121, -0.024902]","[[0.989990, 0.110229, -0.088074], [-0.114380, 0.992493, -0.043091], [0.082581, 0.052612, 0.995178]]",0,"[8285, 7916, 7819, 7820]"
77.869576,"[0.257812, -0.078125, -1.046875]","[-0.806325, -0.598611, -0.063922]","[-0.119999, -0.240000, 0.197638]","[-1.221685, -0.936491, -0.057712]","[0.091553, -0.044434, 0.110840]","[-0.024719, 0.044464, 0.056458, 0.997101]","[-0.024445, 0.076843, 0.016510, 0.996582]","[0.017822, -0.088379, -0.022217]","[[0.989624, 0.110291, -0.091431], [-0.114807, 0.992310, -0.044312], [0.085815, 0.054321, 0.994751]]",0,"[8268, 7933, 7825, 7806]"
77.902779,"[0.250000, -0.089844, -1.046875]","[-0.842386, -0.626295, -0.065570]","[-0.179998, -0.299999, 0.175159]","[-1.239822, -0.953248, -0.054756]","[0.095215, -0.046387, 0.110840]","[-0.025757, 0.046234, 0.056519, 0.997009]","[-0.023224, 0.076843, 0.016418, 0.996613]","[-0.045166, 0.266846, -0.052490]","[[0.989319, 0.110229, -0.095093], [-0.115112, 0.992310, -0.046204], [0.089233, 0.056580, 0.994385]]",0,"[8287, 7937, 7826, 7797]"
77.935982,"[0.250000, -0.089844, -1.042969]","[-0.891268, -0.663957, -0.067625]","[-0.179998, -0.259998, 0.165436]","[-1.262110, -0.974419, -0.050353]","[0.098389, -0.047852, 0.110840]","[-0.026642, 0.047760, 0.056519, 0.996918]","[-0.027771, 0.080322, 0.016846, 0.996216]","[-0.137451, 0.033203, 0.095703]","[[0.989075, 0.110107, -0.098267], [-0.115234, 0.992188, -0.047791], [0.092163, 0.058533, 0.994019]]",0,"[8252, 7933, 7812, 7821]"
77.969185,"[0.238281, -0.097656, -1.042969]","[-0.928462, -0.692719, -0.069047]","[-0.230000, -0.339998, 0.154879]","[-1.277345, -0.989362, -0.046702]","[0.100342, -0.048584, 0.110352]","[-0.027069, 0.048828, 0.056335, 0.996857]","[-0.025818, 0.080902, 0.016724, 0.996216]","[0.132080, -0.068604, -0.107910]","[[0.988892, 0.109619, -0.100342], [-0.114990, 0.992188, -0.048523], [0.094238, 0.059509, 0.993713]]",0,"[8283, 7974, 7821, 7780]"
78.002396,"[0.226562, -0.109375, -1.039062]","[-0.966101, -0.721919, -0.070359]","[-0.230000, -0.289999, 0.151230]","[-1.291299, -1.003501, -0.042750]","[0.103760, -0.050293, 0.109863]","[-0.027893, 0.050415, 0.056183, 0.996765]","[-0.029999, 0.083649, 0.017120, 0.995880]","[-0.122559, 0.375977, 0.018555]","[[0.988586, 0.109131, -0.103638], [-0.114868, 0.992126, -0.050049], [0.097290, 0.061279, 0.993347]]",0,"[8295, 7967, 7816, 7785]"
78.035591,"[0.226562, -0.117188, -1.039062]","[-1.016863, -0.761458, -0.071918]","[-0.259998, -0.299999, 0.160030]","[-1.307827, -1.021035, -0.037016]","[0.105713, -0.051270, 0.109375]","[-0.028473, 0.051392, 0.055969, 0.996704]","[-0.031769, 0.085999, 0.017334, 0.995605]","[-0.085693, -0.186279, -0.019531]","[[0.988403, 0.108582, -0.105652], [-0.114441, 0.992065, -0.051025], [0.099182, 0.062500, 0.993042]]",0,"[8273, 8028, 7846, 7787]"
78.068794,"[0.218750, -0.136719, -1.035156]","[-1.055341, -0.791552, -0.072935]","[-0.339998, -0.379999, 0.093092]","[-1.318636, -1.033174, -0.032364]","[0.107910, -0.053955, 0.108643]","[-0.029816, 0.052368, 0.055725, 0.996613]","[-0.029236, 0.085114, 0.017090, 0.995789]","[0.102783, 0.126465, 0.005859]","[[0.988220, 0.107849, -0.107727], [-0.114197, 0.991882, -0.053650], [0.101013, 0.065247, 0.992615]]",0,"[8336, 8019, 7822, 7779]"
78.103951,"[0.199219, -0.148438, -1.035156]","[-1.107108, -0.832211, -0.074071]","[-0.289999, -0.329998, 0.138027]","[-1.330889, -1.047961, -0.025693]","[0.110352, -0.056152, 0.107666]","[-0.031006, 0.053589, 0.055389, 0.996552]","[-0.033844, 0.090302, 0.017639, 0.995178]","[-0.152832, -0.109619, -0.033936]","[[0.988098, 0.106995, -0.110229], [-0.113708, 0.991943, -0.055908], [0.103271, 0.067749, 0.992310]]",0,"[8305, 8025, 7825, 7826]"
78.137161,"[0.187500, -0.156250, -1.035156]","[-1.146203, -0.863056, -0.074746]","[-0.400000, -0.419998, 0.090096]","[-1.338399, -1.057967, -0.020342]","[0.112793, -0.055176, 0.107178]","[-0.030518, 0.054901, 0.055145, 0.996521]","[-0.031494, 0.087830, 0.017365, 0.995483]","[0.108154, 0.107178, 0.051514]","[[0.987915, 0.106506, -0.112793], [-0.113220, 0.992065, -0.054810], [0.105957, 0.066895, 0.992126]]",0,"[8279, 8095, 7843, 7763]"
78.170364,"[0.179688, -0.167969, -1.035156]","[-1.198655, -0.904629, -0.075394]","[-0.369999, -0.369999, 0.094103]","[-1.346146, -1.069835, -0.012739]","[0.115479, -0.057373, 0.106445]","[-0.031708, 0.056091, 0.054871, 0.996399]","[-0.035980, 0.092529, 0.017914, 0.994873]","[-0.064453, 0.046631, -0.097168]","[[0.987549, 0.105713, -0.115295], [-0.112915, 0.991882, -0.057129], [0.108215, 0.069336, 0.991577]]",0,"[8288, 8038, 7842, 7815]"
78.203583,"[0.167969, -0.179688, -1.031250]","[-1.238144, -0.936079, -0.075679]","[-0.400000, -0.389999, 0.070379]","[-1.350220, -1.077587, -0.006694]","[0.117432, -0.057617, 0.105713]","[-0.031891, 0.057159, 0.054504, 0.996368]","[-0.036926, 0.094025, 0.018066, 0.994690]","[-0.009521, 0.190186, 0.009766]","[[0.987488, 0.104919, -0.117371], [-0.112244, 0.992004, -0.057373], [0.110413, 0.069824, 0.991394]]",0,"[8328, 8076, 7826, 7777]"
78.236771,"[0.148438, -0.207031, -1.035156]","[-1.277754, -0.967757, -0.075783]","[-0.509998, -0.480000, 0.058348]","[-1.352771, -1.084339, -0.000351]","[0.119385, -0.058838, 0.104980]","[-0.032471, 0.058136, 0.054199, 0.996307]","[-0.033844, 0.091034, 0.017670, 0.995087]","[-0.111328, -0.119873, -0.031738]","[[0.987305, 0.104187, -0.119324], [-0.111755, 0.991943, -0.058472], [0.112244, 0.071045, 0.991089]]",0,"[8293, 8117, 7832, 7740]"
78.271919,"[0.128906, -0.218750, -1.035156]","[-1.330633, -1.010274, -0.075624]","[-0.459999, -0.400000, 0.034933]","[-1.353764, -1.091752, 0.008564]","[0.121338, -0.059082, 0.104004]","[-0.032654, 0.059052, 0.053711, 0.996246]","[-0.039764, 0.096161, 0.018402, 0.994385]","[-0.150146, 0.305420, -0.002441]","[[0.987061, 0.103088, -0.121155], [-0.110901, 0.991943, -0.058777], [0.114075, 0.071350, 0.990723]]",0,"[8307, 8079, 7800, 7751]"
78.305138,"[0.109375, -0.238281, -1.035156]","[-1.370260, -1.042307, -0.075271]","[-0.599998, -0.519999, 0.020216]","[-1.352656, -1.096066, 0.015587]","[0.122070, -0.059082, 0.103516]","[-0.032715, 0.059479, 0.053528, 0.996246]","[-0.035645, 0.091675, 0.017853, 0.994965]","[-0.017334, -0.267822, -0.060547]","[[0.987122, 0.102722, -0.122009], [-0.110535, 0.992004, -0.058838], [0.114929, 0.071533, 0.990662]]",0,"[8306, 8132, 7836, 7715]"
78.338341,"[0.089844, -0.250000, -1.035156]","[-1.423046, -1.085218, -0.074472]","[-0.519999, -0.449999, 0.006615]","[-1.348675, -1.100123, 0.025406]","[0.123291, -0.059814, 0.103027]","[-0.033051, 0.060059, 0.053345, 0.996216]","[-0.040802, 0.098236, 0.018585, 0.994141]","[-0.039307, 0.158691, 0.063721]","[[0.987000, 0.102234, -0.123169], [-0.110291, 0.992065, -0.059509], [0.116089, 0.072205, 0.990540]]",0,"[8296, 8101, 7844, 7771]"
78.371536,"[0.066406, -0.257812, -1.035156]","[-1.462470, -1.117467, -0.073616]","[-0.539999, -0.459999, 0.013315]","[-1.343814, -1.101918, 0.033093]","[0.122803, -0.060791, 0.102783]","[-0.033447, 0.059784, 0.053223, 0.996216]","[-0.042450, 0.099365, 0.018799, 0.993958]","[0.042725, -0.138672, -0.063232]","[[0.987061, 0.101990, -0.122681], [-0.110046, 0.992004, -0.060303], [0.115479, 0.072998, 0.990479]]",0,"[8350, 8183, 7812, 7724]"
78.406685,"[0.046875, -0.277344, -1.035156]","[-1.514801, -1.160533, -0.072116]","[-0.699999, -0.569998, 0.002337]","[-1.334696, -1.102517, 0.043792]","[0.125244, -0.062744, 0.102539]","[-0.034454, 0.060913, 0.053101, 0.996124]","[-0.039093, 0.093811, 0.018250, 0.994629]","[-0.129883, -0.093506, -0.015869]","[[0.986816, 0.101562, -0.125000], [-0.109985, 0.991882, -0.062256], [0.117676, 0.075073, 0.990112]]",0,"[8338, 8171, 7808, 7718]"
78.439896,"[0.039062, -0.296875, -1.035156]","[-1.553773, -1.192819, -0.070712]","[-0.609999, -0.499998, -0.020487]","[-1.325928, -1.101650, 0.052130]","[0.127441, -0.062256, 0.102295]","[-0.034332, 0.061981, 0.053101, 0.996063]","[-0.043610, 0.101349, 0.018982, 0.993683]","[0.085938, 0.132568, 0.069092]","[[0.986572, 0.101501, -0.127136], [-0.110046, 0.991882, -0.061890], [0.119812, 0.074951, 0.989868]]",0,"[8308, 8143, 7854, 7761]"
78.473091,"[0.000000, -0.316406, -1.039062]","[-1.605307, -1.235801, -0.068452]","[-0.769999, -0.619999, -0.017187]","[-1.311640, -1.098689, 0.063669]","[0.127197, -0.061768, 0.102295]","[-0.034119, 0.061890, 0.053101, 0.996094]","[-0.039551, 0.094574, 0.018341, 0.994537]","[0.014648, -0.145020, -0.078613]","[[0.986694, 0.101501, -0.126953], [-0.110046, 0.992004, -0.061462], [0.119629, 0.074524, 0.989990]]",0,"[8368, 8246, 7839, 7667]"
78.506294,"[-0.019531, -0.339844, -1.039062]","[-1.643559, -1.267954, -0.066454]","[-0.679998, -0.539999, -0.041986]","[-1.298935, -1.095114, 0.072629]","[0.128174, -0.062988, 0.102539]","[-0.034729, 0.062378, 0.053223, 0.996033]","[-0.044586, 0.101349, 0.019073, 0.993652]","[-0.084717, 0.273926, 0.040771]","[[0.986511, 0.101685, -0.127930], [-0.110352, 0.991882, -0.062622], [0.120483, 0.075806, 0.989746]]",0,"[8376, 8150, 7833, 7759]"
78.539497,"[-0.039062, -0.359375, -1.039062]","[-1.681384, -1.299978, -0.064193]","[-0.709999, -0.539999, -0.041895]","[-1.284530, -1.090408, 0.081838]","[0.127686, -0.063232, 0.102783]","[-0.034851, 0.062195, 0.053375, 0.996033]","[-0.046143, 0.102020, 0.019287, 0.993500]","[0.014648, -0.191406, 0.003906]","[[0.986511, 0.101929, -0.127563], [-0.110718, 0.991821, -0.062866], [0.120117, 0.076050, 0.989807]]",0,"[8371, 8240, 7823, 7687]"
78.572708,"[-0.058594, -0.378906, -1.039062]","[-1.731146, -1.342420, -0.060751]","[-0.889997, -0.679998, -0.031078]","[-1.262817, -1.082308, 0.094490]","[0.128662, -0.064453, 0.103516]","[-0.035522, 0.062592, 0.053802, 0.995972]","[-0.040741, 0.095062, 0.018463, 0.994446]","[-0.026367, 0.117188, 0.076416]","[[0.986389, 0.102661, -0.128479], [-0.111572, 0.991699, -0.064087], [0.120789, 0.077515, 0.989624]]",0,"[8402, 8263, 7819, 7693]"
78.607864,"[-0.097656, -0.398438, -1.042969]","[-1.767871, -1.374014, -0.057841]","[-0.759998, -0.589998, -0.006586]","[-1.244643, -1.074906, 0.104242]","[0.130127, -0.064453, 0.104004]","[-0.035492, 0.063263, 0.054047, 0.995911]","[-0.046722, 0.102631, 0.019348, 0.993408]","[-0.016357, 0.320801, 0.085449]","[[0.986145, 0.103088, -0.129822], [-0.112122, 0.991638, -0.063904], [0.122131, 0.077576, 0.989441]]",0,"[8409, 8220, 7873, 7785]"
78.64106,"[-0.128906, -0.417969, -1.039062]","[-1.815977, -1.415782, -0.053509]","[-0.959999, -0.719999, 0.014206]","[-1.217932, -1.063285, 0.117583]","[0.128906, -0.065430, 0.104736]","[-0.035950, 0.062592, 0.054413, 0.995911]","[-0.041992, 0.093994, 0.018524, 0.994507]","[-0.028076, -0.442383, -0.004639]","[[0.986206, 0.103821, -0.128601], [-0.112854, 0.991455, -0.064880], [0.120667, 0.078430, 0.989563]]",0,"[8450, 8319, 7878, 7730]"
78.674271,"[-0.148438, -0.437500, -1.042969]","[-1.851351, -1.446797, -0.049914]","[-0.839998, -0.619999, -0.028477]","[-1.196072, -1.053273, 0.127828]","[0.129150, -0.065918, 0.104980]","[-0.036316, 0.062805, 0.054535, 0.995880]","[-0.047821, 0.101685, 0.019440, 0.993469]","[-0.039307, 0.407715, 0.025879]","[[0.986145, 0.104004, -0.129028], [-0.113159, 0.991394, -0.065552], [0.121094, 0.079224, 0.989441]]",0,"[8472, 8259, 7918, 7798]"
78.707474,"[-0.179688, -0.468750, -1.046875]","[-1.897466, -1.487653, -0.044649]","[-0.859999, -0.629999, -0.048893]","[-1.164560, -1.038228, 0.141776]","[0.127930, -0.065918, 0.105713]","[-0.036194, 0.062164, 0.054901, 0.995880]","[-0.048065, 0.101807, 0.019470, 0.993439]","[-0.060303, -0.114258, -0.057373]","[[0.986084, 0.104797, -0.127808], [-0.113831, 0.991211, -0.065369], [0.119751, 0.078918, 0.989502]]",0,"[8446, 8328, 7911, 7679]"
78.740669,"[-0.218750, -0.488281, -1.046875]","[-1.931216, -1.517889, -0.040340]","[-1.069998, -0.769999, -0.073551]","[-1.139184, -1.025688, 0.152440]","[0.128418, -0.067383, 0.106201]","[-0.037048, 0.062286, 0.055145, 0.995850]","[-0.042755, 0.091949, 0.018524, 0.994659]","[-0.218506, -0.172119, 0.034912]","[[0.986084, 0.105164, -0.128113], [-0.114441, 0.991150, -0.066956], [0.119934, 0.080627, 0.989441]]",0,"[8464, 8302, 7867, 7719]"
78.77388,"[-0.250000, -0.507812, -1.050781]","[-1.964193, -1.547734, -0.035717]","[-0.929998, -0.679998, -0.099138]","[-1.112357, -1.012093, 0.163264]","[0.128174, -0.070557, 0.106445]","[-0.038605, 0.062042, 0.055450, 0.995758]","[-0.048004, 0.099854, 0.019379, 0.993652]","[0.126465, 0.130859, -0.008301]","[[0.985962, 0.105591, -0.127869], [-0.115234, 0.990723, -0.070068], [0.119202, 0.083740, 0.989136]]",0,"[8518, 8174, 7844, 7839]"
78.807091,"[-0.289062, -0.539062, -1.050781]","[-2.006918, -1.586897, -0.029053]","[-1.149998, -0.829998, -0.091263]","[-1.074355, -0.992338, 0.177932]","[0.126221, -0.067627, 0.107178]","[-0.037140, 0.061249, 0.055603, 0.995880]","[-0.041504, 0.089111, 0.018311, 0.994965]","[-0.033691, -0.121582, -0.047852]","[[0.986267, 0.106140, -0.126099], [-0.115295, 0.990967, -0.067200], [0.117798, 0.080750, 0.989685]]",0,"[8456, 8344, 7900, 7666]"
78.842232,"[-0.328125, -0.566406, -1.054688]","[-2.037956, -1.615737, -0.023677]","[-0.979998, -0.699999, -0.130650]","[-1.044242, -0.976332, 0.189087]","[0.124268, -0.068115, 0.107910]","[-0.037323, 0.060211, 0.056000, 0.995911]","[-0.048401, 0.097809, 0.019318, 0.993835]","[-0.166016, -0.140869, 0.061523]","[[0.986389, 0.106995, -0.124084], [-0.116028, 0.990845, -0.067627], [0.115662, 0.081055, 0.989868]]",0,"[8460, 8278, 7900, 7741]"
78.875443,"[-0.359375, -0.589844, -1.058594]","[-2.077929, -1.653434, -0.015997]","[-1.009998, -0.719999, -0.160299]","[-1.001997, -0.953435, 0.204145]","[0.121582, -0.067139, 0.108643]","[-0.036713, 0.058868, 0.056274, 0.996002]","[-0.048065, 0.096802, 0.019257, 0.993927]","[0.220215, -0.000488, 0.049316]","[[0.986694, 0.107727, -0.121399], [-0.116394, 0.990906, -0.066589], [0.113098, 0.079773, 0.990295]]",0,"[8488, 8347, 7839, 7683]"
78.910591,"[-0.398438, -0.617188, -1.062500]","[-2.106801, -1.681100, -0.009849]","[-1.249998, -0.899998, -0.149824]","[-0.968790, -0.935118, 0.215561]","[0.120605, -0.066650, 0.109619]","[-0.036530, 0.058411, 0.056732, 0.996002]","[-0.040253, 0.085083, 0.018036, 0.995392]","[0.009033, 0.040039, 0.011230]","[[0.986633, 0.108704, -0.120483], [-0.117249, 0.990784, -0.066223], [0.112183, 0.079407, 0.990417]]",0,"[8494, 8362, 7869, 7632]"
78.941841,"[-0.429688, -0.636719, -1.062500]","[-2.143749, -1.717128, -0.001129]","[-1.069998, -0.759998, -0.164499]","[-0.922549, -0.909208, 0.230920]","[0.121582, -0.066650, 0.110596]","[-0.036560, 0.058807, 0.057281, 0.995972]","[-0.047668, 0.093994, 0.019073, 0.994232]","[-0.081299, 0.323486, 0.117432]","[[0.986511, 0.109741, -0.121338], [-0.118408, 0.990784, -0.066162], [0.112915, 0.079590, 0.990417]]",0,"[8446, 8230, 7903, 7798]"
78.97702,"[-0.468750, -0.679688, -1.066406]","[-2.170244, -1.743460, 0.005804]","[-1.329998, -0.929998, -0.183178]","[-0.886453, -0.888690, 0.242523]","[0.117920, -0.064453, 0.111328]","[-0.035400, 0.057129, 0.057526, 0.996063]","[-0.039124, 0.081024, 0.017792, 0.995758]","[0.101074, 0.111328, 0.019043]","[[0.986755, 0.110474, -0.117859], [-0.118652, 0.990723, -0.064026], [0.109680, 0.077087, 0.990845]]",0,"[8472, 8394, 7922, 7657]"
79.008255,"[-0.519531, -0.699219, -1.070312]","[-2.195671, -1.769184, 0.013080]","[-1.109999, -0.799999, -0.169647]","[-0.849168, -0.867256, 0.254189]","[0.117188, -0.067139, 0.111572]","[-0.036713, 0.056610, 0.057739, 0.996033]","[-0.045685, 0.090302, 0.018738, 0.994659]","[-0.061523, -0.214600, 0.039795]","[[0.986816, 0.110779, -0.117004], [-0.119202, 0.990540, -0.066650], [0.108459, 0.079712, 0.990784]]",0,"[8476, 8206, 7918, 7834]"
79.043404,"[-0.546875, -0.726562, -1.074219]","[-2.229404, -1.804121, 0.023844]","[-1.149998, -0.799999, -0.041105]","[-0.795052, -0.835752, 0.270600]","[0.111572, -0.062256, 0.112549]","[-0.034180, 0.053986, 0.057983, 0.996277]","[-0.045990, 0.088623, 0.018677, 0.994812]","[0.081299, -0.141357, 0.064697]","[[0.987427, 0.111755, -0.111511], [-0.119202, 0.990906, -0.061890], [0.103577, 0.074341, 0.991821]]",0,"[8533, 8491, 7962, 7640]"
79.076622,"[-0.609375, -0.757812, -1.078125]","[-2.252114, -1.828263, 0.031944]","[-1.429998, -0.989998, -0.082066]","[-0.755097, -0.812218, 0.282355]","[0.110352, -0.063721, 0.112793]","[-0.034943, 0.053345, 0.058167, 0.996277]","[-0.037018, 0.072571, 0.017334, 0.996521]","[-0.051514, 0.202393, 0.040771]","[[0.987549, 0.112061, -0.110352], [-0.119629, 0.990784, -0.063477], [0.102173, 0.075806, 0.991821]]",0,"[8605, 8464, 7962, 7772]"
79.10981,"[-0.636719, -0.789062, -1.082031]","[-2.280543, -1.859357, 0.043280]","[-1.189999, -0.839998, -0.089912]","[-0.700206, -0.779542, 0.298051]","[0.109619, -0.063477, 0.113525]","[-0.034790, 0.052917, 0.058472, 0.996277]","[-0.043793, 0.084290, 0.018311, 0.995300]","[0.052002, -0.416016, -0.061035]","[[0.987488, 0.112732, -0.109497], [-0.120178, 0.990662, -0.063171], [0.101318, 0.075500, 0.991943]]",0,"[8512, 8297, 8032, 7934]"
79.144974,"[-0.687500, -0.816406, -1.085938]","[-2.300435, -1.881819, 0.052182]","[-1.459997, -1.029999, -0.152514]","[-0.657891, -0.754099, 0.309817]","[0.104248, -0.059326, 0.114258]","[-0.032532, 0.050385, 0.058563, 0.996460]","[-0.035004, 0.069489, 0.017090, 0.996796]","[-0.056885, -0.380371, 0.024902]","[[0.987915, 0.113403, -0.104248], [-0.119995, 0.990906, -0.059021], [0.096558, 0.070740, 0.992676]]",0,"[8500, 8484, 7996, 7638]"
79.178177,"[-0.726562, -0.847656, -1.093750]","[-2.325012, -1.910599, 0.064593]","[-1.239998, -0.869999, -0.197325]","[-0.599979, -0.718949, 0.325486]","[0.101807, -0.061523, 0.114502]","[-0.033600, 0.049133, 0.058807, 0.996490]","[-0.042206, 0.079010, 0.017975, 0.995789]","[0.083984, 0.033936, 0.076416]","[[0.988159, 0.113831, -0.101868], [-0.120544, 0.990784, -0.061279], [0.093933, 0.072754, 0.992859]]",0,"[8545, 8276, 7933, 7846]"
