t,p,p_d,v,v_d,Angles,q,q_sp,w,R,T_sp,rpm
33.106972,"[0.089844, 0.066406, -1.183594]","[0.000000, 0.000000, 0.000000]","[0.039999, 0.029999, 0.170542]","[0.000001, 0.000000, 0.000000]","[0.005615, -0.021729, 0.026855]","[-0.010986, 0.002686, 0.013580, 0.999847]","[-0.001190, 0.001709, 0.013184, 0.999908]","[-0.147461, -0.070557, 0.072754]","[[0.999573, 0.027039, -0.005615], [-0.027161, 0.999390, -0.021912], [0.005005, 0.022034, 0.999756]]",0,"[8163, 8005, 7948, 8059]"
33.130417,"[0.089844, 0.066406, -1.183594]","[0.000000, 0.000000, 0.000000]","[0.019999, 0.019999, 0.150169]","[0.000006, 0.000002, 0.000001]","[0.000000, -0.023682, 0.027832]","[-0.011902, -0.000183, 0.013947, 0.999847]","[-0.001190, 0.000732, 0.013184, 0.999908]","[-0.101562, -0.584961, 0.025391]","[[0.999634, 0.027832, 0.000000], [-0.027832, 0.999390, -0.023865], [-0.000732, 0.023743, 0.999756]]",0,"[8292, 8099, 7945, 8065]"
33.165565,"[0.089844, 0.066406, -1.183594]","[0.000001, 0.000000, 0.000000]","[0.009998, 0.019999, 0.118240]","[0.000061, 0.000021, 0.000012]","[-0.008545, -0.028564, 0.029053]","[-0.014252, -0.004578, 0.014526, 0.999786]","[-0.001068, 0.000244, 0.013153, 0.999908]","[-0.197998, -0.186035, 0.069092]","[[0.999512, 0.029114, 0.008728], [-0.028870, 0.999146, -0.028687], [-0.009583, 0.028320, 0.999512]]",0,"[8397, 8070, 7800, 8040]"
33.210487,"[0.089844, 0.066406, -1.183594]","[0.000007, 0.000002, 0.000001]","[0.029999, 0.019999, 0.079275]","[0.000256, 0.000088, 0.000052]","[-0.017334, -0.030029, 0.031006]","[-0.014923, -0.008972, 0.015411, 0.999725]","[-0.001068, 0.001221, 0.013184, 0.999908]","[-0.138184, -0.319092, 0.051025]","[[0.999329, 0.031006, 0.017456], [-0.030518, 0.999023, -0.030151], [-0.018433, 0.029541, 0.999329]]",0,"[8300, 8060, 7776, 7922]"
33.231972,"[0.089844, 0.066406, -1.183594]","[0.000013, 0.000005, 0.000003]","[0.029999, 0.009998, 0.063807]","[0.000443, 0.000153, 0.000090]","[-0.020020, -0.031250, 0.031982]","[-0.015533, -0.010376, 0.015900, 0.999695]","[-0.000580, 0.001221, 0.013184, 0.999908]","[-0.197998, -0.153564, 0.062012]","[[0.999207, 0.032043, 0.020203], [-0.031433, 0.998962, -0.031433], [-0.021301, 0.030701, 0.999268]]",0,"[8271, 8014, 7745, 7908]"
33.276897,"[0.097656, 0.066406, -1.187500]","[0.000054, 0.000019, 0.000011]","[0.049999, 0.009998, 0.005266]","[0.001325, 0.000458, 0.000268]","[-0.024658, -0.033691, 0.034180]","[-0.016663, -0.012695, 0.016998, 0.999634]","[-0.000549, 0.002808, 0.013184, 0.999908]","[-0.322510, 0.098877, 0.065430]","[[0.999084, 0.034302, 0.024780], [-0.033569, 0.998840, -0.033813], [-0.026001, 0.032837, 0.999084]]",0,"[8235, 7976, 7715, 7864]"
33.298378,"[0.097656, 0.066406, -1.191406]","[0.000085, 0.000029, 0.000017]","[0.049999, 0.019999, -0.002647]","[0.001896, 0.000656, 0.000383]","[-0.026611, -0.033447, 0.035156]","[-0.016541, -0.013702, 0.017487, 0.999603]","[-0.001038, 0.002808, 0.013184, 0.999908]","[-0.155273, 0.350098, 0.088135]","[[0.998901, 0.035339, 0.026794], [-0.034485, 0.998779, -0.033569], [-0.028015, 0.032593, 0.999023]]",0,"[8218, 7955, 7690, 7807]"
33.419472,"[0.109375, 0.066406, -1.195312]","[0.000767, 0.000266, 0.000155]","[0.080000, 0.000000, -0.049921]","[0.010471, 0.003638, 0.002113]","[-0.031982, -0.036377, 0.042236]","[-0.017914, -0.016449, 0.020874, 0.999481]","[-0.000031, 0.005127, 0.013153, 0.999878]","[0.221680, 0.030273, 0.046631]","[[0.998535, 0.042236, 0.032104], [-0.041138, 0.998413, -0.036560], [-0.033691, 0.035095, 0.998779]]",0,"[8134, 7904, 7671, 7780]"
33.43317,"[0.109375, 0.066406, -1.199219]","[0.000874, 0.000303, 0.000177]","[0.109999, 0.009998, -0.060072]","[0.011584, 0.004026, 0.002338]","[-0.032471, -0.037109, 0.042725]","[-0.018188, -0.016663, 0.021210, 0.999481]","[-0.000519, 0.006592, 0.013184, 0.999878]","[0.105713, -0.178467, 0.113281]","[[0.998535, 0.042908, 0.032532], [-0.041809, 0.998474, -0.037109], [-0.034119, 0.035645, 0.998779]]",0,"[8140, 7873, 7656, 7818]"
33.509331,"[0.117188, 0.078125, -1.207031]","[0.002209, 0.000768, 0.000446]","[0.129999, 0.009998, -0.068424]","[0.023536, 0.008199, 0.004744]","[-0.031250, -0.035889, 0.047852]","[-0.017578, -0.016052, 0.023773, 0.999420]","[-0.001221, 0.008057, 0.013184, 0.999878]","[0.017334, 0.207520, 0.096680]","[[0.998291, 0.048035, 0.031250], [-0.046936, 0.998169, -0.035950], [-0.032959, 0.034363, 0.998779]]",0,"[8125, 7818, 7638, 7784]"
33.532757,"[0.117188, 0.078125, -1.207031]","[0.002706, 0.000941, 0.000546]","[0.139999, 0.000000, -0.072340]","[0.027455, 0.009571, 0.005533]","[-0.029785, -0.035156, 0.049316]","[-0.017273, -0.015411, 0.024506, 0.999420]","[-0.000610, 0.008545, 0.013184, 0.999847]","[0.062500, 0.189453, 0.078125]","[[0.998230, 0.049438, 0.029968], [-0.048462, 0.998108, -0.035339], [-0.031677, 0.033752, 0.998840]]",0,"[8079, 7807, 7660, 7766]"
33.657757,"[0.128906, 0.066406, -1.218750]","[0.008278, 0.002888, 0.001668]","[0.179998, -0.009998, -0.089128]","[0.063501, 0.022237, 0.012773]","[-0.025146, -0.033936, 0.057373]","[-0.016571, -0.013062, 0.028503, 0.999359]","[0.000732, 0.010590, 0.013153, 0.999847]","[0.103027, 0.133057, 0.025879]","[[0.997925, 0.057373, 0.025146], [-0.056519, 0.997742, -0.033936], [-0.027100, 0.032349, 0.999023]]",0,"[8058, 7762, 7636, 7729]"
33.659702,"[0.136719, 0.066406, -1.230469]","[0.008278, 0.002888, 0.001668]","[0.160000, -0.009998, -0.129145]","[0.063501, 0.022237, 0.012773]","[-0.024658, -0.033936, 0.057373]","[-0.016571, -0.012878, 0.028564, 0.999359]","[0.000732, 0.010101, 0.013153, 0.999847]","[-0.043213, -0.049316, 0.089355]","[[0.997925, 0.057434, 0.024780], [-0.056702, 0.997742, -0.033936], [-0.026733, 0.032349, 0.999023]]",0,"[8090, 7778, 7662, 7741]"
33.667519,"[0.148438, 0.066406, -1.230469]","[0.008915, 0.003112, 0.001796]","[0.169998, -0.009998, -0.133911]","[0.067087, 0.023502, 0.013492]","[-0.024414, -0.033691, 0.057861]","[-0.016510, -0.012695, 0.028870, 0.999359]","[0.000732, 0.011322, 0.013153, 0.999847]","[-0.048584, -0.005127, 0.105713]","[[0.997925, 0.058044, 0.024414], [-0.057312, 0.997742, -0.033813], [-0.026367, 0.032227, 0.999084]]",0,"[8068, 7785, 7636, 7734]"
33.700722,"[0.156250, 0.066406, -1.238281]","[0.011047, 0.003859, 0.002224]","[0.219999, -0.009998, -0.146145]","[0.078583, 0.027560, 0.015797]","[-0.021973, -0.032715, 0.059814]","[-0.016083, -0.011536, 0.029785, 0.999359]","[0.000916, 0.014130, 0.013153, 0.999786]","[0.092285, 0.034668, -0.017334]","[[0.997925, 0.059875, 0.022095], [-0.059143, 0.997681, -0.032898], [-0.024048, 0.031433, 0.999207]]",0,"[8031, 7738, 7603, 7718]"
33.733944,"[0.156250, 0.066406, -1.238281]","[0.014442, 0.005051, 0.002907]","[0.189999, -0.009998, -0.145985]","[0.095639, 0.033595, 0.019213]","[-0.019287, -0.031494, 0.061768]","[-0.015411, -0.010162, 0.030853, 0.999359]","[0.000885, 0.012543, 0.013153, 0.999817]","[0.101318, 0.064453, 0.079590]","[[0.997864, 0.061951, 0.019348], [-0.061340, 0.997620, -0.031494], [-0.021301, 0.030151, 0.999329]]",0,"[8024, 7721, 7623, 7681]"
33.767132,"[0.167969, 0.066406, -1.246094]","[0.017449, 0.006107, 0.003511]","[0.259998, -0.019999, -0.145441]","[0.109746, 0.038597, 0.022036]","[-0.016602, -0.031006, 0.063965]","[-0.015259, -0.008881, 0.031982, 0.999359]","[0.001526, 0.016205, 0.013123, 0.999756]","[-0.036377, 0.126221, 0.120605]","[[0.997864, 0.064148, 0.016785], [-0.063660, 0.997559, -0.031128], [-0.018738, 0.029907, 0.999451]]",0,"[8013, 7706, 7623, 7698]"
33.819862,"[0.179688, 0.066406, -1.250000]","[0.024782, 0.008690, 0.004982]","[0.199999, -0.019999, -0.153561]","[0.141322, 0.049829, 0.028347]","[-0.012451, -0.029541, 0.066895]","[-0.014557, -0.006775, 0.033478, 0.999329]","[0.001617, 0.013763, 0.013153, 0.999817]","[0.003418, 0.227295, 0.089844]","[[0.997681, 0.067078, 0.012573], [-0.066711, 0.997375, -0.029602], [-0.014526, 0.028625, 0.999512]]",0,"[8026, 7728, 7630, 7688]"
33.86869,"[0.187500, 0.066406, -1.257812]","[0.032396, 0.011377, 0.006509]","[0.249998, -0.019999, -0.134583]","[0.171003, 0.060429, 0.034270]","[-0.009277, -0.028320, 0.070068]","[-0.014038, -0.005188, 0.035034, 0.999298]","[0.001892, 0.016083, 0.013123, 0.999756]","[0.032715, -0.098145, 0.132812]","[[0.997559, 0.070129, 0.009338], [-0.069885, 0.997192, -0.028442], [-0.011414, 0.027710, 0.999634]]",0,"[8003, 7690, 7649, 7699]"
33.917519,"[0.199219, 0.066406, -1.261719]","[0.041531, 0.014609, 0.008339]","[0.219999, -0.019999, -0.113007]","[0.203625, 0.072127, 0.040769]","[-0.006592, -0.027100, 0.072510]","[-0.013489, -0.003845, 0.036316, 0.999237]","[0.002258, 0.014740, 0.013123, 0.999786]","[0.094482, 0.107422, -0.027100]","[[0.997253, 0.072632, 0.006653], [-0.072510, 0.996948, -0.027283], [-0.008728, 0.026672, 0.999573]]",0,"[8029, 7715, 7640, 7708]"
33.935097,"[0.207031, 0.066406, -1.265625]","[0.043552, 0.015325, 0.008743]","[0.269999, -0.019999, -0.116720]","[0.210485, 0.074593, 0.042135]","[-0.005615, -0.026611, 0.073486]","[-0.013184, -0.003296, 0.036804, 0.999237]","[0.002289, 0.017303, 0.013123, 0.999756]","[0.023682, 0.157471, 0.041260]","[[0.997253, 0.073608, 0.005615], [-0.073486, 0.996948, -0.026611], [-0.007568, 0.026123, 0.999634]]",0,"[8013, 7721, 7663, 7716]"
33.970253,"[0.218750, 0.066406, -1.269531]","[0.052325, 0.018438, 0.010499]","[0.230000, -0.019999, -0.118671]","[0.239012, 0.084871, 0.047808]","[-0.004150, -0.025879, 0.075684]","[-0.012909, -0.002594, 0.037872, 0.999207]","[0.002625, 0.015686, 0.013123, 0.999786]","[0.061523, -0.127930, 0.036621]","[[0.997131, 0.075745, 0.004150], [-0.075623, 0.996826, -0.026062], [-0.006226, 0.025574, 0.999634]]",0,"[8051, 7736, 7660, 7732]"
34.003475,"[0.226562, 0.058594, -1.273438]","[0.059654, 0.021042, 0.011964]","[0.240000, -0.019999, -0.099226]","[0.261493, 0.092997, 0.052273]","[-0.002930, -0.024902, 0.077148]","[-0.012451, -0.002045, 0.038666, 0.999176]","[0.003357, 0.015930, 0.013123, 0.999756]","[0.063232, 0.022461, -0.031494]","[[0.997009, 0.077209, 0.003113], [-0.077209, 0.996704, -0.025085], [-0.005066, 0.024719, 0.999634]]",0,"[8037, 7708, 7687, 7762]"
34.038612,"[0.226562, 0.058594, -1.277344]","[0.070476, 0.024895, 0.014127]","[0.289999, -0.029999, -0.104261]","[0.292808, 0.104356, 0.058484]","[-0.001709, -0.024414, 0.079102]","[-0.012238, -0.001434, 0.039612, 0.999146]","[0.004242, 0.017639, 0.013092, 0.999725]","[-0.023682, -0.127930, 0.139160]","[[0.996826, 0.079102, 0.001892], [-0.079102, 0.996582, -0.024597], [-0.003845, 0.024353, 0.999695]]",0,"[8056, 7722, 7685, 7753]"
34.069862,"[0.250000, 0.058594, -1.277344]","[0.079410, 0.028082, 0.015911]","[0.230000, -0.029999, -0.075249]","[0.317224, 0.113245, 0.063320]","[-0.001221, -0.023926, 0.080566]","[-0.011963, -0.001160, 0.040375, 0.999115]","[0.004456, 0.015320, 0.013092, 0.999786]","[-0.042236, -0.124756, 0.145996]","[[0.996704, 0.080627, 0.001343], [-0.080627, 0.996460, -0.024048], [-0.003296, 0.023804, 0.999695]]",0,"[8096, 7745, 7657, 7726]"
34.103073,"[0.257812, 0.058594, -1.277344]","[0.092457, 0.032744, 0.018514]","[0.289999, -0.029999, -0.084438]","[0.350897, 0.125553, 0.069979]","[0.000000, -0.023193, 0.082031]","[-0.011658, -0.000427, 0.041107, 0.999084]","[0.004852, 0.017975, 0.013062, 0.999725]","[0.064209, -0.169922, 0.007324]","[[0.996582, 0.082092, -0.000122], [-0.082092, 0.996338, -0.023376], [-0.001831, 0.023254, 0.999695]]",0,"[8049, 7719, 7696, 7767]"
34.138222,"[0.269531, 0.058594, -1.285156]","[0.103115, 0.036561, 0.020638]","[0.240000, -0.019999, -0.134666]","[0.376892, 0.135094, 0.075112]","[0.001709, -0.022217, 0.083496]","[-0.011108, 0.000427, 0.041901, 0.999054]","[0.004822, 0.015289, 0.013092, 0.999756]","[-0.046387, 0.231445, 0.118408]","[[0.996460, 0.083618, -0.001770], [-0.083740, 0.996216, -0.022217], [-0.000183, 0.022217, 0.999695]]",0,"[8096, 7757, 7715, 7747]"
34.204628,"[0.277344, 0.058594, -1.292969]","[0.131007, 0.046582, 0.026193]","[0.299999, -0.029999, -0.139898]","[0.439594, 0.158259, 0.087463]","[0.001709, -0.020996, 0.086426]","[-0.010559, 0.000488, 0.043304, 0.998993]","[0.006195, 0.016510, 0.013062, 0.999756]","[0.050781, -0.214600, -0.045898]","[[0.996155, 0.086426, -0.001831], [-0.086548, 0.995972, -0.021118], [0.000000, 0.021118, 0.999695]]",0,"[8074, 7705, 7695, 7756]"
34.237835,"[0.289062, 0.058594, -1.296875]","[0.144289, 0.051368, 0.028834]","[0.240000, -0.019999, -0.155636]","[0.467151, 0.168512, 0.092878]","[0.002197, -0.020508, 0.087646]","[-0.010376, 0.000702, 0.043945, 0.998993]","[0.006134, 0.013336, 0.013092, 0.999786]","[0.032227, 0.243652, 0.016602]","[[0.996155, 0.087708, -0.002258], [-0.087830, 0.995972, -0.020691], [0.000427, 0.020813, 0.999817]]",0,"[8114, 7730, 7672, 7738]"
34.271034,"[0.296875, 0.046875, -1.296875]","[0.163262, 0.058221, 0.032604]","[0.289999, -0.019999, -0.153591]","[0.504339, 0.182422, 0.100170]","[0.002686, -0.019043, 0.089111]","[-0.009644, 0.000916, 0.044617, 0.998962]","[0.007385, 0.015015, 0.013062, 0.999756]","[-0.034180, 0.031982, 0.152832]","[[0.996033, 0.089050, -0.002686], [-0.089172, 0.995850, -0.019226], [0.000854, 0.019348, 0.999817]]",0,"[8038, 7724, 7711, 7744]"
34.30619,"[0.308594, 0.046875, -1.300781]","[0.178449, 0.063720, 0.035620]","[0.240000, -0.029999, -0.132069]","[0.532454, 0.192999, 0.105671]","[0.001953, -0.018066, 0.090088]","[-0.009033, 0.000610, 0.045074, 0.998932]","[0.008575, 0.011719, 0.013062, 0.999786]","[0.088623, -0.043457, -0.058105]","[[0.995850, 0.089966, -0.002014], [-0.090088, 0.995728, -0.018066], [0.000305, 0.018066, 0.999756]]",0,"[8078, 7732, 7707, 7735]"
34.339409,"[0.316406, 0.046875, -1.304688]","[0.199983, 0.071537, 0.039891]","[0.299999, -0.029999, -0.152357]","[0.570081, 0.207243, 0.113018]","[0.001953, -0.016846, 0.091309]","[-0.008453, 0.000610, 0.045715, 0.998901]","[0.008942, 0.013794, 0.013031, 0.999756]","[0.028564, 0.236328, 0.060791]","[[0.995728, 0.091248, -0.001953], [-0.091370, 0.995605, -0.016907], [0.000366, 0.016907, 0.999756]]",0,"[8090, 7722, 7717, 7753]"
34.372597,"[0.328125, 0.046875, -1.308594]","[0.217096, 0.077765, 0.043282]","[0.240000, -0.019999, -0.151058]","[0.598293, 0.217994, 0.118513]","[0.001709, -0.015869, 0.092773]","[-0.007996, 0.000488, 0.046417, 0.998871]","[0.009155, 0.010132, 0.013062, 0.999817]","[0.019043, -0.043945, 0.123535]","[[0.995605, 0.092651, -0.001709], [-0.092773, 0.995483, -0.015991], [0.000122, 0.015991, 0.999756]]",0,"[8102, 7723, 7717, 7735]"
34.4058,"[0.328125, 0.046875, -1.308594]","[0.241209, 0.086565, 0.048056]","[0.259998, -0.009998, -0.132889]","[0.635761, 0.232376, 0.125793]","[0.000977, -0.014648, 0.093750]","[-0.007355, 0.000183, 0.046997, 0.998871]","[0.009277, 0.009399, 0.013092, 0.999817]","[0.021729, -0.208252, -0.008545]","[[0.995544, 0.093811, -0.001038], [-0.093933, 0.995483, -0.014709], [-0.000427, 0.014709, 0.999878]]",0,"[8084, 7734, 7748, 7781]"
34.439007,"[0.347656, 0.046875, -1.316406]","[0.260235, 0.093528, 0.051819]","[0.289999, -0.029999, -0.140310]","[0.663608, 0.243148, 0.131189]","[0.000244, -0.013428, 0.094971]","[-0.006744, -0.000214, 0.047577, 0.998840]","[0.010986, 0.010345, 0.013062, 0.999786]","[0.114258, 0.026123, -0.026855]","[[0.995422, 0.095032, -0.000244], [-0.095032, 0.995361, -0.013550], [-0.001099, 0.013428, 0.999878]]",0,"[8125, 7725, 7756, 7772]"
34.474159,"[0.347656, 0.046875, -1.320312]","[0.286884, 0.103309, 0.057084]","[0.240000, -0.019999, -0.162230]","[0.700293, 0.257459, 0.138277]","[-0.000244, -0.011963, 0.096680]","[-0.006042, -0.000488, 0.048340, 0.998810]","[0.011292, 0.006195, 0.013092, 0.999817]","[0.020020, -0.027344, 0.074707]","[[0.995300, 0.096558, 0.000366], [-0.096558, 0.995239, -0.012146], [-0.001587, 0.012024, 0.999878]]",0,"[8117, 7752, 7738, 7749]"
34.507366,"[0.367188, 0.058594, -1.324219]","[0.307792, 0.111006, 0.061210]","[0.289999, -0.019999, -0.159269]","[0.727337, 0.268106, 0.143485]","[-0.001465, -0.010254, 0.097656]","[-0.005096, -0.001007, 0.048889, 0.998779]","[0.011200, 0.007782, 0.013092, 0.999817]","[0.030029, -0.260010, -0.040527]","[[0.995117, 0.097656, 0.001465], [-0.097656, 0.995117, -0.010315], [-0.002563, 0.010071, 0.999878]]",0,"[8076, 7749, 7769, 7771]"
34.540565,"[0.378906, 0.046875, -1.328125]","[0.329491, 0.119015, 0.065489]","[0.249998, -0.019999, -0.197130]","[0.753910, 0.278656, 0.148588]","[-0.002686, -0.010010, 0.098877]","[-0.004913, -0.001678, 0.049500, 0.998749]","[0.012604, 0.004578, 0.013123, 0.999817]","[0.023193, 0.129883, 0.032715]","[[0.994995, 0.098816, 0.002869], [-0.098816, 0.994995, -0.010010], [-0.003845, 0.009644, 0.999878]]",0,"[8135, 7735, 7745, 7737]"
34.575737,"[0.386719, 0.046875, -1.332031]","[0.359616, 0.130171, 0.071423]","[0.259998, 0.000000, -0.196873]","[0.788462, 0.292523, 0.155200]","[-0.004639, -0.008789, 0.100342]","[-0.004303, -0.002563, 0.050293, 0.998718]","[0.012726, 0.003601, 0.013123, 0.999817]","[-0.012939, -0.136475, 0.007324]","[[0.994873, 0.100403, 0.004639], [-0.100403, 0.994873, -0.008911], [-0.005615, 0.008301, 0.999878]]",0,"[8097, 7709, 7734, 7773]"
34.608925,"[0.398438, 0.046875, -1.335938]","[0.383089, 0.138892, 0.076041]","[0.299999, 0.000000, -0.196983]","[0.813631, 0.302744, 0.159997]","[-0.006348, -0.007324, 0.101562]","[-0.003510, -0.003387, 0.050842, 0.998688]","[0.013580, 0.004089, 0.013123, 0.999786]","[0.057373, -0.116211, -0.046875]","[[0.994751, 0.101501, 0.006409], [-0.101501, 0.994751, -0.007385], [-0.007141, 0.006653, 0.999878]]",0,"[8113, 7731, 7742, 7736]"
34.642128,"[0.398438, 0.046875, -1.339844]","[0.415506, 0.150978, 0.082411]","[0.249998, 0.000000, -0.200853]","[0.846045, 0.316079, 0.166149]","[-0.008057, -0.006104, 0.103027]","[-0.002899, -0.004211, 0.051544, 0.998657]","[0.014374, -0.000549, 0.013184, 0.999786]","[0.044922, -0.023193, 0.091797]","[[0.994629, 0.102905, 0.008118], [-0.102905, 0.994629, -0.006287], [-0.008728, 0.005310, 0.999939]]",0,"[8114, 7735, 7734, 7733]"
34.675331,"[0.406250, 0.046875, -1.343750]","[0.440640, 0.160383, 0.087345]","[0.309999, 0.009998, -0.189667]","[0.869422, 0.325835, 0.170565]","[-0.009521, -0.004883, 0.104492]","[-0.002258, -0.004944, 0.052277, 0.998596]","[0.014771, 0.000763, 0.013153, 0.999786]","[0.062012, 0.036133, 0.096436]","[[0.994385, 0.104370, 0.009644], [-0.104370, 0.994385, -0.005066], [-0.010132, 0.003967, 0.999817]]",0,"[8119, 7714, 7749, 7751]"
34.710495,"[0.417969, 0.046875, -1.347656]","[0.475186, 0.173358, 0.094117]","[0.259998, 0.000000, -0.240459]","[0.899214, 0.338469, 0.176163]","[-0.012207, -0.003662, 0.105713]","[-0.001495, -0.006226, 0.052948, 0.998566]","[0.016174, -0.003510, 0.013214, 0.999756]","[0.082764, -0.050293, 0.001953]","[[0.994263, 0.105713, 0.012268], [-0.105713, 0.994324, -0.003662], [-0.012634, 0.002319, 0.999817]]",0,"[8124, 7734, 7735, 7732]"
34.853069,"[0.429688, 0.046875, -1.363281]","[0.604551, 0.222458, 0.119395]","[0.329998, 0.019999, -0.219608]","[0.989305, 0.378672, 0.192816]","[-0.024658, 0.001953, 0.110840]","[0.001709, -0.012299, 0.055450, 0.998383]","[0.019623, -0.009521, 0.013367, 0.999664]","[0.209961, -0.052002, 0.108643]","[[0.993530, 0.110657, 0.024780], [-0.110779, 0.993774, 0.001953], [-0.024414, -0.004761, 0.999634]]",0,"[8114, 7703, 7730, 7749]"
34.855019,"[0.457031, 0.058594, -1.363281]","[0.614247, 0.226172, 0.121285]","[0.349998, 0.029999, -0.213379]","[0.994812, 0.381274, 0.193816]","[-0.024658, 0.001709, 0.110840]","[0.001617, -0.012299, 0.055420, 0.998383]","[0.018677, -0.007324, 0.013306, 0.999695]","[-0.127197, -0.024170, 0.002441]","[[0.993530, 0.110596, 0.024719], [-0.110718, 0.993774, 0.001770], [-0.024475, -0.004578, 0.999634]]",0,"[8114, 7690, 7735, 7743]"
34.878452,"[0.468750, 0.058594, -1.367188]","[0.633777, 0.233667, 0.125088]","[0.299999, 0.039999, -0.214602]","[1.005417, 0.386354, 0.195731]","[-0.027100, 0.002197, 0.111084]","[0.001984, -0.013519, 0.055634, 0.998352]","[0.018768, -0.010986, 0.013367, 0.999664]","[-0.139893, 0.028809, -0.012451]","[[0.993408, 0.110962, 0.027222], [-0.111084, 0.993713, 0.002380], [-0.026855, -0.005432, 0.999573]]",0,"[8149, 7726, 7714, 7728]"
34.997604,"[0.476562, 0.058594, -1.382812]","[0.754837, 0.280580, 0.148599]","[0.359999, 0.059999, -0.268072]","[1.057279, 0.413273, 0.204851]","[-0.036865, 0.005127, 0.113525]","[0.003662, -0.018341, 0.056824, 0.998199]","[0.021729, -0.016876, 0.013519, 0.999512]","[0.085449, -0.350830, -0.000244]","[[0.992798, 0.113220, 0.036987], [-0.113586, 0.993469, 0.005127], [-0.036255, -0.009399, 0.999207]]",0,"[8103, 7707, 7725, 7744]"
34.999565,"[0.500000, 0.058594, -1.382812]","[0.754837, 0.280580, 0.148599]","[0.320000, 0.070000, -0.274899]","[1.057279, 0.413273, 0.204851]","[-0.037109, 0.005615, 0.113525]","[0.003967, -0.018463, 0.056854, 0.998199]","[0.021240, -0.017487, 0.013550, 0.999512]","[0.288330, -0.132324, 0.080078]","[[0.992798, 0.113281, 0.037292], [-0.113647, 0.993469, 0.005737], [-0.036438, -0.010010, 0.999207]]",0,"[8124, 7715, 7716, 7758]"
35.011269,"[0.519531, 0.066406, -1.386719]","[0.775551, 0.288690, 0.152611]","[0.389999, 0.089998, -0.260195]","[1.063882, 0.417131, 0.205962]","[-0.037842, 0.005615, 0.113770]","[0.003967, -0.018738, 0.056976, 0.998169]","[0.020172, -0.013672, 0.013458, 0.999603]","[-0.205811, -0.044189, -0.015137]","[[0.992676, 0.113525, 0.037842], [-0.113892, 0.993347, 0.005737], [-0.036987, -0.010010, 0.999146]]",0,"[8089, 7690, 7728, 7740]"
35.144093,"[0.546875, 0.066406, -1.402344]","[0.912661, 0.343024, 0.179084]","[0.419998, 0.119999, -0.204950]","[1.091774, 0.437460, 0.210233]","[-0.045654, 0.007324, 0.114502]","[0.005066, -0.022583, 0.057312, 0.998077]","[0.023376, -0.021423, 0.013672, 0.999390]","[-0.054688, -0.148926, 0.015625]","[[0.992310, 0.114136, 0.045654], [-0.114624, 0.993286, 0.007446], [-0.044556, -0.012695, 0.998840]]",0,"[8080, 7671, 7766, 7808]"
35.146049,"[0.566406, 0.078125, -1.402344]","[0.912661, 0.343024, 0.179084]","[0.379999, 0.119999, -0.226873]","[1.091774, 0.437460, 0.210233]","[-0.046387, 0.007568, 0.114502]","[0.005188, -0.022949, 0.057312, 0.998077]","[0.022736, -0.022278, 0.013672, 0.999390]","[0.132812, -0.344238, 0.004150]","[[0.992310, 0.114136, 0.046387], [-0.114624, 0.993347, 0.007629], [-0.045288, -0.013000, 0.998840]]",0,"[8111, 7664, 7755, 7814]"
35.286663,"[0.589844, 0.078125, -1.421875]","[1.072946, 0.408177, 0.209853]","[0.469999, 0.160000, -0.241776]","[1.090585, 0.450072, 0.208707]","[-0.056641, 0.010498, 0.114990]","[0.006989, -0.028015, 0.057617, 0.997925]","[0.025726, -0.027924, 0.013885, 0.999176]","[0.087646, -0.189453, -0.063477]","[[0.991760, 0.114563, 0.056763], [-0.115417, 0.993225, 0.010681], [-0.055176, -0.017151, 0.998291]]",0,"[8060, 7646, 7746, 7769]"
35.288616,"[0.617188, 0.097656, -1.421875]","[1.072946, 0.408177, 0.209853]","[0.499998, 0.179998, -0.241776]","[1.090585, 0.450072, 0.208707]","[-0.056641, 0.010498, 0.114990]","[0.006989, -0.028015, 0.057617, 0.997925]","[0.023682, -0.024963, 0.013763, 0.999298]","[0.087646, -0.189453, -0.063477]","[[0.991760, 0.114563, 0.056763], [-0.115417, 0.993225, 0.010681], [-0.055176, -0.017151, 0.998291]]",0,"[8080, 7642, 7744, 7786]"
35.290562,"[0.636719, 0.109375, -1.417969]","[1.072946, 0.408177, 0.209853]","[0.429998, 0.169998, -0.236975]","[1.090585, 0.450072, 0.208707]","[-0.056641, 0.010986, 0.114502]","[0.007233, -0.028015, 0.057434, 0.997925]","[0.023651, -0.027527, 0.013794, 0.999237]","[0.120117, 0.005615, -0.041748]","[[0.991760, 0.114197, 0.056763], [-0.115051, 0.993225, 0.011169], [-0.055176, -0.017639, 0.998291]]",0,"[8069, 7639, 7728, 7785]"
35.314007,"[0.648438, 0.109375, -1.425781]","[1.104835, 0.421379, 0.215951]","[0.449999, 0.179998, -0.255192]","[1.085967, 0.451131, 0.207572]","[-0.058350, 0.011230, 0.114746]","[0.007355, -0.028900, 0.057495, 0.997894]","[0.024017, -0.027649, 0.013824, 0.999207]","[0.020996, 0.026367, 0.063965]","[[0.991638, 0.114319, 0.058533], [-0.115173, 0.993225, 0.011292], [-0.056946, -0.018005, 0.998169]]",0,"[8077, 7670, 7718, 7735]"
35.358925,"[0.667969, 0.117188, -1.433594]","[1.147093, 0.439015, 0.224023]","[0.569998, 0.230000, -0.250883]","[1.077522, 0.451763, 0.205635]","[-0.059570, 0.010498, 0.114502]","[0.007050, -0.029480, 0.057465, 0.997894]","[0.022614, -0.023987, 0.013702, 0.999359]","[0.046631, -0.127686, -0.034180]","[[0.991638, 0.114258, 0.059631], [-0.115112, 0.993286, 0.010620], [-0.058044, -0.017456, 0.998169]]",0,"[8086, 7600, 7726, 7804]"
35.380413,"[0.687500, 0.128906, -1.437500]","[1.168090, 0.447839, 0.228029]","[0.480000, 0.199999, -0.248306]","[1.072322, 0.451741, 0.204486]","[-0.059326, 0.010254, 0.114502]","[0.006897, -0.029358, 0.057404, 0.997894]","[0.024109, -0.028870, 0.013855, 0.999176]","[-0.056885, -0.165039, -0.055908]","[[0.991638, 0.114136, 0.059326], [-0.114990, 0.993286, 0.010315], [-0.057861, -0.017151, 0.998108]]",0,"[8055, 7621, 7713, 7764]"
35.511272,"[0.707031, 0.136719, -1.457031]","[1.311329, 0.509282, 0.255274]","[0.589998, 0.240000, -0.292316]","[1.017715, 0.445178, 0.193116]","[-0.062256, 0.011230, 0.113525]","[0.007507, -0.030762, 0.056915, 0.997864]","[0.026154, -0.032074, 0.013977, 0.999023]","[-0.365479, 0.557861, 0.006836]","[[0.991516, 0.113098, 0.062256], [-0.114075, 0.993347, 0.011414], [-0.060547, -0.018494, 0.997925]]",0,"[7983, 7579, 7719, 7791]"
35.515179,"[0.769531, 0.156250, -1.449219]","[1.311329, 0.509282, 0.255274]","[0.649998, 0.299999, -0.288675]","[1.017715, 0.445178, 0.193116]","[-0.064209, 0.011475, 0.113281]","[0.007690, -0.031830, 0.056915, 0.997864]","[0.022339, -0.025787, 0.013733, 0.999298]","[0.130615, -0.652832, -0.020996]","[[0.991516, 0.113037, 0.064392], [-0.114136, 0.993469, 0.011658], [-0.062683, -0.018982, 0.997925]]",0,"[8007, 7582, 7731, 7808]"
35.565952,"[0.777344, 0.167969, -1.460938]","[1.360374, 0.530902, 0.264574]","[0.569998, 0.259998, -0.379236]","[0.990513, 0.440065, 0.187679]","[-0.063965, 0.012695, 0.113525]","[0.008209, -0.031586, 0.057007, 0.997833]","[0.025146, -0.032562, 0.013977, 0.999054]","[-0.164307, 0.589844, 0.046875]","[[0.991455, 0.113159, 0.063965], [-0.114258, 0.993286, 0.012695], [-0.062134, -0.020020, 0.997803]]",0,"[7982, 7583, 7683, 7688]"
35.581581,"[0.808594, 0.187500, -1.464844]","[1.379608, 0.539472, 0.268216]","[0.699999, 0.339998, -0.417837]","[0.978511, 0.437610, 0.185307]","[-0.062744, 0.012695, 0.113525]","[0.008209, -0.030975, 0.057007, 0.997864]","[0.020508, -0.025421, 0.013672, 0.999359]","[-0.163818, 0.603760, 0.044434]","[[0.991577, 0.113220, 0.062744], [-0.114319, 0.993347, 0.012817], [-0.060913, -0.019897, 0.997925]]",0,"[7911, 7561, 7708, 7680]"
35.614788,"[0.828125, 0.199219, -1.472656]","[1.408004, 0.552238, 0.273592]","[0.599998, 0.289999, -0.471418]","[0.959301, 0.433477, 0.181541]","[-0.059082, 0.010010, 0.113770]","[0.006714, -0.029205, 0.057007, 0.997925]","[0.023346, -0.031311, 0.013885, 0.999115]","[-0.131836, 0.080566, 0.063477]","[[0.991760, 0.113342, 0.059082], [-0.114197, 0.993347, 0.010010], [-0.057617, -0.016724, 0.998169]]",0,"[7842, 7432, 7682, 7702]"
35.747601,"[0.847656, 0.207031, -1.488281]","[1.532084, 0.609824, 0.297050]","[0.619999, 0.289999, -0.336756]","[0.850885, 0.407047, 0.160775]","[-0.056152, 0.010986, 0.111816]","[0.007172, -0.027771, 0.056091, 0.998016]","[0.026672, -0.037231, 0.014130, 0.998840]","[0.144043, -0.716797, -0.005371]","[[0.992126, 0.111511, 0.056274], [-0.112366, 0.993591, 0.011108], [-0.054688, -0.017456, 0.998352]]",0,"[7755, 7395, 7640, 7671]"
35.74955,"[0.917969, 0.238281, -1.488281]","[1.532084, 0.609824, 0.297050]","[0.779999, 0.389999, -0.336756]","[0.850885, 0.407047, 0.160775]","[-0.056152, 0.010986, 0.111816]","[0.007172, -0.027771, 0.056091, 0.998016]","[0.020142, -0.025146, 0.013672, 0.999359]","[0.144043, -0.716797, -0.005371]","[[0.992126, 0.111511, 0.056274], [-0.112366, 0.993591, 0.011108], [-0.054688, -0.017456, 0.998352]]",0,"[7781, 7386, 7616, 7663]"
35.892132,"[0.988281, 0.277344, -1.492188]","[1.646227, 0.666590, 0.318644]","[0.689999, 0.369999, -0.261761]","[0.702030, 0.365767, 0.133188]","[-0.043701, 0.007568, 0.112061]","[0.005127, -0.021667, 0.056122, 0.998169]","[0.022614, -0.032166, 0.013885, 0.999115]","[-0.263916, 0.273193, -0.031982]","[[0.992676, 0.111755, 0.043823], [-0.112244, 0.993591, 0.007751], [-0.042725, -0.012634, 0.998962]]",0,"[7823, 7323, 7670, 7790]"
35.894089,"[1.007812, 0.289062, -1.492188]","[1.646227, 0.666590, 0.318644]","[0.699999, 0.379999, -0.261761]","[0.702030, 0.365767, 0.133188]","[-0.043701, 0.007568, 0.112061]","[0.005127, -0.021667, 0.056122, 0.998169]","[0.021545, -0.030426, 0.013794, 0.999207]","[-0.263916, 0.273193, -0.031982]","[[0.992676, 0.111755, 0.043823], [-0.112244, 0.993591, 0.007751], [-0.042725, -0.012634, 0.998962]]",0,"[7819, 7343, 7657, 7803]"
35.917519,"[1.046875, 0.308594, -1.488281]","[1.659723, 0.673673, 0.321203]","[0.869999, 0.459999, -0.267241]","[0.679874, 0.359298, 0.129145]","[-0.042725, 0.009277, 0.111572]","[0.005920, -0.021179, 0.055939, 0.998169]","[0.017273, -0.020721, 0.013519, 0.999542]","[0.024170, -0.063477, 0.024170]","[[0.992737, 0.111328, 0.042908], [-0.111938, 0.993530, 0.009399], [-0.041687, -0.014160, 0.998901]]",0,"[7776, 7348, 7721, 7786]"
35.989784,"[1.097656, 0.328125, -1.492188]","[1.709227, 0.700668, 0.330640]","[0.729998, 0.400000, -0.263916]","[0.586171, 0.331207, 0.112280]","[-0.036865, 0.006348, 0.110596]","[0.004272, -0.018341, 0.055420, 0.998291]","[0.020477, -0.027008, 0.013702, 0.999329]","[-0.059082, -0.243164, 0.010498]","[[0.993164, 0.110413, 0.037048], [-0.110779, 0.993835, 0.006409], [-0.036194, -0.010559, 0.999268]]",0,"[7812, 7330, 7663, 7789]"
36.02103,"[1.128906, 0.347656, -1.492188]","[1.725860, 0.710206, 0.333834]","[0.889997, 0.489998, -0.226809]","[0.549165, 0.319821, 0.105704]","[-0.032959, 0.005127, 0.110107]","[0.003510, -0.016357, 0.055115, 0.998352]","[0.015594, -0.018250, 0.013458, 0.999603]","[-0.166016, 0.209961, 0.029541]","[[0.993408, 0.109924, 0.033081], [-0.110168, 0.993896, 0.005127], [-0.032349, -0.008789, 0.999451]]",0,"[7787, 7305, 7694, 7840]"
36.05228,"[1.148438, 0.367188, -1.492188]","[1.741395, 0.719403, 0.336833]","[0.759998, 0.419998, -0.182610]","[0.511232, 0.307993, 0.099012]","[-0.030762, 0.003174, 0.109131]","[0.002472, -0.015259, 0.054688, 0.998383]","[0.018463, -0.024048, 0.013611, 0.999420]","[-0.013428, 0.423828, 0.010498]","[[0.993530, 0.109070, 0.030762], [-0.109314, 0.993958, 0.003174], [-0.030273, -0.006592, 0.999512]]",0,"[7881, 7373, 7660, 7820]"
36.085487,"[1.187500, 0.386719, -1.488281]","[1.760356, 0.731116, 0.340524]","[0.899998, 0.509998, -0.145493]","[0.459314, 0.291561, 0.089932]","[-0.026611, 0.003418, 0.108643]","[0.002502, -0.013214, 0.054413, 0.998444]","[0.013458, -0.015411, 0.013367, 0.999695]","[-0.185547, 0.505127, 0.034668]","[[0.993774, 0.108521, 0.026672], [-0.108765, 0.994080, 0.003479], [-0.026184, -0.006409, 0.999695]]",0,"[7794, 7426, 7770, 7820]"
36.11869,"[1.207031, 0.398438, -1.484375]","[1.773232, 0.739472, 0.343058]","[0.759998, 0.439999, -0.114025]","[0.419440, 0.278757, 0.083021]","[-0.023926, 0.001953, 0.107910]","[0.001740, -0.011902, 0.054016, 0.998474]","[0.016785, -0.021820, 0.013519, 0.999512]","[-0.125000, 0.281738, 0.053955]","[[0.993896, 0.107788, 0.023987], [-0.107910, 0.994141, 0.002075], [-0.023621, -0.004761, 0.999695]]",0,"[7852, 7416, 7733, 7816]"
36.153851,"[1.250000, 0.406250, -1.480469]","[1.788559, 0.750017, 0.346119]","[0.929998, 0.539999, -0.084839]","[0.365156, 0.261081, 0.073701]","[-0.019287, -0.002197, 0.107178]","[-0.000580, -0.009735, 0.053589, 0.998535]","[0.012054, -0.011383, 0.013306, 0.999756]","[-0.160400, -0.129395, -0.094238]","[[0.994141, 0.106995, 0.019348], [-0.106995, 0.994324, -0.002258], [-0.019592, 0.000061, 0.999878]]",0,"[7845, 7327, 7763, 7978]"
36.18705,"[1.269531, 0.429688, -1.480469]","[1.798652, 0.757467, 0.348175]","[0.779999, 0.449999, -0.116177]","[0.323660, 0.247383, 0.066645]","[-0.016846, -0.002197, 0.106201]","[-0.000732, -0.008484, 0.053192, 0.998566]","[0.015503, -0.017761, 0.013428, 0.999603]","[0.317871, -0.474121, -0.033203]","[[0.994263, 0.106201, 0.016846], [-0.106201, 0.994385, -0.002380], [-0.017090, 0.000549, 0.999878]]",0,"[7889, 7413, 7735, 7894]"
36.222202,"[1.296875, 0.457031, -1.476562]","[1.810199, 0.766764, 0.350593]","[0.929998, 0.549999, -0.073290]","[0.267424, 0.228569, 0.057179]","[-0.011230, -0.003418, 0.106445]","[-0.001465, -0.005768, 0.053253, 0.998566]","[0.009399, -0.009033, 0.013245, 0.999817]","[-0.178955, 0.499268, 0.020996]","[[0.994263, 0.106323, 0.011353], [-0.106323, 0.994324, -0.003601], [-0.011719, 0.002258, 0.999878]]",0,"[7822, 7334, 7812, 7946]"
36.255424,"[1.328125, 0.468750, -1.472656]","[1.817408, 0.773249, 0.352164]","[0.779999, 0.459999, -0.080687]","[0.224627, 0.214060, 0.050051]","[-0.010254, -0.002930, 0.105225]","[-0.001251, -0.005280, 0.052673, 0.998596]","[0.013214, -0.014557, 0.013367, 0.999695]","[0.072998, 0.156250, 0.034180]","[[0.994385, 0.105164, 0.010376], [-0.105164, 0.994385, -0.003113], [-0.010742, 0.001892, 0.999878]]",0,"[7849, 7467, 7754, 7805]"
36.288612,"[1.347656, 0.476562, -1.468750]","[1.823355, 0.779303, 0.353526]","[0.789999, 0.459999, -0.044418]","[0.181372, 0.199230, 0.042915]","[-0.005127, -0.009033, 0.104736]","[-0.004395, -0.002838, 0.052399, 0.998596]","[0.013245, -0.012726, 0.013336, 0.999725]","[-0.330566, 0.588867, -0.049072]","[[0.994385, 0.104614, 0.005188], [-0.104614, 0.994385, -0.009094], [-0.006165, 0.008484, 0.999817]]",0,"[7927, 7307, 7695, 7980]"
36.321819,"[1.378906, 0.500000, -1.468750]","[1.829304, 0.786693, 0.355017]","[0.939999, 0.569998, 0.013386]","[0.123057, 0.178974, 0.033404]","[-0.001221, -0.006348, 0.104492]","[-0.003113, -0.000854, 0.052246, 0.998627]","[0.006775, -0.003357, 0.013184, 0.999878]","[-0.303955, 0.534424, 0.118408]","[[0.994507, 0.104309, 0.001343], [-0.104309, 0.994507, -0.006348], [-0.002075, 0.006104, 0.999939]]",0,"[7799, 7446, 7836, 7886]"
36.355034,"[1.406250, 0.507812, -1.468750]","[1.832264, 0.791710, 0.355891]","[0.779999, 0.469999, 0.017990]","[0.078931, 0.163446, 0.026293]","[-0.001953, -0.006836, 0.104248]","[-0.003387, -0.001190, 0.052216, 0.998627]","[0.011475, -0.009186, 0.013275, 0.999786]","[0.025635, -0.277344, -0.026123]","[[0.994507, 0.104248, 0.002014], [-0.104248, 0.994507, -0.006958], [-0.002747, 0.006592, 0.999939]]",0,"[7887, 7413, 7809, 7887]"
36.388222,"[1.437500, 0.527344, -1.464844]","[1.834192, 0.797683, 0.356734]","[0.939999, 0.559999, 0.029676]","[0.019696, 0.142327, 0.016868]","[0.002930, -0.010742, 0.103760]","[-0.005432, 0.001221, 0.052002, 0.998627]","[0.005981, 0.001251, 0.013153, 0.999878]","[-0.397217, 0.169922, -0.073486]","[[0.994507, 0.103760, -0.002991], [-0.103882, 0.994507, -0.010742], [0.001770, 0.010986, 0.999878]]",0,"[7889, 7382, 7778, 7968]"
36.423382,"[1.468750, 0.558594, -1.457031]","[1.834115, 0.801616, 0.357125]","[0.779999, 0.480000, 0.057024]","[-0.024958, 0.126196, 0.009857]","[0.009277, -0.011475, 0.103271]","[-0.006042, 0.004364, 0.051697, 0.998627]","[0.008392, 0.016724, 0.013031, 0.999725]","[0.464600, -0.138916, -0.048584]","[[0.994568, 0.103149, -0.009338], [-0.103271, 0.994507, -0.011658], [0.007996, 0.012512, 0.999817]]",0,"[7995, 7488, 7695, 7864]"
36.456581,"[1.500000, 0.566406, -1.453125]","[1.831973, 0.806120, 0.357329]","[0.769999, 0.480000, 0.097822]","[-0.084723, 0.104319, 0.000606]","[0.022949, -0.011475, 0.102783]","[-0.006287, 0.011169, 0.051544, 0.998596]","[0.007782, 0.018555, 0.013031, 0.999695]","[-0.218994, 0.832031, -0.027344]","[[0.994446, 0.102722, -0.022949], [-0.103088, 0.994629, -0.011475], [0.021606, 0.013672, 0.999695]]",0,"[7846, 7500, 7839, 7896]"
36.489784,"[1.519531, 0.589844, -1.453125]","[1.828833, 0.808933, 0.357246]","[0.909998, 0.559999, 0.080942]","[-0.129622, 0.087663, -0.006242]","[0.036133, -0.014893, 0.103516]","[-0.008392, 0.017731, 0.051910, 0.998474]","[0.002899, 0.027039, 0.013062, 0.999542]","[-0.039795, 0.797363, 0.075195]","[[0.994019, 0.103333, -0.036316], [-0.103943, 0.994507, -0.014954], [0.034485, 0.018616, 0.999268]]",0,"[7870, 7327, 7871, 8090]"
36.522987,"[1.546875, 0.597656, -1.445312]","[1.824379, 0.811254, 0.356964]","[0.749998, 0.459999, 0.121305]","[-0.174520, 0.070813, -0.012998]","[0.044434, -0.017822, 0.103271]","[-0.010101, 0.021820, 0.051941, 0.998383]","[0.007111, 0.021729, 0.013000, 0.999634]","[-0.284912, 0.519043, 0.008301]","[[0.993713, 0.103210, -0.044617], [-0.104187, 0.994446, -0.017944], [0.042419, 0.022461, 0.998901]]",0,"[7895, 7363, 7844, 7997]"
36.55814,"[1.578125, 0.617188, -1.445312]","[1.816393, 0.813577, 0.356283]","[0.889997, 0.559999, 0.108562]","[-0.234307, 0.048064, -0.021845]","[0.051025, -0.016846, 0.103516]","[-0.009796, 0.025116, 0.052032, 0.998291]","[0.001007, 0.031464, 0.013123, 0.999390]","[0.091064, 0.019531, -0.010254]","[[0.993347, 0.103333, -0.051147], [-0.104431, 0.994385, -0.017029], [0.049072, 0.022156, 0.998535]]",0,"[7863, 7385, 7874, 7999]"
36.591358,"[1.597656, 0.636719, -1.441406]","[1.808873, 0.814733, 0.355547]","[0.719999, 0.459999, 0.126902]","[-0.279001, 0.030819, -0.028343]","[0.056152, -0.018555, 0.103516]","[-0.010773, 0.027588, 0.052063, 0.998230]","[0.004211, 0.025330, 0.013062, 0.999573]","[-0.179932, -0.066650, -0.064941]","[[0.993103, 0.103271, -0.056213], [-0.104492, 0.994385, -0.018677], [0.053894, 0.024414, 0.998291]]",0,"[7900, 7468, 7836, 7898]"
36.624565,"[1.628906, 0.656250, -1.441406]","[1.796814, 0.815484, 0.354274]","[0.829998, 0.539999, 0.114794]","[-0.338304, 0.007606, -0.036802]","[0.062012, -0.022461, 0.103516]","[-0.012878, 0.030426, 0.052094, 0.998077]","[-0.008423, 0.034027, 0.013428, 0.999268]","[0.117676, -0.402344, -0.005371]","[[0.992615, 0.103149, -0.062073], [-0.104736, 0.994141, -0.022644], [0.059387, 0.028870, 0.997681]]",0,"[7927, 7345, 7825, 8077]"
36.657749,"[1.656250, 0.667969, -1.437500]","[1.786256, 0.815451, 0.353105]","[0.689999, 0.449999, 0.096294]","[-0.382476, -0.009938, -0.042977]","[0.067139, -0.021240, 0.104492]","[-0.012451, 0.033081, 0.052612, 0.997986]","[-0.007629, 0.030243, 0.013367, 0.999420]","[0.125244, 0.232178, -0.018311]","[[0.992249, 0.104126, -0.067322], [-0.105835, 0.994080, -0.021423], [0.064636, 0.028381, 0.997437]]",0,"[7874, 7510, 7927, 7905]"
36.690956,"[1.679688, 0.687500, -1.437500]","[1.770171, 0.814603, 0.351270]","[0.659998, 0.439999, 0.080105]","[-0.440889, -0.033491, -0.050964]","[0.071289, -0.026123, 0.104248]","[-0.014984, 0.035004, 0.052643, 0.997894]","[-0.008362, 0.031586, 0.013428, 0.999359]","[-0.272461, 0.113525, 0.020996]","[[0.992004, 0.103943, -0.071411], [-0.106140, 0.994019, -0.026245], [0.068237, 0.033569, 0.997070]]",0,"[7894, 7414, 7851, 7964]"
36.724159,"[1.699219, 0.699219, -1.437500]","[1.756622, 0.813362, 0.349692]","[0.759998, 0.519999, 0.068674]","[-0.484238, -0.051242, -0.056754]","[0.075439, -0.031982, 0.104492]","[-0.018005, 0.036804, 0.052887, 0.997772]","[-0.013123, 0.039459, 0.013672, 0.999023]","[0.083984, 0.460449, 0.050781]","[[0.991699, 0.104187, -0.075378], [-0.106873, 0.993774, -0.032104], [0.071472, 0.039795, 0.996643]]",0,"[7972, 7344, 7766, 8016]"
36.837444,"[1.718750, 0.718750, -1.433594]","[1.689909, 0.803173, 0.341764]","[0.619999, 0.429998, -0.008127]","[-0.652750, -0.122709, -0.077991]","[0.093262, -0.040039, 0.104980]","[-0.022369, 0.045532, 0.053467, 0.997284]","[-0.011261, 0.040527, 0.013580, 0.998993]","[0.048340, 0.257324, 0.074707]","[[0.990112, 0.104553, -0.093201], [-0.108704, 0.993225, -0.039856], [0.088318, 0.049500, 0.994812]]",0,"[7904, 7371, 7765, 7960]"
36.839394,"[1.769531, 0.750000, -1.433594]","[1.689909, 0.803173, 0.341764]","[0.679998, 0.480000, 0.020700]","[-0.652750, -0.122709, -0.077991]","[0.094238, -0.040039, 0.104980]","[-0.022491, 0.045990, 0.053467, 0.997253]","[-0.015564, 0.046570, 0.013855, 0.998688]","[-0.183105, 0.435059, -0.038330]","[[0.989990, 0.104553, -0.094116], [-0.108704, 0.993225, -0.039978], [0.089233, 0.049744, 0.994690]]",0,"[7909, 7360, 7750, 7956]"
