t,p,p_d,v,v_d,Angles,q,q_sp,w,R,T_sp,rpm
34.919472,"[0.128906, 0.136719, -1.152344]","[-0.000000, 0.000000, 0.000000]","[0.000000, 0.009998, -0.052172]","[-0.000000, 0.000001, 0.000000]","[0.007568, -0.022461, 0.045898]","[-0.011383, 0.003571, 0.023102, 0.999664]","[-0.000244, -0.000824, 0.022064, 0.999725]","[0.013672, -0.055908, 0.127930]","[[0.998901, 0.046021, -0.007629], [-0.046265, 0.998657, -0.022644], [0.006531, 0.022888, 0.999695]]",0,"[7743, 7538, 7498, 7639]"
35.044472,"[0.128906, 0.136719, -1.156250]","[-0.000006, 0.000013, 0.000004]","[0.009998, 0.009998, -0.068272]","[-0.000186, 0.000444, 0.000149]","[-0.020264, -0.032959, 0.053711]","[-0.016266, -0.010590, 0.026764, 0.999451]","[-0.000214, 0.000610, 0.022064, 0.999725]","[0.007324, -0.792480, 0.037598]","[[0.998291, 0.053772, 0.020264], [-0.053162, 0.997986, -0.033142], [-0.022095, 0.031921, 0.999207]]",0,"[7951, 7622, 7374, 7563]"
35.048382,"[0.128906, 0.136719, -1.152344]","[-0.000008, 0.000018, 0.000006]","[0.029999, 0.019999, -0.058069]","[-0.000238, 0.000569, 0.000191]","[-0.020996, -0.033203, 0.054199]","[-0.016388, -0.010986, 0.027008, 0.999451]","[-0.000671, 0.001465, 0.022064, 0.999725]","[-0.353271, 0.062500, 0.011719]","[[0.998291, 0.054260, 0.021057], [-0.053650, 0.997986, -0.033386], [-0.022888, 0.032166, 0.999207]]",0,"[7961, 7632, 7375, 7535]"
35.050346,"[0.136719, 0.136719, -1.148438]","[-0.000008, 0.000018, 0.000006]","[0.029999, 0.000000, -0.058458]","[-0.000238, 0.000569, 0.000191]","[-0.022705, -0.033447, 0.054199]","[-0.016388, -0.011810, 0.027008, 0.999451]","[0.000275, 0.001923, 0.022064, 0.999725]","[-0.058350, -0.802002, 0.037598]","[[0.998291, 0.054321, 0.022705], [-0.053589, 0.998047, -0.033447], [-0.024536, 0.032104, 0.999207]]",0,"[7935, 7632, 7394, 7586]"
35.067909,"[0.128906, 0.136719, -1.144531]","[-0.000014, 0.000032, 0.000011]","[0.039999, 0.000000, -0.066177]","[-0.000373, 0.000892, 0.000299]","[-0.023926, -0.033936, 0.055664]","[-0.016663, -0.012482, 0.027679, 0.999420]","[0.000275, 0.002167, 0.022064, 0.999725]","[0.252686, -0.317139, 0.096680]","[[0.998230, 0.055664, 0.023987], [-0.054932, 0.997986, -0.034058], [-0.025940, 0.032593, 0.999207]]",0,"[7999, 7638, 7365, 7610]"
35.189003,"[0.136719, 0.136719, -1.148438]","[-0.000157, 0.000375, 0.000126]","[0.059999, 0.000000, -0.006109]","[-0.002535, 0.006067, 0.002033]","[-0.030029, -0.034912, 0.064453]","[-0.016968, -0.015625, 0.031982, 0.999237]","[0.000305, 0.003632, 0.022064, 0.999725]","[0.009521, -0.138428, 0.153076]","[[0.997498, 0.064392, 0.030151], [-0.063416, 0.997437, -0.034973], [-0.032349, 0.032898, 0.998962]]",0,"[8004, 7686, 7495, 7635]"
35.200714,"[0.148438, 0.136719, -1.136719]","[-0.000183, 0.000438, 0.000147]","[0.080000, 0.009998, 0.039488]","[-0.002859, 0.006844, 0.002294]","[-0.030029, -0.034912, 0.064941]","[-0.017029, -0.015625, 0.032257, 0.999237]","[-0.000122, 0.005371, 0.022064, 0.999725]","[-0.052979, 0.034912, 0.110352]","[[0.997498, 0.064941, 0.030151], [-0.063965, 0.997437, -0.035095], [-0.032349, 0.033020, 0.999023]]",0,"[8028, 7695, 7508, 7651]"
35.349159,"[0.148438, 0.136719, -1.128906]","[-0.001272, 0.003045, 0.001021]","[0.099998, 0.000000, 0.047813]","[-0.012677, 0.030359, 0.010187]","[-0.029297, -0.034424, 0.074219]","[-0.016724, -0.015381, 0.036926, 0.999054]","[0.000488, 0.006561, 0.022064, 0.999725]","[0.107910, 0.023682, 0.029541]","[[0.996765, 0.074219, 0.029480], [-0.073242, 0.996643, -0.034607], [-0.032043, 0.032288, 0.998901]]",0,"[8087, 7741, 7630, 7718]"
35.351109,"[0.156250, 0.136719, -1.109375]","[-0.001272, 0.003045, 0.001021]","[0.119999, -0.009998, 0.101719]","[-0.012677, 0.030359, 0.010187]","[-0.028809, -0.034668, 0.074463]","[-0.016815, -0.015076, 0.037048, 0.999054]","[0.001007, 0.008026, 0.022064, 0.999695]","[-0.092041, 0.059326, 0.116943]","[[0.996765, 0.074463, 0.028870], [-0.073486, 0.996643, -0.034790], [-0.031433, 0.032471, 0.998901]]",0,"[8068, 7750, 7629, 7748]"
35.368687,"[0.156250, 0.136719, -1.109375]","[-0.001538, 0.003683, 0.001235]","[0.160000, -0.019999, 0.115776]","[-0.014643, 0.035071, 0.011770]","[-0.028809, -0.034424, 0.075439]","[-0.016663, -0.015076, 0.037567, 0.999054]","[0.001801, 0.009949, 0.022064, 0.999695]","[0.036621, -0.130859, -0.005859]","[[0.996765, 0.075500, 0.028870], [-0.074524, 0.996643, -0.034485], [-0.031433, 0.032166, 0.999023]]",0,"[8110, 7785, 7639, 7751]"
35.49369,"[0.167969, 0.136719, -1.093750]","[-0.004120, 0.009868, 0.003312]","[0.150000, -0.019999, 0.118410]","[-0.030670, 0.073490, 0.024691]","[-0.021484, -0.031738, 0.083496]","[-0.015472, -0.011444, 0.041656, 0.998932]","[0.002289, 0.010559, 0.022064, 0.999695]","[0.060547, 0.168457, 0.057373]","[[0.996155, 0.083496, 0.021545], [-0.082886, 0.995972, -0.031921], [-0.024231, 0.029968, 0.999146]]",0,"[8141, 7797, 7715, 7815]"
35.495644,"[0.187500, 0.148438, -1.093750]","[-0.004428, 0.010606, 0.003560]","[0.209999, -0.029999, 0.119423]","[-0.032357, 0.077534, 0.026052]","[-0.021484, -0.031738, 0.083740]","[-0.015472, -0.011414, 0.041779, 0.998932]","[0.002258, 0.014709, 0.022034, 0.999634]","[0.001953, 0.020020, 0.158936]","[[0.996155, 0.083740, 0.021484], [-0.083130, 0.995972, -0.031921], [-0.024170, 0.029968, 0.999207]]",0,"[8114, 7797, 7715, 7818]"
35.503452,"[0.187500, 0.136719, -1.089844]","[-0.004428, 0.010606, 0.003560]","[0.169998, -0.029999, 0.120934]","[-0.032357, 0.077534, 0.026052]","[-0.020996, -0.031494, 0.084229]","[-0.015320, -0.011200, 0.042023, 0.998932]","[0.002838, 0.012878, 0.022034, 0.999664]","[-0.022949, 0.023926, 0.162598]","[[0.996155, 0.084229, 0.021057], [-0.083618, 0.995972, -0.031616], [-0.023743, 0.029663, 0.999207]]",0,"[8160, 7803, 7733, 7822]"
35.534706,"[0.187500, 0.136719, -1.089844]","[-0.005831, 0.013969, 0.004690]","[0.179998, -0.029999, 0.108402]","[-0.039653, 0.095032, 0.031945]","[-0.019043, -0.030518, 0.086426]","[-0.014832, -0.010162, 0.043152, 0.998901]","[0.003082, 0.013458, 0.022034, 0.999634]","[0.038086, 0.009521, 0.131104]","[[0.996033, 0.086426, 0.019043], [-0.085938, 0.995789, -0.030579], [-0.021606, 0.028748, 0.999329]]",0,"[8188, 7835, 7762, 7833]"
35.667519,"[0.218750, 0.136719, -1.082031]","[-0.012670, 0.030363, 0.010206]","[0.249998, -0.049999, 0.056042]","[-0.069703, 0.167149, 0.056269]","[-0.010498, -0.027344, 0.095215]","[-0.013458, -0.005951, 0.047577, 0.998749]","[0.005798, 0.019745, 0.021942, 0.999542]","[0.048584, -0.185059, 0.105713]","[[0.995300, 0.095154, 0.010620], [-0.094910, 0.995056, -0.027527], [-0.013184, 0.026306, 0.999512]]",0,"[8200, 7827, 7795, 7862]"
35.669468,"[0.218750, 0.136719, -1.078125]","[-0.012670, 0.030363, 0.010206]","[0.209999, -0.039999, 0.085026]","[-0.069703, 0.167149, 0.056269]","[-0.010254, -0.026855, 0.094727]","[-0.013245, -0.005768, 0.047333, 0.998749]","[0.005493, 0.017822, 0.021973, 0.999573]","[0.019775, 0.262695, 0.045654]","[[0.995300, 0.094666, 0.010254], [-0.094421, 0.995056, -0.027039], [-0.012817, 0.025940, 0.999451]]",0,"[8201, 7827, 7797, 7852]"
35.810101,"[0.238281, 0.128906, -1.070312]","[-0.026130, 0.062654, 0.021088]","[0.219999, -0.039999, 0.026230]","[-0.116047, 0.278496, 0.093944]","[-0.000977, -0.022461, 0.103027]","[-0.011169, -0.001129, 0.051544, 0.998627]","[0.008881, 0.021027, 0.021881, 0.999481]","[-0.046143, 0.234619, 0.145996]","[[0.994751, 0.102905, 0.001099], [-0.102905, 0.994507, -0.022461], [-0.003418, 0.022217, 0.999817]]",0,"[8254, 7870, 7849, 7899]"
35.812046,"[0.238281, 0.128906, -1.070312]","[-0.026130, 0.062654, 0.021088]","[0.269999, -0.049999, 0.049889]","[-0.116047, 0.278496, 0.093944]","[-0.001709, -0.022461, 0.103271]","[-0.011169, -0.001434, 0.051697, 0.998596]","[0.009399, 0.023468, 0.021851, 0.999420]","[0.060791, -0.081299, -0.035645]","[[0.994629, 0.103210, 0.001709], [-0.103210, 0.994385, -0.022522], [-0.004028, 0.022156, 0.999695]]",0,"[8257, 7889, 7848, 7890]"
35.83939,"[0.269531, 0.128906, -1.074219]","[-0.029684, 0.071184, 0.023966]","[0.230000, -0.049999, 0.000488]","[-0.126673, 0.304048, 0.102610]","[0.000000, -0.021729, 0.104736]","[-0.010834, -0.000488, 0.052429, 0.998566]","[0.010162, 0.023804, 0.021820, 0.999420]","[-0.028076, 0.083496, 0.174805]","[[0.994446, 0.104675, -0.000183], [-0.104675, 0.994263, -0.021729], [-0.002136, 0.021606, 0.999756]]",0,"[8319, 7875, 7840, 7896]"
35.884312,"[0.269531, 0.117188, -1.074219]","[-0.035195, 0.084414, 0.028432]","[0.279999, -0.049999, -0.006823]","[-0.142220, 0.341445, 0.115309]","[0.003662, -0.018311, 0.107422]","[-0.009216, 0.001404, 0.053741, 0.998505]","[0.012054, 0.026947, 0.021729, 0.999298]","[0.010254, 0.264404, 0.162109]","[[0.994141, 0.107239, -0.003784], [-0.107361, 0.994019, -0.018311], [0.001709, 0.018555, 0.999756]]",0,"[8278, 7907, 7889, 7907]"
35.907749,"[0.289062, 0.117188, -1.078125]","[-0.039531, 0.094824, 0.031948]","[0.240000, -0.029999, -0.025494]","[-0.153767, 0.369235, 0.124758]","[0.006104, -0.016602, 0.108643]","[-0.008453, 0.002625, 0.054352, 0.998474]","[0.012054, 0.026581, 0.021729, 0.999329]","[0.028809, 0.294678, 0.129639]","[[0.994019, 0.108459, -0.006165], [-0.108582, 0.993896, -0.016663], [0.004211, 0.017151, 0.999756]]",0,"[8283, 7914, 7876, 7908]"
36.028847,"[0.308594, 0.117188, -1.078125]","[-0.060390, 0.144931, 0.048898]","[0.230000, -0.039999, -0.104733]","[-0.202949, 0.487705, 0.165161]","[0.015625, -0.008545, 0.114502]","[-0.004730, 0.007568, 0.057343, 0.998291]","[0.017090, 0.029388, 0.021545, 0.999176]","[0.096924, 0.203125, 0.085938]","[[0.993164, 0.114319, -0.015625], [-0.114563, 0.993225, -0.008606], [0.014526, 0.010315, 0.999695]]",0,"[8284, 7901, 7913, 7916]"
36.040562,"[0.316406, 0.117188, -1.093750]","[-0.062394, 0.149748, 0.050530]","[0.269999, -0.039999, -0.155701]","[-0.207223, 0.498010, 0.168686]","[0.016113, -0.007568, 0.114990]","[-0.004303, 0.007812, 0.057556, 0.998291]","[0.017517, 0.032074, 0.021484, 0.999084]","[0.072510, -0.096191, -0.046387]","[[0.993164, 0.114746, -0.016113], [-0.114990, 0.993286, -0.007751], [0.015015, 0.009460, 0.999756]]",0,"[8274, 7913, 7899, 7892]"
36.075722,"[0.328125, 0.109375, -1.097656]","[-0.070824, 0.170011, 0.057396]","[0.209999, -0.029999, -0.183098]","[-0.224491, 0.539658, 0.182951]","[0.018799, -0.005859, 0.116699]","[-0.003448, 0.009277, 0.058411, 0.998260]","[0.019073, 0.030701, 0.021454, 0.999084]","[0.075195, 0.055176, 0.079102]","[[0.993042, 0.116455, -0.018921], [-0.116699, 0.993164, -0.005859], [0.018066, 0.007935, 0.999817]]",0,"[8269, 7859, 7830, 7870]"
36.108921,"[0.339844, 0.109375, -1.105469]","[-0.077592, 0.186282, 0.062914]","[0.249998, -0.029999, -0.205484]","[-0.237596, 0.571285, 0.193805]","[0.020508, -0.003174, 0.117920]","[-0.002167, 0.010193, 0.059052, 0.998199]","[0.020844, 0.034210, 0.021332, 0.998962]","[0.069824, -0.096680, -0.039795]","[[0.992798, 0.117798, -0.020630], [-0.117920, 0.992981, -0.003174], [0.020020, 0.005493, 0.999756]]",0,"[8279, 7852, 7869, 7900]"
36.142124,"[0.347656, 0.109375, -1.113281]","[-0.087218, 0.209429, 0.070771]","[0.219999, -0.019999, -0.268629]","[-0.255205, 0.613806, 0.208430]","[0.023438, 0.000000, 0.119385]","[-0.000732, 0.011719, 0.059753, 0.998138]","[0.022186, 0.034058, 0.021301, 0.998932]","[0.100098, 0.197754, 0.115723]","[[0.992554, 0.119202, -0.023499], [-0.119324, 0.992798, -0.000122], [0.023254, 0.002808, 0.999634]]",0,"[8251, 7849, 7870, 7857]"
36.276894,"[0.367188, 0.109375, -1.132812]","[-0.123253, 0.296145, 0.100269]","[0.189999, 0.000000, -0.315617]","[-0.312323, 0.751974, 0.256257]","[0.030518, 0.011475, 0.124512]","[0.004913, 0.015686, 0.062256, 0.997925]","[0.029205, 0.037445, 0.020935, 0.998627]","[0.051025, -0.086670, 0.043945]","[[0.991699, 0.124329, -0.030640], [-0.124084, 0.992188, 0.011658], [0.031860, -0.007874, 0.999451]]",0,"[8280, 7860, 7858, 7884]"
36.278843,"[0.367188, 0.109375, -1.144531]","[-0.126324, 0.303540, 0.102789]","[0.219999, 0.000000, -0.356714]","[-0.316645, 0.762447, 0.259905]","[0.030518, 0.011963, 0.124268]","[0.005066, 0.015686, 0.062073, 0.997925]","[0.029602, 0.039032, 0.020874, 0.998566]","[0.123291, 0.191895, 0.047607]","[[0.991699, 0.123962, -0.030640], [-0.123718, 0.992188, 0.011963], [0.031860, -0.008179, 0.999390]]",0,"[8274, 7853, 7850, 7865]"
36.329624,"[0.378906, 0.109375, -1.156250]","[-0.142307, 0.342035, 0.115922]","[0.179998, -0.009998, -0.366404]","[-0.337956, 0.814126, 0.277965]","[0.033691, 0.016846, 0.125732]","[0.007477, 0.017365, 0.062805, 0.997833]","[0.033386, 0.039429, 0.020721, 0.998444]","[0.048340, -0.046143, -0.053223]","[[0.991394, 0.125549, -0.033691], [-0.125061, 0.991882, 0.017029], [0.035522, -0.012756, 0.999207]]",0,"[8240, 7822, 7793, 7829]"
36.345253,"[0.378906, 0.109375, -1.164062]","[-0.145628, 0.350035, 0.118654]","[0.209999, 0.019999, -0.387285]","[-0.342147, 0.824299, 0.281532]","[0.034424, 0.018311, 0.126221]","[0.008118, 0.017822, 0.063049, 0.997803]","[0.032928, 0.041534, 0.020660, 0.998352]","[0.030762, -0.098389, -0.046387]","[[0.991333, 0.126038, -0.034546], [-0.125549, 0.991821, 0.018372], [0.036499, -0.013977, 0.999146]]",0,"[8237, 7813, 7807, 7855]"
36.378452,"[0.386719, 0.109375, -1.171875]","[-0.159317, 0.383020, 0.129928]","[0.150000, 0.019999, -0.442806]","[-0.358625, 0.864327, 0.295616]","[0.036377, 0.021729, 0.127197]","[0.009735, 0.018860, 0.063446, 0.997772]","[0.035461, 0.040009, 0.020630, 0.998352]","[0.146729, 0.097900, 0.013428]","[[0.991272, 0.126953, -0.036377], [-0.126221, 0.991760, 0.021790], [0.038818, -0.017029, 0.999084]]",0,"[8242, 7809, 7804, 7821]"
36.411655,"[0.398438, 0.117188, -1.183594]","[-0.170004, 0.408782, 0.138744]","[0.150000, 0.029999, -0.456366]","[-0.370647, 0.893565, 0.305954]","[0.038330, 0.025146, 0.128418]","[0.011444, 0.019928, 0.063934, 0.997681]","[0.036987, 0.042175, 0.020477, 0.998199]","[0.119141, 0.066895, 0.100342]","[[0.990967, 0.127991, -0.038330], [-0.127136, 0.991516, 0.025330], [0.041138, -0.020325, 0.998840]]",0,"[8257, 7794, 7821, 7864]"
36.444862,"[0.406250, 0.117188, -1.195312]","[-0.184786, 0.444425, 0.150957]","[0.160000, 0.059999, -0.471512]","[-0.386138, 0.931292, 0.319370]","[0.039551, 0.028809, 0.128906]","[0.013153, 0.020721, 0.064178, 0.997650]","[0.038239, 0.044220, 0.020325, 0.998077]","[0.026611, 0.007812, -0.072266]","[[0.990906, 0.128540, -0.039673], [-0.127563, 0.991455, 0.028809], [0.042969, -0.023560, 0.998779]]",0,"[8238, 7821, 7819, 7823]"
36.507359,"[0.406250, 0.117188, -1.214844]","[-0.208060, 0.500577, 0.170238]","[0.129999, 0.049999, -0.505489]","[-0.408060, 0.984800, 0.338582]","[0.042480, 0.034424, 0.129639]","[0.015930, 0.022339, 0.064514, 0.997528]","[0.043854, 0.045105, 0.020050, 0.997803]","[0.091309, -0.141357, -0.045166]","[[0.990601, 0.129333, -0.042542], [-0.127991, 0.991089, 0.034607], [0.046570, -0.028870, 0.998413]]",0,"[8274, 7796, 7763, 7823]"
36.513222,"[0.406250, 0.117188, -1.218750]","[-0.212064, 0.510239, 0.173561]","[0.129999, 0.099998, -0.516991]","[-0.411544, 0.993321, 0.341666]","[0.043213, 0.035156, 0.129883]","[0.016205, 0.022736, 0.064575, 0.997528]","[0.041656, 0.045502, 0.020142, 0.997864]","[-0.004395, 0.054199, -0.023926]","[[0.990601, 0.129517, -0.043274], [-0.128052, 0.991089, 0.035217], [0.047424, -0.029358, 0.998413]]",0,"[8248, 7787, 7768, 7828]"
36.644073,"[0.417969, 0.128906, -1.246094]","[-0.266962, 0.642846, 0.219321]","[0.099998, 0.089998, -0.489878]","[-0.451649, 1.091840, 0.378047]","[0.049561, 0.049072, 0.130615]","[0.022949, 0.026367, 0.064667, 0.997284]","[0.053040, 0.049835, 0.019379, 0.997131]","[-0.038330, -0.013428, -0.046875]","[[0.990173, 0.130127, -0.049622], [-0.127808, 0.990479, 0.049072], [0.055481, -0.042358, 0.997498]]",0,"[8268, 7817, 7776, 7839]"
36.646034,"[0.417969, 0.136719, -1.246094]","[-0.266962, 0.642846, 0.219321]","[0.059999, 0.129999, -0.489878]","[-0.451649, 1.091840, 0.378047]","[0.049561, 0.049072, 0.130615]","[0.022949, 0.026367, 0.064667, 0.997284]","[0.050812, 0.047913, 0.019592, 0.997345]","[-0.038330, -0.013428, -0.046875]","[[0.990173, 0.130127, -0.049622], [-0.127808, 0.990479, 0.049072], [0.055481, -0.042358, 0.997498]]",0,"[8265, 7823, 7785, 7846]"
36.679234,"[0.429688, 0.148438, -1.265625]","[-0.284805, 0.685992, 0.234277]","[0.039999, 0.189999, -0.564484]","[-0.461830, 1.117047, 0.387689]","[0.050049, 0.054443, 0.130371]","[0.025574, 0.026764, 0.064484, 0.997223]","[0.050232, 0.049133, 0.019562, 0.997314]","[0.305420, 0.119873, 0.066895]","[[0.990173, 0.129944, -0.050049], [-0.127258, 0.990295, 0.054382], [0.056641, -0.047546, 0.997192]]",0,"[8232, 7819, 7784, 7825]"
36.71244,"[0.417969, 0.148438, -1.281250]","[-0.298440, 0.718979, 0.245737]","[0.019999, 0.169998, -0.558363]","[-0.468731, 1.134210, 0.394388]","[0.051025, 0.056885, 0.130127]","[0.026764, 0.027344, 0.064331, 0.997192]","[0.054352, 0.048828, 0.019379, 0.997131]","[-0.141846, 0.197510, -0.007324]","[[0.990173, 0.129700, -0.051086], [-0.126892, 0.990234, 0.056824], [0.057922, -0.049866, 0.997009]]",0,"[8239, 7819, 7778, 7805]"
36.745644,"[0.429688, 0.156250, -1.292969]","[-0.312263, 0.752436, 0.257382]","[0.009998, 0.179998, -0.582050]","[-0.474974, 1.149816, 0.400610]","[0.051758, 0.058350, 0.129639]","[0.027466, 0.027740, 0.064056, 0.997162]","[0.056580, 0.050629, 0.019165, 0.996918]","[0.115479, -0.325684, -0.059082]","[[0.990112, 0.129211, -0.051819], [-0.126282, 0.990173, 0.058289], [0.058777, -0.051208, 0.996826]]",0,"[8260, 7760, 7729, 7857]"
36.890171,"[0.429688, 0.167969, -1.328125]","[-0.383577, 0.925275, 0.317943]","[-0.009998, 0.249998, -0.605495]","[-0.495693, 1.202867, 0.424069]","[0.059570, 0.072754, 0.125732]","[0.034485, 0.032043, 0.061768, 0.997009]","[0.066498, 0.055695, 0.018311, 0.996033]","[-0.242920, 0.446533, -0.021729]","[[0.990356, 0.125305, -0.059631], [-0.120911, 0.990051, 0.072632], [0.068054, -0.064819, 0.995667]]",0,"[8228, 7775, 7715, 7832]"
36.894081,"[0.429688, 0.179688, -1.328125]","[-0.388423, 0.937035, 0.322091]","[-0.019999, 0.240000, -0.633266]","[-0.496420, 1.204850, 0.425156]","[0.057617, 0.074219, 0.125488]","[0.035248, 0.031097, 0.061707, 0.997009]","[0.066498, 0.055450, 0.018311, 0.996063]","[0.515625, -0.231445, 0.033936]","[[0.990479, 0.125122, -0.057617], [-0.120850, 0.989929, 0.074036], [0.066284, -0.066467, 0.995605]]",0,"[8270, 7783, 7677, 7853]"
36.89603,"[0.429688, 0.199219, -1.335938]","[-0.388423, 0.937035, 0.322091]","[-0.080000, 0.320000, -0.618326]","[-0.496420, 1.204850, 0.425156]","[0.059326, 0.073975, 0.125732]","[0.035126, 0.031982, 0.061707, 0.996979]","[0.061707, 0.052612, 0.018768, 0.996521]","[-0.101074, 0.769043, -0.039307]","[[0.990356, 0.125183, -0.059387], [-0.120789, 0.989929, 0.073914], [0.068054, -0.066101, 0.995483]]",0,"[8258, 7779, 7705, 7839]"
36.913609,"[0.417969, 0.207031, -1.347656]","[-0.398133, 0.960606, 0.330417]","[-0.080000, 0.299999, -0.626282]","[-0.497629, 1.208218, 0.427148]","[0.060303, 0.075195, 0.125000]","[0.035675, 0.032532, 0.061371, 0.996948]","[0.063904, 0.052704, 0.018646, 0.996368]","[-0.162598, 0.198730, -0.008057]","[[0.990295, 0.124634, -0.060486], [-0.119995, 0.989868, 0.075073], [0.069153, -0.067139, 0.995300]]",0,"[8204, 7792, 7741, 7837]"
36.948765,"[0.417969, 0.218750, -1.359375]","[-0.412727, 0.996049, 0.342965]","[-0.089998, 0.329998, -0.653046]","[-0.498808, 1.211763, 0.429672]","[0.060059, 0.078125, 0.124268]","[0.037231, 0.032440, 0.060913, 0.996918]","[0.065247, 0.053772, 0.018524, 0.996216]","[0.128662, 0.297607, -0.048340]","[[0.990417, 0.123779, -0.060120], [-0.119019, 0.989746, 0.078125], [0.069153, -0.070312, 0.995056]]",0,"[8234, 7793, 7702, 7830]"
36.981972,"[0.406250, 0.238281, -1.378906]","[-0.432226, 1.043437, 0.359803]","[-0.150000, 0.419998, -0.726635]","[-0.499180, 1.213617, 0.432161]","[0.060791, 0.078613, 0.123535]","[0.037445, 0.032837, 0.060516, 0.996948]","[0.062805, 0.051849, 0.018768, 0.996490]","[-0.319580, 0.495117, -0.040527]","[[0.990540, 0.123047, -0.060913], [-0.118164, 0.989929, 0.078613], [0.069946, -0.070679, 0.995117]]",0,"[8245, 7745, 7624, 7797]"
37.013222,"[0.406250, 0.238281, -1.386719]","[-0.446844, 1.078989, 0.372485]","[-0.139999, 0.369999, -0.685013]","[-0.498557, 1.212849, 0.433365]","[0.061279, 0.081055, 0.122559]","[0.038544, 0.033081, 0.059967, 0.996887]","[0.068176, 0.053589, 0.018372, 0.996033]","[-0.303711, 0.446045, -0.016357]","[[0.990479, 0.122009, -0.061340], [-0.117004, 0.989685, 0.080811], [0.070496, -0.072876, 0.994690]]",0,"[8159, 7759, 7626, 7755]"
37.048374,"[0.398438, 0.257812, -1.402344]","[-0.461432, 1.114488, 0.385192]","[-0.189999, 0.489998, -0.688000]","[-0.497159, 1.210222, 0.434000]","[0.060303, 0.082520, 0.121338]","[0.039337, 0.032623, 0.059387, 0.996918]","[0.064606, 0.052063, 0.018646, 0.996368]","[0.353760, -0.201660, -0.056885]","[[0.990723, 0.120972, -0.060364], [-0.115845, 0.989746, 0.082275], [0.069641, -0.074585, 0.994690]]",0,"[8265, 7722, 7568, 7796]"
37.194866,"[0.398438, 0.277344, -1.453125]","[-0.533124, 1.289314, 0.448543]","[-0.169998, 0.419998, -0.658527]","[-0.478519, 1.169138, 0.428655]","[0.058838, 0.090332, 0.112305]","[0.043488, 0.032013, 0.054749, 0.997009]","[0.080353, 0.059052, 0.017273, 0.994843]","[0.293701, -0.258057, -0.211670]","[[0.991760, 0.111877, -0.059021], [-0.106384, 0.990051, 0.090149], [0.068542, -0.083191, 0.994019]]",0,"[8242, 7734, 7536, 7763]"
37.198765,"[0.367188, 0.328125, -1.441406]","[-0.537789, 1.300712, 0.452726]","[-0.230000, 0.509998, -0.618509]","[-0.476589, 1.164742, 0.427796]","[0.059814, 0.090576, 0.112061]","[0.043549, 0.032501, 0.054688, 0.997009]","[0.073151, 0.054504, 0.018036, 0.995636]","[0.081299, 0.457275, -0.073975]","[[0.991821, 0.111816, -0.059998], [-0.106201, 0.990112, 0.090332], [0.069519, -0.083252, 0.994019]]",0,"[8237, 7714, 7538, 7771]"
37.21439,"[0.359375, 0.347656, -1.453125]","[-0.542435, 1.312067, 0.456901]","[-0.309999, 0.649998, -0.652422]","[-0.474578, 1.160156, 0.426878]","[0.060791, 0.091553, 0.110840]","[0.044006, 0.032898, 0.053986, 0.997009]","[0.066559, 0.050812, 0.018646, 0.996307]","[-0.099121, 0.117920, 0.000977]","[[0.991882, 0.110474, -0.060852], [-0.104736, 0.990173, 0.091248], [0.070251, -0.084167, 0.993835]]",0,"[8162, 7732, 7554, 7768]"
37.339394,"[0.347656, 0.367188, -1.500000]","[-0.600693, 1.454762, 0.510093]","[-0.269999, 0.559999, -0.714056]","[-0.440937, 1.082379, 0.409462]","[0.057373, 0.090576, 0.100098]","[0.043884, 0.030975, 0.048706, 0.997375]","[0.080200, 0.056580, 0.017487, 0.994995]","[-0.036621, 0.156738, 0.006348]","[[0.993347, 0.099792, -0.057495], [-0.094421, 0.991394, 0.090515], [0.066040, -0.084534, 0.994202]]",0,"[8167, 7661, 7415, 7737]"
37.341343,"[0.328125, 0.417969, -1.496094]","[-0.600693, 1.454762, 0.510093]","[-0.299999, 0.619999, -0.688038]","[-0.440937, 1.082379, 0.409462]","[0.057373, 0.090576, 0.099854]","[0.043823, 0.030975, 0.048615, 0.997375]","[0.074493, 0.054108, 0.018005, 0.995575]","[-0.032715, -0.027832, -0.101074]","[[0.993286, 0.099609, -0.057556], [-0.094238, 0.991394, 0.090393], [0.065979, -0.084412, 0.994202]]",0,"[8161, 7684, 7420, 7751]"
37.349174,"[0.316406, 0.429688, -1.500000]","[-0.604985, 1.465303, 0.514085]","[-0.329998, 0.649998, -0.694605]","[-0.437782, 1.075016, 0.407708]","[0.057617, 0.090576, 0.099121]","[0.043854, 0.031006, 0.048248, 0.997375]","[0.072998, 0.052429, 0.018219, 0.995758]","[-0.011475, -0.008545, -0.133057]","[[0.993347, 0.098877, -0.057617], [-0.093506, 0.991394, 0.090454], [0.066040, -0.084473, 0.994141]]",0,"[8168, 7672, 7404, 7761]"
37.384315,"[0.316406, 0.457031, -1.511719]","[-0.621826, 1.506688, 0.529865]","[-0.389999, 0.809998, -0.697115]","[-0.424396, 1.043732, 0.400135]","[0.057373, 0.091797, 0.095947]","[0.044556, 0.030914, 0.046600, 0.997437]","[0.066193, 0.050812, 0.018677, 0.996307]","[0.018799, 0.038086, -0.052002]","[[0.993713, 0.095703, -0.057495], [-0.090210, 0.991638, 0.091736], [0.065796, -0.085999, 0.994080]]",0,"[8155, 7669, 7416, 7755]"
37.46244,"[0.289062, 0.488281, -1.539062]","[-0.653826, 1.585519, 0.560454]","[-0.339998, 0.699999, -0.667265]","[-0.393981, 0.972300, 0.382351]","[0.053711, 0.088623, 0.088135]","[0.043091, 0.028870, 0.042877, 0.997742]","[0.075317, 0.053864, 0.017975, 0.995514]","[0.077393, 0.056641, -0.187256]","[[0.994629, 0.087952, -0.053894], [-0.083069, 0.992615, 0.088379], [0.061218, -0.083496, 0.994629]]",0,"[8210, 7664, 7322, 7754]"
37.466343,"[0.277344, 0.519531, -1.535156]","[-0.653826, 1.585519, 0.560454]","[-0.439999, 0.869999, -0.643930]","[-0.393981, 0.972300, 0.382351]","[0.053955, 0.088379, 0.087646]","[0.042999, 0.028931, 0.042664, 0.997742]","[0.065430, 0.048615, 0.018860, 0.996490]","[0.034668, -0.239014, -0.150146]","[[0.994629, 0.087524, -0.054016], [-0.082642, 0.992615, 0.088196], [0.061340, -0.083313, 0.994568]]",0,"[8193, 7680, 7327, 7758]"
37.483921,"[0.269531, 0.539062, -1.539062]","[-0.661440, 1.604314, 0.567872]","[-0.379999, 0.749998, -0.634727]","[-0.385639, 0.952632, 0.377371]","[0.053467, 0.088623, 0.085693]","[0.043213, 0.028625, 0.041656, 0.997803]","[0.071411, 0.051575, 0.018341, 0.995911]","[0.120361, -0.157471, -0.162354]","[[0.994934, 0.085571, -0.053528], [-0.080688, 0.992798, 0.088562], [0.060608, -0.083801, 0.994629]]",0,"[8166, 7706, 7361, 7741]"
37.608925,"[0.257812, 0.566406, -1.578125]","[-0.706654, 1.716404, 0.613509]","[-0.379999, 0.789999, -0.616621]","[-0.324743, 0.808445, 0.340162]","[0.050537, 0.092041, 0.072754]","[0.045044, 0.026978, 0.035278, 0.998016]","[0.075317, 0.054108, 0.017944, 0.995514]","[0.083252, 0.004883, -0.208008]","[[0.996094, 0.072754, -0.050659], [-0.067993, 0.993469, 0.091797], [0.057007, -0.088013, 0.994507]]",0,"[8157, 7714, 7311, 7703]"
37.610874,"[0.238281, 0.597656, -1.566406]","[-0.706654, 1.716404, 0.613509]","[-0.489998, 0.969997, -0.599575]","[-0.324743, 0.808445, 0.340162]","[0.050781, 0.092285, 0.072510]","[0.045227, 0.027069, 0.035126, 0.998016]","[0.064667, 0.047791, 0.018951, 0.996552]","[0.028809, -0.029297, -0.002686]","[[0.996155, 0.072510, -0.050842], [-0.067627, 0.993530, 0.092163], [0.057190, -0.088379, 0.994507]]",0,"[8133, 7714, 7302, 7721]"
37.612827,"[0.226562, 0.628906, -1.566406]","[-0.706654, 1.716404, 0.613509]","[-0.429998, 0.829998, -0.580832]","[-0.324743, 0.808445, 0.340162]","[0.050537, 0.092285, 0.072266]","[0.045227, 0.026978, 0.035065, 0.998016]","[0.069824, 0.050262, 0.018524, 0.996094]","[0.032715, -0.081055, -0.095703]","[[0.996155, 0.072327, -0.050720], [-0.067566, 0.993469, 0.092102], [0.056946, -0.088440, 0.994507]]",0,"[8157, 7725, 7293, 7720]"
37.618687,"[0.207031, 0.667969, -1.566406]","[-0.709798, 1.724227, 0.616813]","[-0.529999, 1.039999, -0.593750]","[-0.319604, 0.796223, 0.336979]","[0.050781, 0.092773, 0.071777]","[0.045441, 0.027008, 0.034729, 0.998016]","[0.057465, 0.044373, 0.019501, 0.997162]","[0.021973, 0.059326, -0.011230]","[[0.996155, 0.071716, -0.050781], [-0.066833, 0.993469, 0.092529], [0.057007, -0.088867, 0.994446]]",0,"[8126, 7711, 7300, 7703]"
37.65189,"[0.199219, 0.687500, -1.578125]","[-0.718929, 1.747015, 0.626542]","[-0.439999, 0.879999, -0.571747]","[-0.303799, 0.758652, 0.327133]","[0.049805, 0.090576, 0.068359]","[0.044464, 0.026459, 0.033051, 0.998138]","[0.065918, 0.049103, 0.018799, 0.996429]","[-0.284180, 0.032715, -0.097900]","[[0.996460, 0.068237, -0.049866], [-0.063599, 0.993896, 0.090454], [0.055725, -0.087036, 0.994690]]",0,"[8006, 7747, 7389, 7707]"
37.687042,"[0.179688, 0.718750, -1.585938]","[-0.730376, 1.775642, 0.639055]","[-0.459999, 0.899998, -0.563074]","[-0.281898, 0.706461, 0.313408]","[0.045898, 0.081299, 0.063965]","[0.039948, 0.024261, 0.031158, 0.998444]","[0.064545, 0.047546, 0.018982, 0.996582]","[-0.057617, -0.300781, -0.083008]","[[0.996948, 0.064087, -0.045959], [-0.060303, 0.994934, 0.081177], [0.050842, -0.078247, 0.995667]]",0,"[8273, 7643, 7206, 7825]"
37.812046,"[0.117188, 0.839844, -1.597656]","[-0.761348, 1.853835, 0.675804]","[-0.579998, 1.189999, -0.411205]","[-0.204572, 0.521582, 0.264422]","[0.041016, 0.075684, 0.051025]","[0.037354, 0.021484, 0.024841, 0.998749]","[0.047638, 0.040253, 0.020142, 0.997833]","[0.219482, -0.151123, -0.047363]","[[0.997742, 0.051147, -0.041077], [-0.047974, 0.995911, 0.075623], [0.044739, -0.073547, 0.996216]]",0,"[8232, 7666, 7204, 7838]"
37.819859,"[0.109375, 0.867188, -1.597656]","[-0.761348, 1.853835, 0.675804]","[-0.489998, 1.009998, -0.382303]","[-0.204572, 0.521582, 0.264422]","[0.041504, 0.075195, 0.050293]","[0.037140, 0.021667, 0.024445, 0.998779]","[0.055145, 0.044403, 0.019592, 0.997284]","[0.260986, -0.273682, -0.076660]","[[0.997864, 0.050415, -0.041504], [-0.047241, 0.996033, 0.075195], [0.045044, -0.073120, 0.996277]]",0,"[8192, 7683, 7213, 7834]"
37.876499,"[0.089844, 0.906250, -1.605469]","[-0.772214, 1.881696, 0.690580]","[-0.599998, 1.239998, -0.374023]","[-0.166092, 0.429153, 0.239818]","[0.040283, 0.067871, 0.044922]","[0.033569, 0.020996, 0.021851, 0.998962]","[0.042755, 0.038635, 0.020386, 0.998108]","[-0.312012, -0.048584, -0.068604]","[[0.998047, 0.045044, -0.040466], [-0.042236, 0.996704, 0.067932], [0.043396, -0.066101, 0.996765]]",0,"[8212, 7730, 7256, 7816]"
37.888218,"[0.066406, 0.949219, -1.605469]","[-0.773800, 1.885810, 0.692897]","[-0.519999, 1.049997, -0.375063]","[-0.159534, 0.413414, 0.235630]","[0.039307, 0.065918, 0.043701]","[0.032562, 0.020386, 0.021271, 0.999023]","[0.049500, 0.040955, 0.020020, 0.997711]","[-0.046143, -0.150146, -0.093018]","[[0.998169, 0.043762, -0.039368], [-0.041199, 0.996887, 0.065857], [0.042053, -0.064148, 0.996948]]",0,"[8232, 7716, 7252, 7835]"
37.921421,"[0.046875, 0.988281, -1.609375]","[-0.779520, 1.900720, 0.701775]","[-0.509998, 1.089998, -0.346243]","[-0.132822, 0.349152, 0.218507]","[0.037354, 0.059326, 0.040283]","[0.029327, 0.019257, 0.019714, 0.999176]","[0.045837, 0.040802, 0.020172, 0.997894]","[-0.175293, 0.367920, -0.047852]","[[0.998413, 0.040466, -0.037354], [-0.038269, 0.997437, 0.059326], [0.039551, -0.057861, 0.997437]]",0,"[8234, 7741, 7204, 7826]"
37.954624,"[0.027344, 1.019531, -1.613281]","[-0.783112, 1.910227, 0.707980]","[-0.629999, 1.319998, -0.329002]","[-0.112427, 0.299961, 0.205393]","[0.034668, 0.054199, 0.037598]","[0.026886, 0.017944, 0.018433, 0.999298]","[0.032928, 0.034210, 0.020935, 0.998627]","[-0.360352, 0.280029, -0.105225]","[[0.998596, 0.037720, -0.034851], [-0.035889, 0.997803, 0.054321], [0.036804, -0.053101, 0.997864]]",0,"[8244, 7724, 7211, 7831]"
37.987827,"[0.019531, 1.058594, -1.617188]","[-0.786965, 1.920649, 0.715663]","[-0.529999, 1.109999, -0.367880]","[-0.084721, 0.233143, 0.187588]","[0.030273, 0.051758, 0.035156]","[0.025757, 0.015625, 0.017303, 0.999390]","[0.040802, 0.038452, 0.020477, 0.998199]","[-0.219238, -0.199707, -0.123535]","[[0.998840, 0.035339, -0.030334], [-0.033752, 0.998047, 0.051941], [0.032043, -0.050964, 0.998108]]",0,"[8079, 7849, 7316, 7667]"
38.120644,"[-0.007812, 1.109375, -1.625000]","[-0.791867, 1.936140, 0.735699]","[-0.639999, 1.359999, -0.318144]","[0.008002, 0.008778, 0.127894]","[0.023193, 0.032715, 0.028564]","[0.016266, 0.011932, 0.014221, 0.999695]","[0.024170, 0.023987, 0.021484, 0.999176]","[0.103516, -0.263428, -0.067627]","[[0.999268, 0.028748, -0.023376], [-0.028015, 0.999023, 0.032776], [0.024231, -0.032166, 0.999146]]",0,"[8161, 7706, 7179, 7728]"
38.122597,"[-0.039062, 1.187500, -1.617188]","[-0.791867, 1.936140, 0.735699]","[-0.529999, 1.169998, -0.268099]","[0.008002, 0.008778, 0.127894]","[0.024170, 0.032227, 0.028564]","[0.016052, 0.012329, 0.014191, 0.999695]","[0.029022, 0.027435, 0.021271, 0.998962]","[-0.254395, 0.394531, -0.046875]","[[0.999268, 0.028687, -0.024170], [-0.027954, 0.999023, 0.032349], [0.025024, -0.031738, 0.999146]]",0,"[8147, 7691, 7166, 7745]"
38.126499,"[-0.066406, 1.238281, -1.613281]","[-0.791754, 1.936140, 0.736925]","[-0.629999, 1.389997, -0.253862]","[0.015251, -0.008821, 0.123234]","[0.023682, 0.031006, 0.028564]","[0.015411, 0.012085, 0.014160, 0.999725]","[0.014984, 0.021149, 0.021759, 0.999420]","[-0.157715, -0.472168, -0.055420]","[[0.999329, 0.028625, -0.023682], [-0.027893, 0.999146, 0.031067], [0.024536, -0.030457, 0.999268]]",0,"[8129, 7676, 7193, 7779]"
38.185089,"[-0.078125, 1.277344, -1.613281]","[-0.789583, 1.932519, 0.743327]","[-0.539999, 1.179998, -0.125732]","[0.058861, -0.114857, 0.095240]","[0.014893, 0.018066, 0.027100]","[0.009064, 0.007660, 0.013519, 0.999847]","[0.021515, 0.024414, 0.021545, 0.999237]","[-0.558350, 0.279053, -0.039795]","[[0.999512, 0.027100, -0.015015], [-0.026855, 0.999451, 0.018250], [0.015503, -0.017883, 0.999695]]",0,"[8247, 7793, 7280, 7780]"
38.188995,"[-0.097656, 1.316406, -1.613281]","[-0.789583, 1.932519, 0.743327]","[-0.629999, 1.419998, -0.122515]","[0.058861, -0.114857, 0.095240]","[0.014160, 0.016357, 0.026855]","[0.008118, 0.007263, 0.013519, 0.999847]","[0.007111, 0.019104, 0.021942, 0.999542]","[-0.364014, -0.693848, -0.005859]","[[0.999512, 0.027039, -0.014282], [-0.026917, 0.999451, 0.016357], [0.014648, -0.015991, 0.999695]]",0,"[8246, 7797, 7271, 7824]"
38.222202,"[-0.109375, 1.359375, -1.613281]","[-0.786717, 1.926651, 0.746683]","[-0.529999, 1.179998, -0.109945]","[0.087931, -0.185699, 0.076631]","[0.008301, 0.006348, 0.026123]","[0.003265, 0.004211, 0.013123, 0.999908]","[0.015137, 0.022858, 0.021729, 0.999359]","[-0.139404, 0.008789, -0.064941]","[[0.999634, 0.026184, -0.008301], [-0.026184, 0.999634, 0.006531], [0.008423, -0.006409, 0.999939]]",0,"[8297, 7793, 7194, 7818]"
38.255421,"[-0.136719, 1.406250, -1.609375]","[-0.783822, 1.920432, 0.748724]","[-0.519999, 1.179998, -0.052395]","[0.109682, -0.238789, 0.062744]","[0.006104, -0.004150, 0.024902]","[-0.002167, 0.003052, 0.012573, 0.999908]","[0.011078, 0.021362, 0.021820, 0.999451]","[-0.541748, 0.345459, 0.078613]","[[0.999634, 0.025024, -0.006104], [-0.025146, 0.999634, -0.004272], [0.005981, 0.004395, 0.999939]]",0,"[8354, 7688, 7156, 7900]"
38.290562,"[-0.148438, 1.437500, -1.605469]","[-0.778974, 1.909727, 0.750816]","[-0.619999, 1.439999, -0.022202]","[0.138532, -0.309326, 0.044379]","[0.000977, -0.003662, 0.024414]","[-0.001923, 0.000549, 0.012329, 0.999908]","[-0.004883, 0.015594, 0.022156, 0.999603]","[0.228027, -0.518799, -0.039307]","[[0.999634, 0.024536, -0.001099], [-0.024658, 0.999634, -0.003845], [0.000977, 0.003845, 0.999878]]",0,"[8214, 7855, 7294, 7796]"
38.323765,"[-0.167969, 1.488281, -1.605469]","[-0.774600, 1.899893, 0.751916]","[-0.509998, 1.179998, -0.000471]","[0.160014, -0.361940, 0.030752]","[-0.000732, -0.011719, 0.023682]","[-0.005890, -0.000458, 0.011932, 0.999908]","[0.002960, 0.019318, 0.022003, 0.999542]","[-0.545410, 0.222168, -0.020264]","[[0.999695, 0.023804, 0.000732], [-0.023804, 0.999634, -0.011841], [-0.001099, 0.011719, 0.999878]]",0,"[8168, 7860, 7353, 7764]"
38.356968,"[-0.187500, 1.527344, -1.601562]","[-0.769599, 1.888521, 0.752619]","[-0.609999, 1.419998, 0.013813]","[0.181326, -0.414216, 0.017279]","[-0.003418, -0.024658, 0.022461]","[-0.012299, -0.001953, 0.011322, 0.999847]","[-0.012756, 0.012848, 0.022247, 0.999573]","[-0.275635, -0.609863, -0.009521]","[[0.999634, 0.022583, 0.003601], [-0.022583, 0.999390, -0.024658], [-0.004211, 0.024536, 0.999634]]",0,"[8377, 7719, 7188, 7956]"
38.390171,"[-0.207031, 1.566406, -1.597656]","[-0.761967, 1.870992, 0.752948]","[-0.480000, 1.179998, 0.056755]","[0.209405, -0.483222, -0.000392]","[-0.008789, -0.027344, 0.021484]","[-0.013641, -0.004639, 0.010712, 0.999847]","[-0.005341, 0.017212, 0.022156, 0.999573]","[0.209229, -0.558350, -0.111084]","[[0.999756, 0.021484, 0.008972], [-0.021240, 0.999390, -0.027405], [-0.009583, 0.027161, 0.999573]]",0,"[8213, 7869, 7304, 7822]"
38.423374,"[-0.226562, 1.609375, -1.593750]","[-0.755527, 1.856085, 0.752745]","[-0.469999, 1.169998, 0.071980]","[0.230177, -0.534368, -0.013399]","[-0.011963, -0.036133, 0.020752]","[-0.018036, -0.006226, 0.010315, 0.999756]","[-0.009521, 0.015961, 0.022217, 0.999573]","[-0.537598, 0.131104, 0.010742]","[[0.999634, 0.020752, 0.012024], [-0.020386, 0.999084, -0.036255], [-0.012878, 0.035889, 0.999207]]",0,"[8337, 7896, 7258, 7831]"
38.456577,"[-0.238281, 1.656250, -1.589844]","[-0.746001, 1.833892, 0.751889]","[-0.569998, 1.389997, 0.080635]","[0.257426, -0.601602, -0.030365]","[-0.013672, -0.043213, 0.019531]","[-0.021576, -0.007141, 0.009705, 0.999695]","[-0.025635, 0.009949, 0.022339, 0.999359]","[-0.117188, -0.449707, -0.012207]","[[0.999695, 0.019653, 0.013855], [-0.019043, 0.998840, -0.043335], [-0.014709, 0.042969, 0.998962]]",0,"[8315, 7829, 7232, 7911]"
38.48978,"[-0.269531, 1.699219, -1.585938]","[-0.738163, 1.815536, 0.750817]","[-0.469999, 1.149998, 0.106520]","[0.277487, -0.651203, -0.042777]","[-0.016846, -0.048340, 0.018311]","[-0.024109, -0.008667, 0.009094, 0.999634]","[-0.018768, 0.011993, 0.022308, 0.999481]","[0.027832, -0.452881, -0.131836]","[[0.999695, 0.018494, 0.016846], [-0.017761, 0.998657, -0.048401], [-0.017822, 0.048035, 0.998657]]",0,"[8231, 7890, 7368, 7848]"
38.522984,"[-0.277344, 1.738281, -1.582031]","[-0.729746, 1.795746, 0.749386]","[-0.439999, 1.129997, 0.127422]","[0.297182, -0.699994, -0.054888]","[-0.019287, -0.057617, 0.016846]","[-0.028717, -0.009888, 0.008270, 0.999512]","[-0.022675, 0.012085, 0.022339, 0.999390]","[-0.460449, 0.016113, 0.018311]","[[0.999695, 0.017029, 0.019287], [-0.015930, 0.998230, -0.057617], [-0.020264, 0.057251, 0.998169]]",0,"[8360, 7863, 7289, 7921]"
38.55814,"[-0.289062, 1.789062, -1.578125]","[-0.717634, 1.767153, 0.746934]","[-0.509998, 1.339998, 0.135054]","[0.322841, -0.763708, -0.070545]","[-0.021729, -0.064209, 0.015625]","[-0.032074, -0.011108, 0.007507, 0.999390]","[-0.039001, 0.007080, 0.022369, 0.998932]","[0.124756, -0.104980, -0.100098]","[[0.999573, 0.015625, 0.021729], [-0.014282, 0.997803, -0.064331], [-0.022705, 0.063965, 0.997620]]",0,"[8357, 7861, 7258, 7952]"
38.593296,"[-0.308594, 1.816406, -1.578125]","[-0.704534, 1.736103, 0.743882]","[-0.419998, 1.109999, 0.116138]","[0.347742, -0.825715, -0.085586]","[-0.021973, -0.070801, 0.014404]","[-0.035370, -0.011261, 0.006866, 0.999298]","[-0.032501, 0.009003, 0.022369, 0.999176]","[-0.448730, -0.128418, -0.012207]","[[0.999634, 0.014465, 0.022034], [-0.012878, 0.997437, -0.070923], [-0.023010, 0.070557, 0.997253]]",0,"[8180, 7924, 7408, 7877]"
38.624546,"[-0.316406, 1.867188, -1.578125]","[-0.694080, 1.711246, 0.741215]","[-0.469999, 1.279999, 0.107830]","[0.365880, -0.871001, -0.096433]","[-0.025391, -0.082031, 0.013428]","[-0.040955, -0.013000, 0.006256, 0.999054]","[-0.046722, 0.005676, 0.022369, 0.998627]","[-0.335449, -0.289551, -0.046387]","[[0.999512, 0.013489, 0.025452], [-0.011414, 0.996521, -0.082031], [-0.026550, 0.081665, 0.996277]]",0,"[8393, 7836, 7281, 7998]"
38.659702,"[-0.328125, 1.898438, -1.574219]","[-0.683101, 1.685079, 0.738236]","[-0.379999, 1.049997, 0.106689]","[0.383527, -0.915166, -0.106886]","[-0.027832, -0.087891, 0.012207]","[-0.043915, -0.014221, 0.005524, 0.998932]","[-0.040558, 0.008087, 0.022430, 0.998871]","[-0.342773, 0.137939, 0.071045]","[[0.999573, 0.012207, 0.027954], [-0.009766, 0.996094, -0.087952], [-0.028931, 0.087585, 0.995728]]",0,"[8239, 7927, 7347, 7857]"
38.690952,"[-0.347656, 1.937500, -1.570312]","[-0.667671, 1.648206, 0.733798]","[-0.369999, 1.029999, 0.114964]","[0.406250, -0.972201, -0.120178]","[-0.029297, -0.097168, 0.010498]","[-0.048492, -0.014893, 0.004669, 0.998718]","[-0.044891, 0.006104, 0.022369, 0.998718]","[-0.455078, 0.252930, 0.039062]","[[0.999573, 0.010681, 0.029297], [-0.007874, 0.995300, -0.097046], [-0.030273, 0.096680, 0.994873]]",0,"[8330, 7857, 7286, 7941]"
38.724155,"[-0.367188, 1.976562, -1.566406]","[-0.655529, 1.619119, 0.730138]","[-0.400000, 1.209997, 0.135578]","[0.422648, -1.013493, -0.129635]","[-0.031006, -0.101807, 0.009277]","[-0.050781, -0.015808, 0.003876, 0.998566]","[-0.059479, 0.002655, 0.022278, 0.997955]","[-0.156982, -0.240479, -0.064453]","[[0.999390, 0.009277, 0.031189], [-0.006104, 0.994751, -0.101624], [-0.032043, 0.101257, 0.994263]]",0,"[8274, 7895, 7365, 7979]"
