t,p,p_d,v,v_d,Angles,q,q_sp,w,R,T_sp,rpm
29.904827,"[0.058594, 0.117188, -1.058594]","[0.000000, -0.000000, 0.000000]","[0.029999, 0.009998, 0.017078]","[0.000001, -0.000000, 0.000000]","[-0.014160, -0.030518, 0.055908]","[-0.015137, -0.007538, 0.027893, 0.999481]","[0.000610, 0.000946, 0.021698, 0.999756]","[-0.066650, -0.222656, 0.129639]","[[0.998352, 0.055908, 0.014221], [-0.055542, 0.997986, -0.030701], [-0.015930, 0.029846, 0.999451]]",0,"[8110, 7866, 7750, 7868]"
29.920469,"[0.058594, 0.128906, -1.058594]","[0.000000, -0.000000, 0.000000]","[0.029999, 0.019999, 0.018990]","[0.000001, -0.000000, 0.000000]","[-0.015381, -0.030762, 0.057129]","[-0.015167, -0.008179, 0.028503, 0.999451]","[-0.000580, 0.000977, 0.021698, 0.999756]","[-0.084717, -0.240234, 0.104492]","[[0.998230, 0.057190, 0.015442], [-0.056702, 0.997925, -0.030823], [-0.017273, 0.029846, 0.999390]]",0,"[8079, 7847, 7737, 7886]"
29.953659,"[0.058594, 0.128906, -1.058594]","[0.000000, -0.000000, 0.000000]","[0.049999, 0.019999, 0.017025]","[0.000001, -0.000001, 0.000000]","[-0.016846, -0.030518, 0.059570]","[-0.014984, -0.008942, 0.029694, 0.999420]","[-0.000549, 0.001831, 0.021698, 0.999756]","[0.159424, -0.081055, -0.004883]","[[0.998108, 0.059570, 0.016968], [-0.059082, 0.997803, -0.030518], [-0.018799, 0.029419, 0.999390]]",0,"[8092, 7864, 7773, 7859]"
29.984911,"[0.058594, 0.128906, -1.058594]","[0.000000, -0.000000, 0.000000]","[0.049999, 0.009998, 0.018908]","[0.000002, -0.000001, 0.000001]","[-0.017578, -0.031250, 0.062012]","[-0.015381, -0.009369, 0.030945, 0.999359]","[-0.001160, 0.001953, 0.021729, 0.999756]","[0.114014, -0.058105, 0.026855]","[[0.997864, 0.062073, 0.017761], [-0.061584, 0.997559, -0.031372], [-0.019714, 0.030151, 0.999329]]",0,"[8112, 7840, 7765, 7874]"
30.02006,"[0.058594, 0.128906, -1.058594]","[0.000000, -0.000000, 0.000000]","[0.059999, 0.009998, 0.024229]","[0.000003, -0.000002, 0.000001]","[-0.018066, -0.031738, 0.064941]","[-0.015625, -0.009583, 0.032471, 0.999298]","[-0.001160, 0.002441, 0.021729, 0.999756]","[-0.032715, -0.152100, 0.058350]","[[0.997681, 0.065125, 0.018127], [-0.064636, 0.997375, -0.031921], [-0.020203, 0.030579, 0.999268]]",0,"[8126, 7850, 7785, 7862]"
30.088421,"[0.078125, 0.128906, -1.054688]","[0.000000, -0.000000, 0.000000]","[0.080000, 0.009998, 0.021685]","[0.000006, -0.000004, 0.000002]","[-0.017822, -0.032959, 0.070801]","[-0.016144, -0.009583, 0.035309, 0.999176]","[-0.001099, 0.004517, 0.021729, 0.999725]","[-0.035889, -0.152832, 0.090088]","[[0.997192, 0.070862, 0.018005], [-0.070251, 0.996887, -0.033020], [-0.020325, 0.031555, 0.999146]]",0,"[8144, 7842, 7793, 7870]"
30.121628,"[0.078125, 0.128906, -1.054688]","[0.000001, -0.000001, 0.000000]","[0.070000, 0.000000, 0.019758]","[0.000009, -0.000006, 0.000003]","[-0.017334, -0.032959, 0.073486]","[-0.016174, -0.009338, 0.036652, 0.999176]","[-0.000488, 0.004272, 0.021698, 0.999725]","[0.087402, 0.027344, -0.001221]","[[0.997192, 0.073486, 0.017456], [-0.072998, 0.996826, -0.033081], [-0.019897, 0.031616, 0.999390]]",0,"[8140, 7827, 7793, 7880]"
30.154827,"[0.078125, 0.128906, -1.054688]","[0.000001, -0.000001, 0.000000]","[0.089998, 0.000000, 0.022139]","[0.000012, -0.000008, 0.000004]","[-0.016602, -0.032471, 0.076172]","[-0.015961, -0.009003, 0.037994, 0.999115]","[-0.000488, 0.005249, 0.021698, 0.999725]","[-0.050049, 0.029053, 0.155518]","[[0.996948, 0.076111, 0.016785], [-0.075623, 0.996582, -0.032654], [-0.019226, 0.031189, 0.999329]]",0,"[8134, 7820, 7800, 7862]"
30.188032,"[0.078125, 0.128906, -1.050781]","[0.000002, -0.000001, 0.000001]","[0.080000, 0.000000, 0.036001]","[0.000017, -0.000011, 0.000006]","[-0.016357, -0.031738, 0.078613]","[-0.015503, -0.008789, 0.039246, 0.999084]","[-0.000488, 0.004761, 0.021698, 0.999725]","[0.024658, -0.006836, 0.066650]","[[0.996765, 0.078613, 0.016357], [-0.078125, 0.996460, -0.031738], [-0.018799, 0.030273, 0.999390]]",0,"[8135, 7832, 7783, 7852]"
30.221241,"[0.078125, 0.128906, -1.050781]","[0.000002, -0.000001, 0.000001]","[0.109999, 0.000000, 0.049114]","[0.000021, -0.000014, 0.000008]","[-0.015625, -0.031494, 0.081055]","[-0.015411, -0.008514, 0.040466, 0.999023]","[-0.000458, 0.006226, 0.021698, 0.999725]","[0.061523, -0.018066, 0.041748]","[[0.996521, 0.081055, 0.015747], [-0.080566, 0.996216, -0.031555], [-0.018311, 0.030090, 0.999329]]",0,"[8155, 7831, 7808, 7885]"
30.254442,"[0.089844, 0.128906, -1.046875]","[0.000003, -0.000002, 0.000001]","[0.089998, 0.000000, 0.029203]","[0.000026, -0.000017, 0.000009]","[-0.014893, -0.031006, 0.083740]","[-0.015198, -0.008148, 0.041779, 0.998993]","[-0.000458, 0.006104, 0.021698, 0.999725]","[-0.027832, 0.108154, 0.133789]","[[0.996399, 0.083679, 0.015015], [-0.083191, 0.996094, -0.031128], [-0.017578, 0.029663, 0.999451]]",0,"[8164, 7833, 7798, 7869]"
30.287645,"[0.089844, 0.128906, -1.046875]","[0.000004, -0.000003, 0.000001]","[0.109999, 0.000000, 0.052256]","[0.000035, -0.000023, 0.000012]","[-0.014160, -0.030518, 0.085938]","[-0.015015, -0.007782, 0.042999, 0.998932]","[-0.000427, 0.007080, 0.021698, 0.999725]","[0.023682, -0.099121, 0.041260]","[[0.996155, 0.086060, 0.014221], [-0.085693, 0.995789, -0.030701], [-0.016907, 0.029358, 0.999390]]",0,"[8153, 7824, 7824, 7860]"
30.320847,"[0.109375, 0.128906, -1.046875]","[0.000005, -0.000003, 0.000002]","[0.139999, 0.009998, 0.039299]","[0.000042, -0.000027, 0.000015]","[-0.012939, -0.030029, 0.088135]","[-0.014771, -0.007172, 0.044067, 0.998901]","[-0.000977, 0.009888, 0.021729, 0.999695]","[0.052490, 0.133301, 0.013672]","[[0.996033, 0.088196, 0.013000], [-0.087830, 0.995667, -0.030212], [-0.015686, 0.028870, 0.999451]]",0,"[8159, 7830, 7830, 7860]"
30.356005,"[0.109375, 0.128906, -1.046875]","[0.000007, -0.000005, 0.000003]","[0.129999, 0.000000, 0.030338]","[0.000053, -0.000035, 0.000019]","[-0.011230, -0.029785, 0.090820]","[-0.014618, -0.006378, 0.045319, 0.998840]","[-0.000397, 0.009155, 0.021698, 0.999695]","[-0.006104, 0.034912, 0.060791]","[[0.995789, 0.090698, 0.011414], [-0.090332, 0.995422, -0.029846], [-0.014099, 0.028625, 0.999451]]",0,"[8140, 7829, 7830, 7840]"
30.389204,"[0.109375, 0.128906, -1.046875]","[0.000009, -0.000006, 0.000003]","[0.139999, 0.009998, 0.031492]","[0.000063, -0.000041, 0.000022]","[-0.009521, -0.029785, 0.092529]","[-0.014618, -0.005493, 0.046265, 0.998810]","[-0.001007, 0.009766, 0.021729, 0.999695]","[0.000244, 0.041260, 0.010010]","[[0.995667, 0.092529, 0.009583], [-0.092285, 0.995239, -0.029785], [-0.012390, 0.028687, 0.999512]]",0,"[8145, 7815, 7830, 7881]"
30.422405,"[0.109375, 0.128906, -1.046875]","[0.000012, -0.000008, 0.000004]","[0.129999, 0.000000, 0.018633]","[0.000078, -0.000051, 0.000028]","[-0.008545, -0.029541, 0.094727]","[-0.014618, -0.005035, 0.047394, 0.998749]","[-0.000397, 0.009277, 0.021698, 0.999695]","[-0.006592, 0.029053, 0.119873]","[[0.995422, 0.094788, 0.008667], [-0.094543, 0.994995, -0.029724], [-0.011475, 0.028748, 0.999451]]",0,"[8161, 7800, 7822, 7852]"
30.455608,"[0.109375, 0.128906, -1.042969]","[0.000014, -0.000009, 0.000005]","[0.119999, -0.009998, 0.048042]","[0.000091, -0.000059, 0.000032]","[-0.007080, -0.029297, 0.096924]","[-0.014496, -0.004272, 0.048431, 0.998718]","[-0.000031, 0.008911, 0.021698, 0.999695]","[0.004395, 0.116699, 0.066162]","[[0.995239, 0.096802, 0.007080], [-0.096558, 0.994873, -0.029419], [-0.010010, 0.028564, 0.999512]]",0,"[8133, 7811, 7859, 7882]"
30.488827,"[0.117188, 0.128906, -1.042969]","[0.000017, -0.000011, 0.000006]","[0.160000, 0.000000, 0.083607]","[0.000105, -0.000069, 0.000037]","[-0.005371, -0.029053, 0.098877]","[-0.014343, -0.003510, 0.049469, 0.998657]","[-0.000336, 0.011353, 0.021698, 0.999695]","[-0.033203, 0.048096, 0.024658]","[[0.994995, 0.098816, 0.005554], [-0.098694, 0.994629, -0.029053], [-0.008484, 0.028320, 0.999512]]",0,"[8130, 7802, 7866, 7884]"
30.523968,"[0.128906, 0.128906, -1.042969]","[0.000021, -0.000014, 0.000008]","[0.139999, 0.000000, 0.070826]","[0.000127, -0.000083, 0.000045]","[-0.004150, -0.028564, 0.101318]","[-0.014191, -0.002869, 0.050720, 0.998627]","[-0.000366, 0.011108, 0.021698, 0.999695]","[-0.012695, 0.100830, 0.133301]","[[0.994873, 0.101318, 0.004272], [-0.101196, 0.994507, -0.028687], [-0.007202, 0.028076, 0.999634]]",0,"[8185, 7822, 7864, 7871]"
30.557173,"[0.136719, 0.128906, -1.039062]","[0.000025, -0.000017, 0.000009]","[0.189999, 0.000000, 0.082201]","[0.000145, -0.000095, 0.000052]","[-0.002197, -0.028809, 0.103271]","[-0.014282, -0.001862, 0.051727, 0.998566]","[-0.000275, 0.014160, 0.021698, 0.999634]","[-0.188477, 0.097656, 0.012695]","[[0.994629, 0.103271, 0.002197], [-0.103271, 0.994263, -0.028809], [-0.005249, 0.028320, 0.999573]]",0,"[8164, 7819, 7876, 7872]"
30.590376,"[0.136719, 0.136719, -1.035156]","[0.000032, -0.000021, 0.000011]","[0.139999, 0.009998, 0.085850]","[0.000172, -0.000113, 0.000061]","[-0.000732, -0.029053, 0.105469]","[-0.014465, -0.001221, 0.052826, 0.998505]","[-0.001434, 0.011871, 0.021729, 0.999664]","[0.081787, -0.162354, 0.115723]","[[0.994385, 0.105469, 0.000854], [-0.105469, 0.994019, -0.029114], [-0.004028, 0.028748, 0.999573]]",0,"[8202, 7839, 7868, 7898]"
30.65678,"[0.156250, 0.136719, -1.035156]","[0.000045, -0.000030, 0.000016]","[0.179998, 0.000000, 0.029308]","[0.000228, -0.000149, 0.000081]","[0.001709, -0.029541, 0.109375]","[-0.014832, 0.000061, 0.054810, 0.998383]","[-0.000763, 0.015259, 0.021729, 0.999634]","[-0.078613, -0.198975, 0.043457]","[[0.993958, 0.109375, -0.001709], [-0.109497, 0.993530, -0.029663], [-0.001587, 0.029663, 0.999512]]",0,"[8191, 7830, 7876, 7912]"
30.691936,"[0.156250, 0.128906, -1.031250]","[0.000052, -0.000034, 0.000019]","[0.150000, 0.000000, 0.005280]","[0.000255, -0.000168, 0.000091]","[0.003418, -0.029541, 0.111084]","[-0.014893, 0.000885, 0.055634, 0.998352]","[-0.000427, 0.013916, 0.021698, 0.999664]","[-0.157227, 0.357422, 0.073730]","[[0.993835, 0.110962, -0.003418], [-0.111084, 0.993408, -0.029724], [0.000000, 0.029846, 0.999573]]",0,"[8149, 7804, 7836, 7838]"
30.72514,"[0.167969, 0.128906, -1.031250]","[0.000063, -0.000041, 0.000022]","[0.189999, -0.009998, 0.061378]","[0.000296, -0.000194, 0.000106]","[0.005859, -0.031250, 0.112549]","[-0.015717, 0.002075, 0.056458, 0.998291]","[0.000000, 0.016602, 0.021698, 0.999603]","[-0.165771, 0.116211, 0.051270]","[[0.993652, 0.112549, -0.005920], [-0.112793, 0.993164, -0.031250], [0.002258, 0.031616, 0.999512]]",0,"[8142, 7774, 7850, 7900]"
30.758343,"[0.167969, 0.128906, -1.031250]","[0.000072, -0.000047, 0.000026]","[0.160000, 0.000000, 0.010872]","[0.000329, -0.000216, 0.000118]","[0.006104, -0.029297, 0.114258]","[-0.014771, 0.002319, 0.057220, 0.998260]","[-0.000397, 0.015259, 0.021698, 0.999634]","[0.175049, -0.450684, 0.037598]","[[0.993469, 0.114075, -0.006287], [-0.114319, 0.993042, -0.029297], [0.002869, 0.029785, 0.999573]]",0,"[8165, 7852, 7860, 7873]"
30.791561,"[0.167969, 0.128906, -1.027344]","[0.000082, -0.000054, 0.000029]","[0.139999, 0.000000, 0.054840]","[0.000365, -0.000240, 0.000131]","[0.008789, -0.030518, 0.115479]","[-0.015472, 0.003510, 0.057861, 0.998199]","[-0.000397, 0.014404, 0.021698, 0.999634]","[-0.223389, 0.538330, 0.030518]","[[0.993225, 0.115356, -0.008789], [-0.115601, 0.992798, -0.030579], [0.005127, 0.031311, 0.999451]]",0,"[8169, 7793, 7861, 7848]"
30.826706,"[0.179688, 0.128906, -1.027344]","[0.000098, -0.000064, 0.000035]","[0.189999, -0.009998, 0.061529]","[0.000417, -0.000274, 0.000149]","[0.009033, -0.031494, 0.117188]","[-0.015961, 0.003662, 0.058716, 0.998138]","[0.000000, 0.017578, 0.021698, 0.999603]","[0.083008, -0.531006, 0.012695]","[[0.993042, 0.117065, -0.009155], [-0.117310, 0.992554, -0.031494], [0.005371, 0.032349, 0.999390]]",0,"[8187, 7786, 7874, 7940]"
30.85795,"[0.187500, 0.128906, -1.023438]","[0.000110, -0.000072, 0.000039]","[0.139999, -0.009998, 0.033794]","[0.000459, -0.000302, 0.000165]","[0.010498, -0.029785, 0.118408]","[-0.015137, 0.004456, 0.059326, 0.998108]","[0.000000, 0.015747, 0.021698, 0.999634]","[0.248535, -0.341553, -0.018066]","[[0.992859, 0.118225, -0.010681], [-0.118591, 0.992432, -0.029785], [0.007019, 0.030762, 0.999451]]",0,"[8174, 7831, 7883, 7886]"
30.924368,"[0.199219, 0.128906, -1.019531]","[0.000145, -0.000095, 0.000052]","[0.169998, -0.019999, 0.072235]","[0.000570, -0.000375, 0.000205]","[0.012695, -0.029541, 0.120850]","[-0.015137, 0.005432, 0.060516, 0.998047]","[0.000488, 0.018036, 0.021698, 0.999573]","[-0.137695, 0.191162, 0.100830]","[[0.992615, 0.120605, -0.012695], [-0.120972, 0.992188, -0.029663], [0.008911, 0.030884, 0.999512]]",0,"[8184, 7797, 7877, 7893]"
30.957561,"[0.199219, 0.128906, -1.019531]","[0.000163, -0.000107, 0.000058]","[0.139999, -0.009998, 0.061697]","[0.000623, -0.000409, 0.000224]","[0.011719, -0.029053, 0.121582]","[-0.014801, 0.005005, 0.060944, 0.998016]","[0.000000, 0.016724, 0.021698, 0.999603]","[0.130859, -0.419922, -0.055420]","[[0.992493, 0.121460, -0.011780], [-0.121826, 0.992065, -0.029053], [0.008118, 0.030151, 0.999451]]",0,"[8213, 7842, 7875, 7912]"
30.992718,"[0.207031, 0.128906, -1.019531]","[0.000189, -0.000124, 0.000068]","[0.169998, -0.019999, 0.055138]","[0.000698, -0.000459, 0.000251]","[0.014160, -0.028320, 0.122559]","[-0.014587, 0.006195, 0.061462, 0.997986]","[0.000519, 0.018768, 0.021698, 0.999573]","[0.003662, 0.425293, 0.070068]","[[0.992310, 0.122437, -0.014160], [-0.122803, 0.992004, -0.028442], [0.010498, 0.029907, 0.999451]]",0,"[8202, 7798, 7886, 7892]"
31.025921,"[0.207031, 0.128906, -1.019531]","[0.000210, -0.000138, 0.000075]","[0.129999, -0.019999, 0.053286]","[0.000759, -0.000499, 0.000273]","[0.015625, -0.028320, 0.123779]","[-0.014618, 0.006927, 0.062012, 0.997955]","[0.000488, 0.016937, 0.021698, 0.999603]","[0.068115, -0.271973, -0.063477]","[[0.992249, 0.123474, -0.015625], [-0.123962, 0.991882, -0.028381], [0.011963, 0.030090, 0.999512]]",0,"[8190, 7815, 7883, 7893]"
31.059134,"[0.218750, 0.128906, -1.015625]","[0.000241, -0.000158, 0.000087]","[0.139999, -0.019999, 0.066885]","[0.000846, -0.000557, 0.000304]","[0.016846, -0.027344, 0.124512]","[-0.014160, 0.007660, 0.062378, 0.997894]","[0.000519, 0.018280, 0.021698, 0.999573]","[0.136230, 0.142334, -0.009033]","[[0.991943, 0.124207, -0.017029], [-0.124695, 0.991638, -0.027405], [0.013489, 0.029236, 0.999329]]",0,"[8187, 7770, 7913, 7920]"
31.092333,"[0.218750, 0.117188, -1.011719]","[0.000267, -0.000175, 0.000096]","[0.160000, -0.029999, 0.070255]","[0.000916, -0.000603, 0.000329]","[0.017334, -0.027100, 0.125488]","[-0.014130, 0.007782, 0.062866, 0.997864]","[0.001617, 0.019348, 0.021667, 0.999573]","[-0.093994, 0.081055, 0.104004]","[[0.991821, 0.125183, -0.017334], [-0.125671, 0.991516, -0.027283], [0.013672, 0.029236, 0.999329]]",0,"[8211, 7819, 7873, 7891]"
31.131393,"[0.226562, 0.117188, -1.011719]","[0.000305, -0.000200, 0.000109]","[0.119999, -0.039999, 0.067377]","[0.001015, -0.000668, 0.000365]","[0.017090, -0.025879, 0.126221]","[-0.013489, 0.007721, 0.063232, 0.997894]","[0.002197, 0.017883, 0.021667, 0.999573]","[-0.033447, -0.147461, 0.071045]","[[0.991882, 0.125916, -0.017090], [-0.126404, 0.991638, -0.026062], [0.013672, 0.027893, 0.999573]]",0,"[8205, 7825, 7876, 7875]"
31.16264,"[0.226562, 0.117188, -1.015625]","[0.000336, -0.000221, 0.000120]","[0.150000, -0.029999, 0.053547]","[0.001094, -0.000720, 0.000394]","[0.017578, -0.025146, 0.126709]","[-0.013123, 0.008057, 0.063507, 0.997864]","[0.001740, 0.019226, 0.021667, 0.999573]","[0.056885, -0.217041, 0.005859]","[[0.991760, 0.126465, -0.017761], [-0.126953, 0.991577, -0.025269], [0.014343, 0.027222, 0.999512]]",0,"[8186, 7780, 7893, 7913]"
31.193893,"[0.238281, 0.117188, -1.011719]","[0.000381, -0.000250, 0.000137]","[0.119999, -0.029999, 0.062286]","[0.001206, -0.000794, 0.000434]","[0.018066, -0.024170, 0.127197]","[-0.012665, 0.008240, 0.063782, 0.997864]","[0.001740, 0.018616, 0.021667, 0.999573]","[0.063721, -0.072998, -0.069824]","[[0.991760, 0.127014, -0.018066], [-0.127502, 0.991577, -0.024292], [0.014771, 0.026367, 0.999573]]",0,"[8198, 7814, 7870, 7870]"
31.227095,"[0.238281, 0.117188, -1.011719]","[0.000417, -0.000274, 0.000150]","[0.139999, -0.039999, 0.059309]","[0.001295, -0.000853, 0.000466]","[0.018311, -0.023193, 0.127686]","[-0.012207, 0.008453, 0.063995, 0.997864]","[0.002258, 0.019714, 0.021667, 0.999542]","[0.048828, 0.056641, -0.007080]","[[0.991699, 0.127441, -0.018433], [-0.127930, 0.991577, -0.023376], [0.015259, 0.025452, 0.999634]]",0,"[8180, 7822, 7873, 7890]"
31.2603,"[0.250000, 0.117188, -1.007812]","[0.000456, -0.000300, 0.000164]","[0.109999, -0.039999, 0.039810]","[0.001388, -0.000915, 0.000500]","[0.018799, -0.022461, 0.128174]","[-0.011780, 0.008728, 0.064270, 0.997803]","[0.002228, 0.019104, 0.021667, 0.999573]","[-0.006836, 0.097168, 0.088135]","[[0.991455, 0.127991, -0.018921], [-0.128479, 0.991333, -0.022461], [0.015869, 0.024658, 0.999451]]",0,"[8196, 7817, 7885, 7886]"
31.328653,"[0.257812, 0.109375, -1.003906]","[0.000559, -0.000368, 0.000201]","[0.129999, -0.039999, 0.041193]","[0.001625, -0.001072, 0.000586]","[0.020264, -0.020508, 0.129395]","[-0.010895, 0.009491, 0.064819, 0.997772]","[0.002747, 0.020691, 0.021637, 0.999542]","[0.055420, -0.062744, 0.078369]","[[0.991272, 0.129089, -0.020386], [-0.129578, 0.991211, -0.020569], [0.017456, 0.023010, 0.999451]]",0,"[8185, 7806, 7877, 7883]"
31.361858,"[0.257812, 0.109375, -1.003906]","[0.000626, -0.000412, 0.000225]","[0.089998, -0.029999, 0.060799]","[0.001772, -0.001169, 0.000640]","[0.020752, -0.019531, 0.129639]","[-0.010406, 0.009735, 0.065002, 0.997772]","[0.002228, 0.018982, 0.021667, 0.999573]","[-0.031982, 0.138184, 0.000977]","[[0.991272, 0.129456, -0.020813], [-0.129944, 0.991272, -0.019592], [0.018005, 0.022034, 0.999512]]",0,"[8200, 7816, 7873, 7854]"
31.395061,"[0.257812, 0.109375, -1.000000]","[0.000679, -0.000447, 0.000244]","[0.119999, -0.039999, 0.090361]","[0.001888, -0.001246, 0.000682]","[0.020996, -0.019287, 0.130127]","[-0.010345, 0.009857, 0.065186, 0.997772]","[0.002869, 0.020569, 0.021637, 0.999542]","[-0.060547, -0.171387, -0.004395]","[[0.991272, 0.129822, -0.021057], [-0.130310, 0.991272, -0.019409], [0.018250, 0.021973, 0.999573]]",0,"[8191, 7830, 7889, 7870]"
31.430231,"[0.257812, 0.109375, -1.000000]","[0.000756, -0.000498, 0.000272]","[0.089998, -0.039999, 0.031677]","[0.002051, -0.001354, 0.000741]","[0.020508, -0.019043, 0.130371]","[-0.010132, 0.009644, 0.065308, 0.997742]","[0.002838, 0.019226, 0.021637, 0.999573]","[-0.055176, 0.260498, 0.020508]","[[0.991150, 0.130066, -0.020569], [-0.130554, 0.991150, -0.019043], [0.017883, 0.021484, 0.999451]]",0,"[8229, 7825, 7849, 7875]"
31.46147,"[0.269531, 0.109375, -0.996094]","[0.000818, -0.000539, 0.000294]","[0.070000, -0.039999, 0.091936]","[0.002180, -0.001440, 0.000788]","[0.020752, -0.019043, 0.130615]","[-0.010162, 0.009827, 0.065399, 0.997742]","[0.002838, 0.019104, 0.021637, 0.999573]","[-0.100830, 0.205566, -0.006348]","[[0.991150, 0.130249, -0.020935], [-0.130737, 0.991150, -0.019043], [0.018250, 0.021606, 0.999512]]",0,"[8217, 7815, 7878, 7876]"
31.494673,"[0.269531, 0.109375, -0.996094]","[0.000884, -0.000582, 0.000318]","[0.109999, -0.039999, 0.076441]","[0.002314, -0.001529, 0.000836]","[0.021729, -0.019287, 0.130615]","[-0.010315, 0.010223, 0.065491, 0.997742]","[0.002899, 0.021179, 0.021637, 0.999512]","[-0.067871, -0.038818, -0.017090]","[[0.991150, 0.130432, -0.021790], [-0.130920, 0.991150, -0.019348], [0.018982, 0.021912, 0.999512]]",0,"[8202, 7819, 7889, 7909]"
31.529842,"[0.269531, 0.109375, -0.996094]","[0.000978, -0.000644, 0.000352]","[0.070000, -0.029999, 0.076591]","[0.002501, -0.001653, 0.000905]","[0.021240, -0.018311, 0.131348]","[-0.009827, 0.010040, 0.065765, 0.997742]","[0.002350, 0.019348, 0.021667, 0.999573]","[-0.150391, 0.351562, -0.010742]","[[0.991150, 0.130981, -0.021362], [-0.131470, 0.991150, -0.018372], [0.018677, 0.020935, 0.999573]]",0,"[8233, 7867, 7897, 7865]"
31.56303,"[0.289062, 0.109375, -0.996094]","[0.001053, -0.000694, 0.000380]","[0.099998, -0.029999, 0.075731]","[0.002649, -0.001751, 0.000958]","[0.021729, -0.018799, 0.131104]","[-0.010071, 0.010223, 0.065674, 0.997711]","[0.002411, 0.022034, 0.021637, 0.999512]","[-0.081787, -0.172363, 0.028564]","[[0.991028, 0.130798, -0.021729], [-0.131287, 0.991028, -0.018799], [0.019043, 0.021484, 0.999451]]",0,"[8221, 7831, 7881, 7917]"
31.596233,"[0.289062, 0.109375, -0.996094]","[0.001161, -0.000765, 0.000418]","[0.059999, -0.029999, 0.008825]","[0.002854, -0.001887, 0.001033]","[0.020508, -0.018311, 0.131592]","[-0.009766, 0.009705, 0.065887, 0.997711]","[0.002380, 0.020203, 0.021637, 0.999542]","[0.197998, -0.228760, 0.004639]","[[0.991028, 0.131226, -0.020691], [-0.131714, 0.991028, -0.018311], [0.018005, 0.020752, 0.999512]]",0,"[8234, 7853, 7876, 7860]"
31.664602,"[0.289062, 0.109375, -0.996094]","[0.001369, -0.000903, 0.000494]","[0.070000, -0.029999, -0.030298]","[0.003239, -0.002143, 0.001174]","[0.020508, -0.018311, 0.131348]","[-0.009796, 0.009674, 0.065857, 0.997711]","[0.002502, 0.020935, 0.021637, 0.999542]","[0.313477, -0.343262, -0.020264]","[[0.991028, 0.131165, -0.020630], [-0.131653, 0.991028, -0.018372], [0.017944, 0.020813, 0.999512]]",0,"[8207, 7840, 7863, 7879]"
31.697796,"[0.289062, 0.109375, -0.992188]","[0.001466, -0.000967, 0.000529]","[0.059999, -0.019999, 0.035217]","[0.003414, -0.002260, 0.001238]","[0.020508, -0.019043, 0.131348]","[-0.010193, 0.009674, 0.065857, 0.997711]","[0.002014, 0.020569, 0.021667, 0.999542]","[-0.232910, 0.461670, 0.015625]","[[0.991028, 0.131165, -0.020630], [-0.131653, 0.991028, -0.019165], [0.017944, 0.021606, 0.999512]]",0,"[8208, 7827, 7838, 7840]"
31.731005,"[0.289062, 0.109375, -0.992188]","[0.001604, -0.001059, 0.000579]","[0.059999, -0.029999, -0.023350]","[0.003658, -0.002422, 0.001327]","[0.020264, -0.019287, 0.131348]","[-0.010345, 0.009552, 0.065826, 0.997711]","[0.002502, 0.020691, 0.021637, 0.999542]","[0.035645, -0.283203, 0.007324]","[[0.991028, 0.131104, -0.020447], [-0.131592, 0.990967, -0.019470], [0.017639, 0.021912, 0.999451]]",0,"[8220, 7810, 7843, 7903]"
31.764202,"[0.289062, 0.109375, -0.992188]","[0.001714, -0.001132, 0.000619]","[0.039999, -0.019999, -0.082956]","[0.003849, -0.002549, 0.001397]","[0.017822, -0.018555, 0.131104]","[-0.009857, 0.008270, 0.065613, 0.997742]","[0.002014, 0.019836, 0.021667, 0.999542]","[0.180908, -0.366699, -0.061279]","[[0.991150, 0.130737, -0.017822], [-0.131104, 0.991089, -0.018677], [0.015137, 0.020752, 0.999573]]",0,"[8163, 7817, 7833, 7817]"
31.799356,"[0.289062, 0.109375, -0.992188]","[0.001870, -0.001235, 0.000675]","[0.059999, -0.029999, -0.004347]","[0.004113, -0.002725, 0.001493]","[0.019287, -0.020752, 0.131104]","[-0.011017, 0.009003, 0.065674, 0.997742]","[0.002502, 0.020935, 0.021637, 0.999542]","[-0.302979, 0.263672, 0.064697]","[[0.991150, 0.130798, -0.019409], [-0.131287, 0.991089, -0.020874], [0.016479, 0.023193, 0.999573]]",0,"[8192, 7769, 7809, 7845]"
31.832561,"[0.296875, 0.109375, -0.992188]","[0.001993, -0.001317, 0.000720]","[0.039999, -0.029999, -0.023355]","[0.004319, -0.002863, 0.001569]","[0.017822, -0.019287, 0.130615]","[-0.010193, 0.008331, 0.065460, 0.997742]","[0.002502, 0.020569, 0.021637, 0.999542]","[0.137207, -0.476807, -0.057617]","[[0.991150, 0.130432, -0.017944], [-0.130798, 0.991089, -0.019348], [0.015259, 0.021423, 0.999512]]",0,"[8167, 7831, 7839, 7824]"
31.865765,"[0.296875, 0.097656, -0.992188]","[0.002123, -0.001402, 0.000767]","[0.039999, -0.019999, -0.043030]","[0.004532, -0.003005, 0.001647]","[0.018311, -0.019287, 0.130371]","[-0.010223, 0.008545, 0.065338, 0.997772]","[0.002747, 0.020691, 0.021637, 0.999542]","[-0.062500, 0.236084, -0.018066]","[[0.991272, 0.130188, -0.018372], [-0.130554, 0.991211, -0.019348], [0.015686, 0.021545, 0.999573]]",0,"[8193, 7781, 7827, 7831]"
31.932173,"[0.296875, 0.097656, -0.992188]","[0.002450, -0.001620, 0.000886]","[0.029999, -0.019999, -0.020809]","[0.005055, -0.003354, 0.001839]","[0.018311, -0.019531, 0.129639]","[-0.010315, 0.008575, 0.064972, 0.997803]","[0.002869, 0.020325, 0.021637, 0.999542]","[0.032959, -0.450195, -0.035156]","[[0.991394, 0.129456, -0.018433], [-0.129822, 0.991333, -0.019531], [0.015747, 0.021729, 0.999634]]",0,"[8171, 7804, 7835, 7844]"
31.967331,"[0.296875, 0.097656, -0.988281]","[0.002654, -0.001755, 0.000961]","[0.039999, -0.029999, -0.022440]","[0.005372, -0.003566, 0.001955]","[0.019043, -0.018555, 0.129150]","[-0.009888, 0.009003, 0.064728, 0.997833]","[0.003357, 0.020905, 0.021637, 0.999512]","[-0.137695, 0.317383, 0.076904]","[[0.991516, 0.128967, -0.019226], [-0.129333, 0.991455, -0.018616], [0.016663, 0.020935, 0.999695]]",0,"[8173, 7818, 7853, 7827]"
31.998583,"[0.296875, 0.097656, -0.988281]","[0.002815, -0.001862, 0.001019]","[0.019999, -0.029999, -0.020370]","[0.005618, -0.003730, 0.002046]","[0.019043, -0.019287, 0.128662]","[-0.010193, 0.008942, 0.064484, 0.997833]","[0.003357, 0.020050, 0.021637, 0.999542]","[-0.205811, 0.362549, 0.068848]","[[0.991516, 0.128479, -0.019165], [-0.128845, 0.991455, -0.019287], [0.016479, 0.021484, 0.999634]]",0,"[8213, 7815, 7812, 7833]"
32.033733,"[0.308594, 0.097656, -0.988281]","[0.003041, -0.002012, 0.001101]","[0.029999, -0.029999, -0.001875]","[0.005957, -0.003957, 0.002170]","[0.018555, -0.018799, 0.128174]","[-0.010040, 0.008636, 0.064178, 0.997864]","[0.003387, 0.021149, 0.021637, 0.999512]","[0.127686, -0.082031, -0.084717]","[[0.991638, 0.127869, -0.018555], [-0.128235, 0.991577, -0.018982], [0.015869, 0.021179, 0.999634]]",0,"[8203, 7806, 7823, 7873]"
32.10014,"[0.308594, 0.097656, -0.984375]","[0.003406, -0.002254, 0.001234]","[0.029999, -0.009998, 0.022785]","[0.006492, -0.004315, 0.002367]","[0.017822, -0.018555, 0.127197]","[-0.009857, 0.008331, 0.063751, 0.997894]","[0.002411, 0.021301, 0.021637, 0.999512]","[-0.059814, -0.278809, -0.018066]","[[0.991760, 0.127014, -0.017883], [-0.127380, 0.991699, -0.018677], [0.015320, 0.020752, 0.999695]]",0,"[8209, 7841, 7836, 7852]"
32.133347,"[0.308594, 0.097656, -0.980469]","[0.003666, -0.002427, 0.001330]","[0.019999, -0.019999, 0.027315]","[0.006865, -0.004565, 0.002505]","[0.017578, -0.018066, 0.126465]","[-0.009552, 0.008209, 0.063385, 0.997894]","[0.002991, 0.020905, 0.021637, 0.999512]","[0.207031, -0.090576, -0.104248]","[[0.991699, 0.126282, -0.017578], [-0.126648, 0.991699, -0.018066], [0.015137, 0.020142, 0.999573]]",0,"[8231, 7845, 7855, 7880]"
32.16655,"[0.308594, 0.097656, -0.980469]","[0.003872, -0.002564, 0.001404]","[0.009998, -0.019999, 0.022007]","[0.007154, -0.004759, 0.002611]","[0.019043, -0.017822, 0.126221]","[-0.009521, 0.008972, 0.063232, 0.997894]","[0.002991, 0.020538, 0.021637, 0.999542]","[-0.159424, 0.393555, 0.086426]","[[0.991699, 0.125977, -0.019104], [-0.126343, 0.991699, -0.017944], [0.016663, 0.020142, 0.999573]]",0,"[8190, 7828, 7853, 7847]"
32.268108,"[0.308594, 0.089844, -0.976562]","[0.004636, -0.003072, 0.001683]","[0.009998, -0.009998, 0.011009]","[0.008196, -0.005458, 0.002997]","[0.017090, -0.016846, 0.125000]","[-0.008972, 0.008087, 0.062622, 0.997955]","[0.002991, 0.020782, 0.021637, 0.999542]","[-0.088623, -0.251221, -0.039307]","[[0.991943, 0.124756, -0.017273], [-0.125122, 0.991943, -0.016968], [0.014954, 0.018921, 0.999634]]",0,"[8213, 7897, 7828, 7816]"
32.30328,"[0.308594, 0.089844, -0.976562]","[0.004964, -0.003291, 0.001804]","[0.000000, -0.019999, -0.002081]","[0.008631, -0.005749, 0.003157]","[0.018311, -0.016846, 0.124023]","[-0.009003, 0.008606, 0.062195, 0.997986]","[0.003479, 0.020416, 0.021637, 0.999542]","[-0.038330, 0.308838, 0.055176]","[[0.992065, 0.123901, -0.018311], [-0.124268, 0.992065, -0.016968], [0.015991, 0.019043, 0.999634]]",0,"[8211, 7829, 7828, 7888]"
32.336464,"[0.316406, 0.089844, -0.976562]","[0.005222, -0.003463, 0.001898]","[-0.009998, -0.009998, 0.009359]","[0.008966, -0.005975, 0.003281]","[0.018555, -0.017090, 0.123779]","[-0.009064, 0.008728, 0.062012, 0.998016]","[0.002991, 0.020538, 0.021637, 0.999542]","[-0.023926, -0.154785, -0.003174]","[[0.992188, 0.123535, -0.018555], [-0.123901, 0.992188, -0.017090], [0.016235, 0.019165, 0.999756]]",0,"[8200, 7821, 7825, 7880]"
32.369671,"[0.308594, 0.089844, -0.972656]","[0.005581, -0.003702, 0.002029]","[-0.009998, -0.019999, 0.022968]","[0.009426, -0.006284, 0.003452]","[0.016357, -0.016113, 0.123047]","[-0.008545, 0.007751, 0.061646, 0.998047]","[0.003601, 0.020172, 0.021637, 0.999542]","[0.119141, -0.281494, -0.119141]","[[0.992310, 0.122864, -0.016541], [-0.123230, 0.992249, -0.016174], [0.014343, 0.018005, 0.999756]]",0,"[8196, 7867, 7824, 7845]"
32.404835,"[0.308594, 0.089844, -0.972656]","[0.005862, -0.003890, 0.002132]","[0.000000, -0.009998, 0.024197]","[0.009780, -0.006523, 0.003584]","[0.017090, -0.016602, 0.122559]","[-0.008820, 0.008118, 0.061432, 0.998047]","[0.002991, 0.020782, 0.021637, 0.999542]","[-0.106201, 0.007812, 0.079590]","[[0.992310, 0.122437, -0.017273], [-0.122803, 0.992310, -0.016663], [0.015076, 0.018616, 0.999695]]",0,"[8217, 7833, 7823, 7866]"
32.43803,"[0.308594, 0.089844, -0.968750]","[0.006254, -0.004151, 0.002276]","[0.000000, 0.000000, 0.033089]","[0.010267, -0.006850, 0.003764]","[0.017090, -0.016113, 0.121826]","[-0.008606, 0.008026, 0.061066, 0.998077]","[0.002502, 0.020813, 0.021637, 0.999542]","[0.139893, -0.166016, -0.126221]","[[0.992432, 0.121704, -0.017090], [-0.122070, 0.992432, -0.016235], [0.014893, 0.018188, 0.999756]]",0,"[8213, 7839, 7829, 7868]"
32.471237,"[0.308594, 0.089844, -0.968750]","[0.006560, -0.004355, 0.002388]","[-0.019999, -0.009998, 0.039932]","[0.010641, -0.007102, 0.003903]","[0.016846, -0.015625, 0.121338]","[-0.008301, 0.007965, 0.060760, 0.998108]","[0.002991, 0.019928, 0.021637, 0.999542]","[0.148926, -0.213867, -0.123047]","[[0.992554, 0.121094, -0.016907], [-0.121460, 0.992554, -0.015686], [0.014832, 0.017517, 0.999756]]",0,"[8227, 7861, 7860, 7849]"
32.504436,"[0.308594, 0.089844, -0.968750]","[0.006986, -0.004640, 0.002545]","[-0.029999, -0.009998, 0.006136]","[0.011155, -0.007448, 0.004094]","[0.018066, -0.016113, 0.121094]","[-0.008606, 0.008575, 0.060608, 0.998077]","[0.002960, 0.019562, 0.021637, 0.999542]","[-0.111572, 0.016113, 0.021973]","[[0.992432, 0.120789, -0.018188], [-0.121155, 0.992432, -0.016174], [0.015991, 0.018250, 0.999634]]",0,"[8212, 7852, 7845, 7874]"
32.53764,"[0.308594, 0.089844, -0.968750]","[0.007318, -0.004862, 0.002667]","[-0.019999, 0.000000, 0.007067]","[0.011549, -0.007714, 0.004241]","[0.017334, -0.016602, 0.120361]","[-0.008820, 0.008179, 0.060242, 0.998108]","[0.002502, 0.019958, 0.021637, 0.999542]","[0.122314, -0.212402, -0.115967]","[[0.992554, 0.120056, -0.017395], [-0.120422, 0.992554, -0.016663], [0.015198, 0.018616, 0.999634]]",0,"[8228, 7826, 7824, 7877]"
32.60405,"[0.308594, 0.089844, -0.968750]","[0.008140, -0.005411, 0.002969]","[-0.009998, 0.000000, -0.003944]","[0.012505, -0.008359, 0.004597]","[0.017090, -0.016113, 0.119141]","[-0.008514, 0.008118, 0.059753, 0.998169]","[0.002502, 0.020447, 0.021637, 0.999542]","[-0.056152, -0.068604, 0.000488]","[[0.992798, 0.119080, -0.017212], [-0.119446, 0.992798, -0.016113], [0.015137, 0.017944, 0.999756]]",0,"[8200, 7851, 7819, 7858]"
32.639202,"[0.308594, 0.089844, -0.968750]","[0.008513, -0.005660, 0.003106]","[-0.029999, 0.000000, -0.007370]","[0.012929, -0.008646, 0.004755]","[0.016357, -0.015137, 0.118408]","[-0.008118, 0.007812, 0.059387, 0.998169]","[0.002594, 0.019592, 0.021637, 0.999542]","[0.022949, 0.080078, 0.031006]","[[0.992798, 0.118347, -0.016541], [-0.118713, 0.992798, -0.015320], [0.014587, 0.017151, 0.999695]]",0,"[8221, 7861, 7822, 7855]"
32.676327,"[0.308594, 0.089844, -0.964844]","[0.009029, -0.006005, 0.003295]","[-0.019999, 0.000000, 0.019726]","[0.013509, -0.009038, 0.004972]","[0.015625, -0.014893, 0.117920]","[-0.007935, 0.007385, 0.059082, 0.998199]","[0.002625, 0.020203, 0.021637, 0.999542]","[0.064941, -0.112305, -0.061279]","[[0.992920, 0.117798, -0.015686], [-0.118042, 0.992859, -0.015015], [0.013733, 0.016724, 0.999756]]",0,"[8225, 7878, 7818, 7862]"
32.707561,"[0.308594, 0.089844, -0.964844]","[0.009431, -0.006274, 0.003444]","[-0.029999, 0.000000, 0.018423]","[0.013954, -0.009339, 0.005138]","[0.016113, -0.015625, 0.117676]","[-0.008270, 0.007599, 0.058990, 0.998199]","[0.002625, 0.019836, 0.021637, 0.999542]","[0.002197, 0.143311, 0.000000]","[[0.992920, 0.117554, -0.016113], [-0.117920, 0.992859, -0.015686], [0.014160, 0.017395, 0.999756]]",0,"[8219, 7854, 7816, 7883]"
32.740765,"[0.308594, 0.089844, -0.960938]","[0.009988, -0.006647, 0.003649]","[-0.019999, 0.000000, 0.023066]","[0.014561, -0.009750, 0.005366]","[0.016602, -0.015137, 0.117432]","[-0.008118, 0.007843, 0.058868, 0.998199]","[0.002502, 0.020447, 0.021637, 0.999542]","[-0.063721, -0.021240, 0.050781]","[[0.992920, 0.117310, -0.016602], [-0.117676, 0.992920, -0.015320], [0.014648, 0.017151, 0.999695]]",0,"[8217, 7872, 7843, 7893]"
32.840378,"[0.308594, 0.089844, -0.957031]","[0.011487, -0.007651, 0.004201]","[-0.039999, -0.009998, 0.038286]","[0.016151, -0.010828, 0.005962]","[0.016113, -0.015137, 0.115967]","[-0.008026, 0.007690, 0.058167, 0.998230]","[0.002991, 0.019684, 0.021637, 0.999542]","[-0.057373, 0.069336, -0.001221]","[[0.993042, 0.115906, -0.016296], [-0.116272, 0.992981, -0.015198], [0.014343, 0.016907, 0.999634]]",0,"[8240, 7885, 7829, 7885]"
32.873592,"[0.308594, 0.089844, -0.957031]","[0.011968, -0.007974, 0.004379]","[-0.039999, 0.000000, 0.038651]","[0.016649, -0.011165, 0.006148]","[0.015869, -0.015381, 0.115723]","[-0.008148, 0.007477, 0.057983, 0.998260]","[0.002502, 0.019714, 0.021637, 0.999542]","[0.042969, -0.071777, -0.065918]","[[0.993164, 0.115601, -0.015869], [-0.115845, 0.993103, -0.015442], [0.013916, 0.017151, 0.999756]]",0,"[8268, 7872, 7823, 7902]"
32.906799,"[0.308594, 0.089844, -0.957031]","[0.012631, -0.008419, 0.004624]","[-0.019999, 0.000000, 0.025831]","[0.017326, -0.011625, 0.006403]","[0.016113, -0.014893, 0.115479]","[-0.007874, 0.007629, 0.057892, 0.998260]","[0.002502, 0.020447, 0.021637, 0.999542]","[0.017090, 0.031006, 0.053955]","[[0.993164, 0.115417, -0.016113], [-0.115662, 0.993103, -0.014893], [0.014282, 0.016602, 0.999695]]",0,"[8227, 7853, 7857, 7887]"
32.941936,"[0.296875, 0.089844, -0.953125]","[0.013146, -0.008764, 0.004814]","[-0.029999, 0.000000, 0.046782]","[0.017844, -0.011977, 0.006598]","[0.016113, -0.014893, 0.115234]","[-0.007935, 0.007690, 0.057739, 0.998260]","[0.002228, 0.019470, 0.021667, 0.999573]","[0.022217, -0.014404, -0.094727]","[[0.993164, 0.115112, -0.016296], [-0.115356, 0.993103, -0.015015], [0.014343, 0.016724, 0.999695]]",0,"[8238, 7872, 7845, 7905]"
32.973186,"[0.296875, 0.089844, -0.953125]","[0.013857, -0.009242, 0.005077]","[-0.029999, 0.009998, 0.043343]","[0.018550, -0.012457, 0.006864]","[0.015869, -0.014893, 0.114990]","[-0.007904, 0.007507, 0.057556, 0.998291]","[0.001862, 0.019592, 0.021667, 0.999542]","[0.026123, -0.110107, -0.036133]","[[0.993286, 0.114746, -0.015869], [-0.114990, 0.993225, -0.014954], [0.014038, 0.016663, 0.999756]]",0,"[8235, 7902, 7841, 7895]"
33.008343,"[0.296875, 0.089844, -0.949219]","[0.014408, -0.009612, 0.005281]","[-0.049999, 0.009998, 0.045740]","[0.019090, -0.012824, 0.007067]","[0.015381, -0.015625, 0.114746]","[-0.008209, 0.007324, 0.057495, 0.998291]","[0.001862, 0.018616, 0.021667, 0.999573]","[-0.002686, -0.017578, -0.047852]","[[0.993286, 0.114624, -0.015564], [-0.114868, 0.993225, -0.015625], [0.013611, 0.017212, 0.999756]]",0,"[8247, 7877, 7852, 7906]"
33.041546,"[0.296875, 0.097656, -0.949219]","[0.015168, -0.010122, 0.005563]","[-0.029999, 0.019999, 0.035988]","[0.019825, -0.013325, 0.007345]","[0.015137, -0.015625, 0.114258]","[-0.008209, 0.007141, 0.057281, 0.998291]","[0.000763, 0.019623, 0.021698, 0.999542]","[0.033447, 0.006104, -0.035645]","[[0.993286, 0.114197, -0.015198], [-0.114441, 0.993225, -0.015625], [0.013245, 0.017212, 0.999695]]",0,"[8243, 7874, 7847, 7901]"
33.074749,"[0.296875, 0.097656, -0.949219]","[0.015757, -0.010518, 0.005781]","[-0.029999, 0.009998, 0.016861]","[0.020388, -0.013708, 0.007557]","[0.014893, -0.015869, 0.114258]","[-0.008362, 0.007050, 0.057190, 0.998291]","[0.001282, 0.019745, 0.021667, 0.999542]","[-0.006348, -0.055908, 0.061523]","[[0.993286, 0.114014, -0.015015], [-0.114258, 0.993225, -0.015930], [0.013062, 0.017517, 0.999695]]",0,"[8228, 7898, 7834, 7900]"
33.107952,"[0.289062, 0.097656, -0.949219]","[0.016363, -0.010926, 0.006006]","[-0.029999, 0.019999, 0.025852]","[0.020960, -0.014098, 0.007773]","[0.014893, -0.016357, 0.113770]","[-0.008636, 0.006989, 0.057037, 0.998291]","[0.000763, 0.019257, 0.021698, 0.999573]","[-0.013428, 0.022705, -0.070312]","[[0.993286, 0.113708, -0.014954], [-0.113953, 0.993225, -0.016479], [0.012878, 0.018066, 0.999634]]",0,"[8245, 7892, 7829, 7896]"
33.141155,"[0.289062, 0.097656, -0.949219]","[0.017197, -0.011487, 0.006315]","[-0.039999, 0.019999, 0.000393]","[0.021736, -0.014628, 0.008067]","[0.014893, -0.016602, 0.113525]","[-0.008759, 0.007050, 0.056946, 0.998322]","[0.000763, 0.018890, 0.021698, 0.999573]","[-0.008545, -0.010742, 0.041260]","[[0.993408, 0.113464, -0.015076], [-0.113831, 0.993347, -0.016724], [0.013000, 0.018311, 0.999756]]",0,"[8235, 7885, 7846, 7892]"
33.242718,"[0.277344, 0.097656, -0.953125]","[0.019417, -0.012982, 0.007140]","[-0.029999, 0.009998, -0.006676]","[0.023752, -0.016005, 0.008831]","[0.013916, -0.017578, 0.113037]","[-0.009155, 0.006470, 0.056641, 0.998322]","[0.001251, 0.018524, 0.021667, 0.999573]","[-0.002197, -0.142578, 0.060791]","[[0.993408, 0.112915, -0.013916], [-0.113159, 0.993347, -0.017578], [0.011841, 0.019043, 0.999695]]",0,"[8227, 7855, 7815, 7875]"
33.275921,"[0.277344, 0.097656, -0.953125]","[0.020361, -0.013618, 0.007491]","[-0.039999, 0.029999, 0.011341]","[0.024588, -0.016577, 0.009149]","[0.013428, -0.017822, 0.112793]","[-0.009247, 0.006256, 0.056488, 0.998352]","[0.000244, 0.018036, 0.021698, 0.999573]","[0.014893, -0.001221, -0.101562]","[[0.993530, 0.112610, -0.013550], [-0.112854, 0.993469, -0.017822], [0.011353, 0.019165, 0.999756]]",0,"[8235, 7878, 7822, 7860]"
33.342331,"[0.277344, 0.109375, -0.949219]","[0.021839, -0.014615, 0.008041]","[-0.059999, 0.019999, 0.002577]","[0.025873, -0.017457, 0.009638]","[0.012695, -0.017822, 0.112305]","[-0.009308, 0.005920, 0.056305, 0.998352]","[-0.000092, 0.017212, 0.021698, 0.999603]","[-0.048340, -0.052246, 0.035889]","[[0.993530, 0.112244, -0.012878], [-0.112488, 0.993469, -0.018005], [0.010681, 0.019226, 0.999695]]",0,"[8237, 7883, 7810, 7862]"
33.37748,"[0.277344, 0.109375, -0.949219]","[0.022867, -0.015309, 0.008424]","[-0.039999, 0.029999, 0.004919]","[0.026751, -0.018059, 0.009972]","[0.012207, -0.018311, 0.112061]","[-0.009460, 0.005676, 0.056122, 0.998352]","[-0.000702, 0.017944, 0.021729, 0.999573]","[-0.052002, 0.245605, 0.038086]","[[0.993530, 0.111877, -0.012390], [-0.112122, 0.993469, -0.018311], [0.010193, 0.019531, 0.999695]]",0,"[8263, 7890, 7824, 7863]"
33.410713,"[0.277344, 0.109375, -0.949219]","[0.023661, -0.015845, 0.008720]","[-0.039999, 0.019999, -0.000908]","[0.027420, -0.018518, 0.010228]","[0.012207, -0.019043, 0.112061]","[-0.009827, 0.005554, 0.056122, 0.998352]","[-0.000458, 0.017944, 0.021698, 0.999573]","[-0.038818, -0.193115, 0.034424]","[[0.993591, 0.111877, -0.012207], [-0.112122, 0.993469, -0.019043], [0.009888, 0.020264, 0.999695]]",0,"[8240, 7877, 7825, 7895]"
33.44389,"[0.277344, 0.109375, -0.953125]","[0.024749, -0.016580, 0.009126]","[-0.039999, 0.029999, 0.003382]","[0.028328, -0.019141, 0.010574]","[0.012207, -0.019775, 0.111572]","[-0.010254, 0.005646, 0.055939, 0.998352]","[-0.000946, 0.018066, 0.021729, 0.999573]","[0.073486, -0.022461, -0.121338]","[[0.993591, 0.111511, -0.012390], [-0.111755, 0.993469, -0.019897], [0.010071, 0.021118, 0.999634]]",0,"[8249, 7870, 7825, 7894]"
