t,p,p_d,v,v_d,Angles,q,q_sp,w,R,T_sp,rpm
42.600071,"[0.117188, 0.187500, -1.117188]","[-0.000000, 0.000000, 0.000000]","[-0.019999, 0.000000, 0.069901]","[-0.000001, 0.000000, 0.000000]","[0.010986, -0.021973, 0.036865]","[-0.011139, 0.005371, 0.018585, 0.999756]","[0.000000, -0.000214, 0.017792, 0.999817]","[0.010254, -0.369385, -0.016602]","[[0.999268, 0.036987, -0.011108], [-0.037231, 0.999023, -0.022095], [0.010254, 0.022461, 0.999695]]",0,"[8038, 7872, 7872, 8011]"
42.615696,"[0.117188, 0.187500, -1.113281]","[-0.000000, 0.000000, 0.000000]","[0.000000, 0.000000, 0.079500]","[-0.000003, 0.000001, 0.000002]","[0.007568, -0.022461, 0.037598]","[-0.011353, 0.003662, 0.018921, 0.999756]","[0.000000, 0.000702, 0.017792, 0.999817]","[0.049561, -0.471436, -0.020752]","[[0.999268, 0.037659, -0.007751], [-0.037903, 0.999023, -0.022583], [0.006775, 0.022827, 0.999695]]",0,"[8101, 7899, 7841, 7997]"
42.648903,"[0.117188, 0.187500, -1.113281]","[-0.000001, 0.000000, 0.000000]","[-0.009998, -0.009998, 0.045933]","[-0.000046, 0.000010, 0.000024]","[-0.000732, -0.022217, 0.039551]","[-0.011078, -0.000702, 0.019806, 0.999756]","[0.000366, 0.000336, 0.017792, 0.999817]","[0.013916, -0.172852, 0.082764]","[[0.999268, 0.039551, 0.000916], [-0.039551, 0.999023, -0.022217], [-0.001892, 0.022095, 0.999756]]",0,"[8170, 8007, 7763, 7875]"
42.684055,"[0.117188, 0.179688, -1.109375]","[-0.000003, 0.000001, 0.000002]","[0.009998, 0.000000, 0.065279]","[-0.000159, 0.000034, 0.000082]","[-0.007080, -0.023193, 0.041748]","[-0.011566, -0.003784, 0.020874, 0.999695]","[0.000366, 0.001190, 0.017792, 0.999817]","[0.056152, -0.261230, 0.007324]","[[0.999023, 0.041748, 0.007080], [-0.041626, 0.998779, -0.023315], [-0.008057, 0.022949, 0.999634]]",0,"[8198, 7994, 7738, 7899]"
42.785618,"[0.117188, 0.179688, -1.109375]","[-0.000099, 0.000022, 0.000051]","[0.029999, 0.000000, 0.043642]","[-0.002205, 0.000481, 0.001141]","[-0.015137, -0.024170, 0.048828]","[-0.011871, -0.007874, 0.024384, 0.999603]","[0.000397, 0.002167, 0.017792, 0.999817]","[-0.095947, 0.008789, 0.145508]","[[0.998657, 0.048889, 0.015137], [-0.048523, 0.998535, -0.024170], [-0.016357, 0.023315, 0.999573]]",0,"[8147, 7923, 7797, 7861]"
42.852032,"[0.128906, 0.179688, -1.105469]","[-0.000311, 0.000068, 0.000161]","[0.029999, -0.009998, 0.035990]","[-0.005352, 0.001175, 0.002778]","[-0.018555, -0.024658, 0.052979]","[-0.012085, -0.009705, 0.026520, 0.999512]","[0.000885, 0.002899, 0.017792, 0.999817]","[0.043213, 0.203613, 0.073730]","[[0.998291, 0.053162, 0.018738], [-0.052795, 0.998230, -0.024719], [-0.020081, 0.023621, 0.999451]]",0,"[8161, 7908, 7816, 7872]"
42.885227,"[0.128906, 0.179688, -1.105469]","[-0.000581, 0.000127, 0.000302]","[0.049999, 0.000000, 0.034634]","[-0.008664, 0.001911, 0.004505]","[-0.019287, -0.025391, 0.055420]","[-0.012451, -0.010040, 0.027710, 0.999481]","[0.000427, 0.003876, 0.017792, 0.999817]","[-0.133057, -0.050537, 0.130615]","[[0.998230, 0.055603, 0.019348], [-0.055115, 0.998108, -0.025513], [-0.020813, 0.024292, 0.999451]]",0,"[8139, 7902, 7799, 7894]"
42.91843,"[0.128906, 0.179688, -1.105469]","[-0.000881, 0.000194, 0.000458]","[0.059999, -0.009998, 0.023653]","[-0.011918, 0.002638, 0.006206]","[-0.020508, -0.025146, 0.057617]","[-0.012268, -0.010651, 0.028717, 0.999451]","[0.000916, 0.004364, 0.017792, 0.999817]","[0.141113, -0.233154, -0.002686]","[[0.998047, 0.057617, 0.020569], [-0.057129, 0.997986, -0.025208], [-0.022034, 0.023865, 0.999451]]",0,"[8177, 7941, 7808, 7875]"
42.953587,"[0.128906, 0.179688, -1.105469]","[-0.001450, 0.000320, 0.000754]","[0.080000, 0.000000, 0.034794]","[-0.017420, 0.003874, 0.009090]","[-0.019043, -0.026367, 0.060059]","[-0.012878, -0.009949, 0.030029, 0.999420]","[0.000458, 0.005463, 0.017792, 0.999817]","[-0.131104, 0.001953, 0.137451]","[[0.997986, 0.060242, 0.019104], [-0.059753, 0.997864, -0.026367], [-0.020691, 0.025146, 0.999451]]",0,"[8162, 7908, 7810, 7900]"
42.986805,"[0.136719, 0.179688, -1.105469]","[-0.002032, 0.000450, 0.001058]","[0.070000, 0.000000, 0.037319]","[-0.022508, 0.005025, 0.011763]","[-0.019531, -0.026367, 0.062500]","[-0.012878, -0.010223, 0.031189, 0.999359]","[0.000458, 0.005463, 0.017792, 0.999817]","[0.078857, -0.341064, -0.006348]","[[0.997742, 0.062561, 0.019592], [-0.062073, 0.997620, -0.026428], [-0.021301, 0.025085, 0.999329]]",0,"[8150, 7921, 7822, 7888]"
43.019993,"[0.136719, 0.179688, -1.101562]","[-0.003066, 0.000681, 0.001599]","[0.099998, -0.009998, 0.049950]","[-0.030684, 0.006885, 0.016071]","[-0.017334, -0.026367, 0.064697]","[-0.012939, -0.009094, 0.032288, 0.999329]","[0.000977, 0.007050, 0.017792, 0.999786]","[0.044434, 0.373779, 0.089600]","[[0.997620, 0.064697, 0.017334], [-0.064331, 0.997437, -0.026489], [-0.019043, 0.025269, 0.999390]]",0,"[8177, 7891, 7857, 7907]"
43.053196,"[0.148438, 0.179688, -1.101562]","[-0.004069, 0.000907, 0.002125]","[0.089998, 0.000000, 0.013227]","[-0.037929, 0.008545, 0.019899]","[-0.016846, -0.026367, 0.067139]","[-0.012939, -0.008911, 0.033508, 0.999298]","[0.000610, 0.007294, 0.017792, 0.999786]","[-0.020508, -0.201172, 0.094482]","[[0.997498, 0.067139, 0.016907], [-0.066772, 0.997314, -0.026489], [-0.018738, 0.025269, 0.999390]]",0,"[8163, 7903, 7852, 7918]"
43.096169,"[0.148438, 0.179688, -1.101562]","[-0.005763, 0.001289, 0.003015]","[0.099998, -0.009998, 0.024370]","[-0.049145, 0.011134, 0.025845]","[-0.014893, -0.025879, 0.070068]","[-0.012634, -0.007965, 0.035004, 0.999268]","[0.001099, 0.007904, 0.017792, 0.999786]","[-0.071533, 0.364746, 0.130127]","[[0.997375, 0.070129, 0.015015], [-0.069763, 0.997192, -0.025879], [-0.016846, 0.024658, 0.999512]]",0,"[8146, 7888, 7859, 7881]"
43.121559,"[0.148438, 0.179688, -1.101562]","[-0.007342, 0.001648, 0.003846]","[0.150000, -0.009998, 0.022438]","[-0.058772, 0.013373, 0.030964]","[-0.013916, -0.025635, 0.072021]","[-0.012543, -0.007477, 0.035980, 0.999237]","[0.001160, 0.010834, 0.017792, 0.999756]","[-0.013184, -0.167725, 0.088623]","[[0.997253, 0.072083, 0.014038], [-0.071716, 0.997009, -0.025635], [-0.015869, 0.024536, 0.999512]]",0,"[8143, 7909, 7858, 7924]"
43.246578,"[0.167969, 0.179688, -1.097656]","[-0.018025, 0.004106, 0.009501]","[0.169998, 0.000000, 0.010714]","[-0.112906, 0.026220, 0.060003]","[-0.006592, -0.024414, 0.080566]","[-0.012054, -0.003845, 0.040283, 0.999084]","[0.000977, 0.014008, 0.017792, 0.999725]","[0.107666, 0.222656, 0.020508]","[[0.996582, 0.080505, 0.006714], [-0.080383, 0.996338, -0.024475], [-0.008667, 0.023743, 0.999573]]",0,"[8216, 7887, 7917, 7934]"
43.254368,"[0.179688, 0.179688, -1.097656]","[-0.019152, 0.004368, 0.010100]","[0.139999, -0.009998, 0.008587]","[-0.117908, 0.027427, 0.062706]","[-0.006348, -0.024170, 0.081055]","[-0.011932, -0.003662, 0.040527, 0.999084]","[0.001434, 0.013397, 0.017792, 0.999725]","[0.113037, 0.231201, 0.034912]","[[0.996582, 0.080994, 0.006348], [-0.080872, 0.996338, -0.024170], [-0.008301, 0.023560, 0.999573]]",0,"[8218, 7890, 7924, 7949]"
43.391094,"[0.187500, 0.187500, -1.101562]","[-0.040628, 0.009431, 0.021588]","[0.160000, -0.009998, -0.025366]","[-0.199864, 0.047688, 0.107469]","[0.000732, -0.021240, 0.089844]","[-0.010620, -0.000031, 0.044922, 0.998932]","[0.001617, 0.017059, 0.017761, 0.999695]","[-0.006104, 0.372314, 0.044922]","[[0.995911, 0.089722, -0.000916], [-0.089722, 0.995728, -0.021301], [-0.001038, 0.021179, 0.999756]]",0,"[8282, 7968, 7975, 7963]"
43.393044,"[0.199219, 0.187500, -1.105469]","[-0.040628, 0.009431, 0.021588]","[0.199999, 0.009998, -0.031467]","[-0.199864, 0.047688, 0.107469]","[0.001465, -0.021484, 0.089844]","[-0.010742, 0.000275, 0.045013, 0.998932]","[0.000702, 0.019623, 0.017792, 0.999634]","[-0.118896, 0.280762, 0.144531]","[[0.995911, 0.089844, -0.001465], [-0.089966, 0.995728, -0.021484], [-0.000488, 0.021484, 0.999756]]",0,"[8261, 7957, 7980, 7970]"
43.533672,"[0.207031, 0.187500, -1.109375]","[-0.074688, 0.017684, 0.040026]","[0.179998, -0.009998, -0.093269]","[-0.301203, 0.073996, 0.164055]","[0.013428, -0.020264, 0.097168]","[-0.010406, 0.006226, 0.048798, 0.998749]","[0.002350, 0.022888, 0.017731, 0.999573]","[0.063477, 0.228027, 0.030029]","[[0.995178, 0.097229, -0.013428], [-0.097595, 0.995056, -0.020264], [0.011353, 0.021362, 0.999756]]",0,"[8291, 7966, 8020, 7995]"
43.539532,"[0.218750, 0.187500, -1.109375]","[-0.077668, 0.018416, 0.041650]","[0.209999, 0.000000, -0.091091]","[-0.309040, 0.076092, 0.168492]","[0.013916, -0.020508, 0.097656]","[-0.010559, 0.006500, 0.048981, 0.998749]","[0.002014, 0.025085, 0.017731, 0.999512]","[-0.007812, -0.171875, 0.052979]","[[0.995178, 0.097595, -0.013977], [-0.097961, 0.995056, -0.020508], [0.011902, 0.021729, 0.999756]]",0,"[8276, 7976, 8003, 8017]"
43.541477,"[0.218750, 0.187500, -1.109375]","[-0.077668, 0.018416, 0.041650]","[0.189999, 0.000000, -0.084978]","[-0.309040, 0.076092, 0.168492]","[0.013184, -0.020020, 0.097412]","[-0.010284, 0.006134, 0.048889, 0.998718]","[0.002014, 0.024109, 0.017731, 0.999542]","[0.015625, 0.343018, 0.070068]","[[0.995056, 0.097412, -0.013245], [-0.097778, 0.994934, -0.020020], [0.011169, 0.021118, 0.999634]]",0,"[8300, 7966, 8009, 8010]"
43.555149,"[0.226562, 0.187500, -1.109375]","[-0.080724, 0.019170, 0.043317]","[0.219999, 0.000000, -0.087307]","[-0.316944, 0.078215, 0.172975]","[0.013184, -0.019775, 0.098145]","[-0.010162, 0.006104, 0.049225, 0.998718]","[0.002045, 0.026428, 0.017731, 0.999481]","[0.162354, -0.097412, -0.044678]","[[0.995056, 0.098083, -0.013184], [-0.098450, 0.994934, -0.019775], [0.011108, 0.020874, 0.999695]]",0,"[8335, 7974, 7995, 8017]"
43.709454,"[0.238281, 0.187500, -1.121094]","[-0.140533, 0.034232, 0.076257]","[0.169998, 0.000000, -0.136297]","[-0.450504, 0.115615, 0.250251]","[0.027832, -0.016602, 0.105713]","[-0.009064, 0.013550, 0.053070, 0.998444]","[0.003571, 0.030426, 0.017670, 0.999359]","[-0.077881, 0.353516, 0.135498]","[[0.993896, 0.105652, -0.028015], [-0.106262, 0.994141, -0.016724], [0.026062, 0.019531, 0.999390]]",0,"[8315, 8017, 8070, 8042]"
43.723125,"[0.269531, 0.187500, -1.121094]","[-0.149503, 0.036540, 0.081246]","[0.199999, 0.000000, -0.133045]","[-0.467843, 0.120705, 0.260514]","[0.028076, -0.016357, 0.105957]","[-0.008911, 0.013641, 0.053162, 0.998444]","[0.003754, 0.034454, 0.017639, 0.999237]","[0.018799, 0.312012, 0.066162]","[[0.993896, 0.105896, -0.028198], [-0.106384, 0.994141, -0.016418], [0.026245, 0.019226, 0.999390]]",0,"[8349, 8004, 8070, 8075]"
43.818829,"[0.277344, 0.187500, -1.132812]","[-0.194071, 0.048186, 0.106209]","[0.179998, 0.000000, -0.185715]","[-0.546452, 0.144564, 0.307828]","[0.034180, -0.014648, 0.109619]","[-0.008270, 0.016663, 0.055054, 0.998291]","[0.004822, 0.038483, 0.017578, 0.999084]","[0.139160, 0.136475, -0.069824]","[[0.993286, 0.109558, -0.034180], [-0.110168, 0.993713, -0.014709], [0.032349, 0.018372, 0.999207]]",0,"[8393, 8041, 8074, 8036]"
43.820782,"[0.277344, 0.187500, -1.140625]","[-0.199450, 0.049611, 0.109241]","[0.199999, 0.009998, -0.226107]","[-0.555196, 0.147305, 0.313177]","[0.035645, -0.014648, 0.110107]","[-0.008331, 0.017456, 0.055206, 0.998291]","[0.004333, 0.039459, 0.017578, 0.999054]","[-0.026367, -0.057617, 0.095459]","[[0.993286, 0.109863, -0.035828], [-0.110474, 0.993713, -0.014771], [0.033875, 0.018555, 0.999207]]",0,"[8402, 8059, 8065, 8074]"
43.822746,"[0.277344, 0.187500, -1.140625]","[-0.199450, 0.049611, 0.109241]","[0.139999, 0.000000, -0.228180]","[-0.555196, 0.147305, 0.313177]","[0.035400, -0.014648, 0.110107]","[-0.008301, 0.017242, 0.055267, 0.998291]","[0.004913, 0.036652, 0.017578, 0.999146]","[0.086426, -0.157471, -0.041016]","[[0.993286, 0.109985, -0.035400], [-0.110596, 0.993713, -0.014709], [0.033447, 0.018494, 0.999268]]",0,"[8383, 8060, 8058, 8056]"
43.857883,"[0.289062, 0.187500, -1.148438]","[-0.216099, 0.054048, 0.118652]","[0.160000, 0.000000, -0.266163]","[-0.581375, 0.155625, 0.329306]","[0.040039, -0.013672, 0.111572]","[-0.008026, 0.019684, 0.055969, 0.998230]","[0.005463, 0.040283, 0.017548, 0.998993]","[-0.098633, 0.060303, 0.125244]","[[0.993042, 0.111328, -0.040161], [-0.112061, 0.993652, -0.013855], [0.038330, 0.018250, 0.999146]]",0,"[8330, 8020, 8082, 8079]"
43.992653,"[0.308594, 0.187500, -1.167969]","[-0.303819, 0.078065, 0.168869]","[0.139999, 0.000000, -0.320738]","[-0.700850, 0.196118, 0.405426]","[0.050781, -0.008301, 0.114990]","[-0.005676, 0.025177, 0.057617, 0.998016]","[0.007782, 0.048431, 0.017365, 0.998627]","[-0.045654, 0.280029, 0.130615]","[[0.992126, 0.114685, -0.050903], [-0.115295, 0.993286, -0.008484], [0.049561, 0.014221, 0.998657]]",0,"[8403, 8073, 8092, 8072]"
43.994614,"[0.308594, 0.187500, -1.175781]","[-0.303819, 0.078065, 0.168869]","[0.139999, 0.009998, -0.334808]","[-0.700850, 0.196118, 0.405426]","[0.050293, -0.008301, 0.114990]","[-0.005676, 0.024902, 0.057678, 0.998016]","[0.007294, 0.048553, 0.017395, 0.998627]","[0.107666, -0.018555, -0.087402]","[[0.992126, 0.114807, -0.050354], [-0.115417, 0.993286, -0.008484], [0.049011, 0.014221, 0.998718]]",0,"[8389, 8068, 8101, 8064]"
44.072731,"[0.316406, 0.187500, -1.195312]","[-0.361122, 0.094324, 0.202241]","[0.109999, 0.009998, -0.397539]","[-0.765556, 0.220223, 0.448821]","[0.057617, -0.005127, 0.116699]","[-0.004242, 0.028687, 0.058411, 0.997864]","[0.008698, 0.052795, 0.017273, 0.998413]","[-0.061768, 0.364746, 0.117432]","[[0.991455, 0.116272, -0.057739], [-0.116760, 0.993042, -0.005188], [0.056641, 0.011780, 0.998230]]",0,"[8402, 8067, 8050, 8028]"
44.092258,"[0.316406, 0.187500, -1.199219]","[-0.376227, 0.098685, 0.211113]","[0.089998, 0.009998, -0.392176]","[-0.781175, 0.226331, 0.459587]","[0.059082, -0.003662, 0.116943]","[-0.003601, 0.029419, 0.058533, 0.997833]","[0.009216, 0.053284, 0.017242, 0.998383]","[0.133301, 0.001953, -0.065430]","[[0.991333, 0.116516, -0.059082], [-0.117004, 0.993042, -0.003784], [0.058228, 0.010620, 0.998169]]",0,"[8415, 8078, 8086, 8043]"
44.127434,"[0.316406, 0.187500, -1.214844]","[-0.407337, 0.107765, 0.229481]","[0.070000, 0.019999, -0.438084]","[-0.811637, 0.238627, 0.480965]","[0.062988, -0.002686, 0.117676]","[-0.003235, 0.031403, 0.058929, 0.997772]","[0.009460, 0.054718, 0.017212, 0.998291]","[0.052246, -0.246826, -0.015381]","[[0.991089, 0.117310, -0.063049], [-0.117798, 0.993042, -0.002808], [0.062195, 0.010132, 0.997986]]",0,"[8383, 8076, 8079, 8067]"
44.160618,"[0.328125, 0.199219, -1.226562]","[-0.431441, 0.114892, 0.243805]","[0.039999, 0.009998, -0.468842]","[-0.833764, 0.247910, 0.496847]","[0.066406, -0.002441, 0.118164]","[-0.003235, 0.033081, 0.059174, 0.997711]","[0.009857, 0.056305, 0.017151, 0.998199]","[0.031006, 0.367920, 0.003662]","[[0.990845, 0.117798, -0.066406], [-0.118286, 0.992981, -0.002563], [0.065552, 0.010376, 0.997803]]",0,"[8398, 8029, 8077, 8048]"
44.193821,"[0.328125, 0.199219, -1.242188]","[-0.464567, 0.124818, 0.263621]","[0.029999, 0.009998, -0.498110]","[-0.862222, 0.260350, 0.517774]","[0.069092, -0.000977, 0.118896]","[-0.002594, 0.034454, 0.059479, 0.997650]","[0.010620, 0.058380, 0.017090, 0.998077]","[-0.001465, -0.086914, 0.028564]","[[0.990601, 0.118469, -0.069092], [-0.118835, 0.992920, -0.001099], [0.068359, 0.009277, 0.997620]]",0,"[8398, 8034, 8061, 8054]"
44.314919,"[0.328125, 0.199219, -1.269531]","[-0.570269, 0.157528, 0.327889]","[0.019999, 0.029999, -0.531820]","[-0.939609, 0.297921, 0.578445]","[0.079590, 0.003174, 0.119873]","[-0.000732, 0.039856, 0.059937, 0.997406]","[0.012726, 0.067474, 0.016815, 0.997467]","[0.014648, -0.208984, 0.023682]","[[0.989624, 0.119446, -0.079590], [-0.119568, 0.992798, 0.003296], [0.079346, 0.006226, 0.996765]]",0,"[8432, 8050, 8041, 8075]"
44.316872,"[0.328125, 0.187500, -1.273438]","[-0.570269, 0.157528, 0.327889]","[-0.029999, 0.029999, -0.534805]","[-0.939609, 0.297921, 0.578445]","[0.079834, 0.003662, 0.119873]","[-0.000519, 0.039948, 0.059814, 0.997406]","[0.013275, 0.065155, 0.016815, 0.997620]","[0.076904, 0.361816, -0.025635]","[[0.989624, 0.119202, -0.079773], [-0.119324, 0.992798, 0.003723], [0.079529, 0.005798, 0.996765]]",0,"[8453, 8049, 8072, 8054]"
44.328587,"[0.328125, 0.187500, -1.285156]","[-0.588735, 0.163408, 0.339282]","[-0.049999, 0.039999, -0.566532]","[-0.951226, 0.304192, 0.588188]","[0.080322, 0.004150, 0.119873]","[-0.000305, 0.040314, 0.059875, 0.997406]","[0.012909, 0.065155, 0.016846, 0.997620]","[0.048096, -0.200439, -0.044189]","[[0.989624, 0.119324, -0.080444], [-0.119446, 0.992859, 0.004211], [0.080322, 0.005432, 0.996765]]",0,"[8451, 8083, 8065, 8057]"
44.375462,"[0.328125, 0.199219, -1.304688]","[-0.626328, 0.175535, 0.362634]","[-0.080000, 0.049999, -0.596392]","[-0.973278, 0.316720, 0.607314]","[0.084473, 0.005859, 0.119629]","[0.000519, 0.042419, 0.059723, 0.997284]","[0.012970, 0.067596, 0.016815, 0.997467]","[0.143311, 0.143066, -0.072510]","[[0.989136, 0.119080, -0.084534], [-0.119080, 0.992676, 0.006042], [0.084656, 0.004089, 0.996216]]",0,"[8433, 8056, 8038, 8037]"
44.394993,"[0.316406, 0.199219, -1.316406]","[-0.645445, 0.181784, 0.374589]","[-0.080000, 0.029999, -0.624256]","[-0.983698, 0.322972, 0.616684]","[0.085938, 0.006104, 0.119385]","[0.000580, 0.043152, 0.059570, 0.997284]","[0.014557, 0.068420, 0.016693, 0.997406]","[-0.029053, -0.087646, -0.003174]","[[0.989136, 0.118774, -0.085999], [-0.118774, 0.992859, 0.006226], [0.086121, 0.004028, 0.996216]]",0,"[8433, 8031, 8041, 8047]"
44.430149,"[0.316406, 0.199219, -1.332031]","[-0.684253, 0.194642, 0.399035]","[-0.099998, 0.039999, -0.656288]","[-1.003260, 0.335436, 0.635011]","[0.087891, 0.007812, 0.119141]","[0.001404, 0.044128, 0.059387, 0.997253]","[0.015198, 0.070496, 0.016602, 0.997253]","[-0.037109, 0.367188, 0.072510]","[[0.989014, 0.118530, -0.087891], [-0.118286, 0.992859, 0.007935], [0.088135, 0.002441, 0.996033]]",0,"[8453, 8069, 8019, 8009]"
44.463352,"[0.316406, 0.207031, -1.347656]","[-0.713848, 0.204605, 0.417836]","[-0.169998, 0.059999, -0.678204]","[-1.016789, 0.344739, 0.648376]","[0.089111, 0.008545, 0.118896]","[0.001770, 0.044769, 0.059235, 0.997223]","[0.014801, 0.070007, 0.016632, 0.997284]","[0.079346, -0.252930, -0.070312]","[[0.988892, 0.118225, -0.089050], [-0.117981, 0.992859, 0.008728], [0.089417, 0.001770, 0.995850]]",0,"[8417, 8065, 8005, 7995]"
44.496559,"[0.296875, 0.207031, -1.363281]","[-0.753892, 0.218313, 0.443503]","[-0.160000, 0.049999, -0.701981]","[-1.033233, 0.357065, 0.665648]","[0.092773, 0.009521, 0.118652]","[0.002045, 0.046570, 0.059113, 0.997162]","[0.016174, 0.072174, 0.016510, 0.997101]","[0.032715, 0.377197, 0.020996]","[[0.988647, 0.118042, -0.092651], [-0.117676, 0.992981, 0.009521], [0.093018, 0.001465, 0.995605]]",0,"[8427, 8040, 8001, 8006]"
44.621559,"[0.277344, 0.218750, -1.402344]","[-0.887852, 0.266155, 0.531363]","[-0.240000, 0.059999, -0.692041]","[-1.073266, 0.396241, 0.716985]","[0.098389, 0.013184, 0.117676]","[0.003784, 0.049591, 0.058441, 0.997040]","[0.018829, 0.078339, 0.016174, 0.996613]","[0.095459, 0.124512, -0.089355]","[[0.988159, 0.116882, -0.098450], [-0.116150, 0.993042, 0.013245], [0.099304, -0.001770, 0.994934]]",0,"[8511, 8104, 7948, 7975]"
44.631321,"[0.269531, 0.207031, -1.414062]","[-0.898324, 0.270031, 0.538370]","[-0.309999, 0.070000, -0.732565]","[-1.075442, 0.399174, 0.720587]","[0.100098, 0.013428, 0.117676]","[0.003815, 0.050385, 0.058441, 0.997009]","[0.019501, 0.075287, 0.016174, 0.996826]","[0.031006, 0.463379, 0.041748]","[[0.988037, 0.116882, -0.100037], [-0.116150, 0.993103, 0.013428], [0.100891, -0.001709, 0.994812]]",0,"[8506, 8077, 7979, 7985]"
44.670383,"[0.269531, 0.218750, -1.433594]","[-0.940489, 0.285853, 0.566796]","[-0.279999, 0.080000, -0.761868]","[-1.082811, 0.410806, 0.734515]","[0.102295, 0.013916, 0.117188]","[0.004028, 0.051575, 0.058258, 0.996979]","[0.019684, 0.080139, 0.016052, 0.996429]","[-0.153076, 0.080322, 0.066650]","[[0.987915, 0.116516, -0.102356], [-0.115784, 0.993225, 0.013977], [0.103210, -0.002014, 0.994690]]",0,"[8440, 8044, 7990, 8026]"
44.697731,"[0.257812, 0.218750, -1.449219]","[-0.961662, 0.293931, 0.581204]","[-0.309999, 0.080000, -0.799267]","[-1.085675, 0.416537, 0.741156]","[0.102539, 0.015625, 0.116699]","[0.004883, 0.051697, 0.057922, 0.996979]","[0.020538, 0.080139, 0.015991, 0.996429]","[0.057373, 0.300537, -0.013916]","[[0.987915, 0.115967, -0.102478], [-0.114990, 0.993225, 0.015686], [0.103577, -0.003723, 0.994568]]",0,"[8463, 8086, 7919, 7939]"
44.728977,"[0.250000, 0.226562, -1.460938]","[-1.004164, 0.310426, 0.610409]","[-0.409998, 0.099998, -0.803850]","[-1.089694, 0.427823, 0.753756]","[0.104492, 0.016357, 0.116211]","[0.005188, 0.052673, 0.057678, 0.996948]","[0.020142, 0.077698, 0.016083, 0.996613]","[-0.083496, 0.374023, 0.014160]","[[0.987793, 0.115479, -0.104431], [-0.114502, 0.993286, 0.016357], [0.105530, -0.004272, 0.994446]]",0,"[8454, 8064, 7939, 7961]"
44.762184,"[0.226562, 0.226562, -1.480469]","[-1.036101, 0.323079, 0.632617]","[-0.359999, 0.089998, -0.840322]","[-1.091190, 0.436110, 0.762598]","[0.104248, 0.016846, 0.115723]","[0.005493, 0.052521, 0.057434, 0.996948]","[0.021637, 0.081696, 0.015869, 0.996277]","[0.115479, -0.415283, -0.025635]","[[0.987793, 0.115051, -0.104065], [-0.113953, 0.993286, 0.016907], [0.105286, -0.004944, 0.994385]]",0,"[8411, 8043, 7899, 7951]"
44.79734,"[0.218750, 0.238281, -1.503906]","[-1.078741, 0.340328, 0.662625]","[-0.400000, 0.089998, -0.920897]","[-1.091118, 0.446913, 0.773528]","[0.105713, 0.017822, 0.114990]","[0.005981, 0.053314, 0.057037, 0.996948]","[0.022400, 0.082428, 0.015778, 0.996216]","[-0.035156, 0.042480, -0.007568]","[[0.987854, 0.114319, -0.105591], [-0.113098, 0.993469, 0.017944], [0.106934, -0.005859, 0.994263]]",0,"[8410, 8030, 7836, 7894]"
44.9282,"[0.187500, 0.238281, -1.546875]","[-1.216451, 0.399188, 0.762757]","[-0.449999, 0.109999, -0.827574]","[-1.074270, 0.479804, 0.802060]","[0.112549, 0.023193, 0.113037]","[0.008453, 0.056854, 0.055878, 0.996765]","[0.026459, 0.089417, 0.015228, 0.995514]","[0.037109, 0.314941, 0.038574]","[[0.987183, 0.112305, -0.112366], [-0.110474, 0.993469, 0.023193], [0.114197, -0.010498, 0.993286]]",0,"[8448, 8019, 7830, 7919]"
44.930153,"[0.156250, 0.250000, -1.550781]","[-1.216451, 0.399188, 0.762757]","[-0.579998, 0.139999, -0.831079]","[-1.074270, 0.479804, 0.802060]","[0.112793, 0.023193, 0.113281]","[0.008453, 0.057007, 0.055939, 0.996765]","[0.024200, 0.081665, 0.015656, 0.996216]","[0.032471, 0.150146, 0.052979]","[[0.987183, 0.112427, -0.112671], [-0.110596, 0.993530, 0.023193], [0.114502, -0.010498, 0.993286]]",0,"[8450, 8017, 7799, 7921]"
44.932102,"[0.156250, 0.250000, -1.554688]","[-1.216451, 0.399188, 0.762757]","[-0.519999, 0.109999, -0.832548]","[-1.074270, 0.479804, 0.802060]","[0.112549, 0.023438, 0.113281]","[0.008545, 0.056885, 0.055939, 0.996765]","[0.025818, 0.084564, 0.015442, 0.995941]","[0.062744, -0.169922, -0.059570]","[[0.987183, 0.112427, -0.112427], [-0.110596, 0.993530, 0.023376], [0.114258, -0.010681, 0.993286]]",0,"[8450, 8022, 7841, 7935]"
44.984837,"[0.128906, 0.257812, -1.582031]","[-1.278948, 0.427715, 0.810044]","[-0.639999, 0.150000, -0.867943]","[-1.057929, 0.493734, 0.811497]","[0.113525, 0.025146, 0.112305]","[0.009369, 0.057404, 0.055450, 0.996765]","[0.025391, 0.081665, 0.015564, 0.996185]","[0.054688, -0.169434, -0.112793]","[[0.987183, 0.111572, -0.113342], [-0.109497, 0.993591, 0.025024], [0.115417, -0.012329, 0.993164]]",0,"[8469, 8055, 7857, 7965]"
45.000465,"[0.109375, 0.269531, -1.593750]","[-1.289260, 0.432546, 0.817972]","[-0.569998, 0.139999, -0.883532]","[-1.054690, 0.495973, 0.812839]","[0.112793, 0.025391, 0.111816]","[0.009613, 0.057098, 0.055176, 0.996826]","[0.025818, 0.084930, 0.015411, 0.995911]","[0.113770, -0.209961, -0.123047]","[[0.987488, 0.111023, -0.112793], [-0.108948, 0.993774, 0.025452], [0.114868, -0.012878, 0.993347]]",0,"[8458, 8040, 7879, 7951]"
45.033665,"[0.089844, 0.257812, -1.613281]","[-1.330185, 0.452092, 0.849819]","[-0.709999, 0.169998, -0.923908]","[-1.040262, 0.504693, 0.817550]","[0.111328, 0.025879, 0.111084]","[0.009918, 0.056305, 0.054779, 0.996857]","[0.026215, 0.079681, 0.015533, 0.996338]","[-0.046387, 0.243652, 0.037598]","[[0.987610, 0.110291, -0.111206], [-0.108093, 0.993713, 0.025879], [0.113281, -0.013550, 0.993408]]",0,"[8474, 8059, 7794, 7866]"
45.066868,"[0.058594, 0.269531, -1.628906]","[-1.360483, 0.466970, 0.873814]","[-0.609999, 0.150000, -0.910660]","[-1.027919, 0.510975, 0.820390]","[0.109619, 0.026123, 0.110352]","[0.010040, 0.055511, 0.054474, 0.996918]","[0.028107, 0.085266, 0.015198, 0.995819]","[0.043457, -0.320068, -0.037842]","[[0.987854, 0.109680, -0.109619], [-0.107483, 0.993774, 0.026001], [0.111694, -0.013916, 0.993591]]",0,"[8443, 8023, 7797, 7916]"
45.100071,"[0.039062, 0.277344, -1.648438]","[-1.400287, 0.487090, 0.905923]","[-0.649998, 0.160000, -0.932415]","[-1.009457, 0.518999, 0.823254]","[0.107910, 0.027344, 0.109375]","[0.010773, 0.054657, 0.053894, 0.996979]","[0.028473, 0.085022, 0.015198, 0.995850]","[0.118652, 0.103516, -0.054932]","[[0.988098, 0.108582, -0.107788], [-0.106262, 0.993835, 0.027283], [0.110107, -0.015564, 0.993713]]",0,"[8475, 8039, 7750, 7864]"
45.23484,"[0.019531, 0.289062, -1.710938]","[-1.523899, 0.554495, 1.010681]","[-0.809998, 0.189999, -0.939423]","[-0.934108, 0.542162, 0.825289]","[0.108398, 0.031738, 0.104980]","[0.013123, 0.054962, 0.051575, 0.997070]","[0.032104, 0.085815, 0.014862, 0.995667]","[0.041504, 0.313721, 0.031738]","[[0.988586, 0.104248, -0.108215], [-0.101440, 0.994263, 0.031738], [0.110901, -0.020508, 0.993591]]",0,"[8506, 8063, 7704, 7842]"
45.236794,"[0.000000, 0.296875, -1.695312]","[-1.532992, 0.559800, 1.018742]","[-0.699999, 0.169998, -0.857506]","[-0.927364, 0.543753, 0.824987]","[0.108887, 0.031982, 0.104980]","[0.013123, 0.055237, 0.051575, 0.997070]","[0.032654, 0.090088, 0.014648, 0.995270]","[0.049316, 0.239258, -0.047363]","[[0.988586, 0.104248, -0.108765], [-0.101440, 0.994324, 0.031799], [0.111450, -0.020447, 0.993591]]",0,"[8491, 8048, 7683, 7840]"
45.238747,"[-0.027344, 0.296875, -1.695312]","[-1.532992, 0.559800, 1.018742]","[-0.879999, 0.219999, -0.857506]","[-0.927364, 0.543753, 0.824987]","[0.108887, 0.031982, 0.104980]","[0.013123, 0.055237, 0.051575, 0.997070]","[0.030121, 0.079865, 0.015228, 0.996216]","[0.049316, 0.239258, -0.047363]","[[0.988586, 0.104248, -0.108765], [-0.101440, 0.994324, 0.031799], [0.111450, -0.020447, 0.993591]]",0,"[8471, 8051, 7710, 7875]"
45.240692,"[-0.058594, 0.296875, -1.703125]","[-1.532992, 0.559800, 1.018742]","[-0.749998, 0.189999, -0.914850]","[-0.927364, 0.543753, 0.824987]","[0.107910, 0.031982, 0.104736]","[0.013153, 0.054779, 0.051514, 0.997070]","[0.031616, 0.084473, 0.014954, 0.995789]","[0.166504, -0.184082, -0.052734]","[[0.988586, 0.104126, -0.107849], [-0.101318, 0.994263, 0.031799], [0.110535, -0.020569, 0.993530]]",0,"[8479, 8074, 7687, 7856]"
45.379372,"[-0.097656, 0.316406, -1.765625]","[-1.652688, 0.635519, 1.130921]","[-0.929998, 0.240000, -0.936495]","[-0.819565, 0.562981, 0.813972]","[0.107422, 0.035400, 0.099609]","[0.015106, 0.054565, 0.048767, 0.997223]","[0.034119, 0.082153, 0.014832, 0.995911]","[-0.089844, 0.195068, 0.053955]","[[0.989319, 0.098877, -0.107361], [-0.095581, 0.994812, 0.035400], [0.110291, -0.024780, 0.993591]]",0,"[8452, 8021, 7634, 7841]"
45.381317,"[-0.179688, 0.339844, -1.761719]","[-1.652688, 0.635519, 1.130921]","[-1.029999, 0.279999, -0.904306]","[-0.819565, 0.562981, 0.813972]","[0.106201, 0.035400, 0.099365]","[0.015137, 0.053925, 0.048676, 0.997223]","[0.030609, 0.072571, 0.015442, 0.996765]","[0.104248, -0.035645, -0.151123]","[[0.989319, 0.098633, -0.106079], [-0.095459, 0.994690, 0.035400], [0.109009, -0.024902, 0.993591]]",0,"[8462, 8022, 7631, 7858]"
45.402805,"[-0.207031, 0.347656, -1.777344]","[-1.676323, 0.652066, 1.154717]","[-0.879999, 0.249998, -0.917500]","[-0.793326, 0.566343, 0.809982]","[0.106445, 0.035889, 0.098633]","[0.015320, 0.054108, 0.048309, 0.997223]","[0.032776, 0.079590, 0.015015, 0.996155]","[0.040771, -0.258545, -0.036133]","[[0.989319, 0.097961, -0.106445], [-0.094666, 0.994690, 0.035706], [0.109375, -0.025330, 0.993530]]",0,"[8326, 7949, 7765, 7945]"
45.457493,"[-0.238281, 0.359375, -1.804688]","[-1.713942, 0.679840, 1.194074]","[-1.089998, 0.299999, -0.919598]","[-0.747290, 0.571330, 0.802079]","[0.097656, 0.034180, 0.094727]","[0.014893, 0.049591, 0.046570, 0.997559]","[0.031799, 0.070465, 0.015442, 0.996857]","[0.131348, -0.281982, -0.117676]","[[0.990662, 0.094360, -0.097595], [-0.091431, 0.995117, 0.034241], [0.100281, -0.025085, 0.994568]]",0,"[8538, 8056, 7579, 7822]"
45.471165,"[-0.269531, 0.359375, -1.816406]","[-1.728356, 0.691021, 1.209711]","[-0.929998, 0.259998, -0.932346]","[-0.728075, 0.573107, 0.798481]","[0.096191, 0.034424, 0.093994]","[0.014954, 0.048920, 0.046204, 0.997620]","[0.034668, 0.076904, 0.014984, 0.996307]","[0.086670, -0.345215, -0.091064]","[[0.990906, 0.093567, -0.096252], [-0.090759, 0.995239, 0.034302], [0.098938, -0.025269, 0.994690]]",0,"[8475, 8046, 7599, 7831]"
45.602032,"[-0.308594, 0.367188, -1.875000]","[-1.812387, 0.764370, 1.309325]","[-0.949999, 0.269999, -0.942877]","[-0.592884, 0.581546, 0.769185]","[0.090820, 0.037354, 0.086914]","[0.016815, 0.046173, 0.042633, 0.997864]","[0.039307, 0.079041, 0.014526, 0.995972]","[0.114746, -0.329346, -0.003174]","[[0.992004, 0.086609, -0.090698], [-0.083557, 0.995667, 0.037415], [0.093506, -0.029602, 0.995056]]",0,"[8400, 8022, 7593, 7757]"
45.605953,"[-0.429688, 0.406250, -1.867188]","[-1.812387, 0.764370, 1.309325]","[-1.209997, 0.369999, -0.821056]","[-0.592884, 0.581546, 0.769185]","[0.092285, 0.036865, 0.086914]","[0.016541, 0.046967, 0.042572, 0.997864]","[0.032166, 0.059631, 0.015808, 0.997559]","[0.110596, 0.091797, -0.095215]","[[0.991943, 0.086487, -0.092285], [-0.083435, 0.995850, 0.036926], [0.095093, -0.028992, 0.995056]]",0,"[8397, 8029, 7601, 7782]"
45.643044,"[-0.457031, 0.417969, -1.890625]","[-1.834673, 0.787117, 1.339160]","[-1.049997, 0.320000, -0.872406]","[-0.547909, 0.583036, 0.758158]","[0.090332, 0.036621, 0.085205]","[0.016388, 0.045990, 0.041840, 0.997925]","[0.035767, 0.066772, 0.015289, 0.996979]","[0.009033, -0.275635, -0.112793]","[[0.992188, 0.084961, -0.090393], [-0.082031, 0.995911, 0.036499], [0.093079, -0.028809, 0.995178]]",0,"[8302, 7976, 7720, 7935]"
45.672337,"[-0.500000, 0.437500, -1.902344]","[-1.850217, 0.804208, 1.361240]","[-1.049997, 0.329998, -0.864883]","[-0.513220, 0.583807, 0.749287]","[0.083984, 0.034424, 0.083496]","[0.015442, 0.042694, 0.041107, 0.998138]","[0.035278, 0.065063, 0.015411, 0.997131]","[-0.098389, -0.334229, -0.126709]","[[0.992981, 0.083313, -0.083984], [-0.080750, 0.996155, 0.034302], [0.086426, -0.027344, 0.995911]]",0,"[8459, 8007, 7557, 7831]"
45.70554,"[-0.527344, 0.437500, -1.921875]","[-1.869342, 0.827026, 1.390265]","[-1.279999, 0.400000, -0.898249]","[-0.465735, 0.584367, 0.736667]","[0.079346, 0.033447, 0.081787]","[0.015137, 0.040344, 0.040253, 0.998260]","[0.033173, 0.053253, 0.015961, 0.997894]","[0.128662, 0.012451, -0.056885]","[[0.993469, 0.081543, -0.079346], [-0.079102, 0.996277, 0.033447], [0.081665, -0.026978, 0.996277]]",0,"[8500, 8008, 7487, 7809]"
45.752415,"[-0.566406, 0.457031, -1.937500]","[-1.886585, 0.849855, 1.418780]","[-1.089998, 0.349998, -0.871759]","[-0.416922, 0.584389, 0.723164]","[0.073975, 0.033691, 0.080078]","[0.015472, 0.037628, 0.039429, 0.998413]","[0.036560, 0.061127, 0.015472, 0.997314]","[-0.152588, -0.014893, 0.033203]","[[0.994080, 0.079834, -0.073975], [-0.077515, 0.996460, 0.033813], [0.076294, -0.027954, 0.996704]]",0,"[8345, 7948, 7567, 7822]"
45.775852,"[-0.609375, 0.468750, -1.949219]","[-1.898253, 0.866971, 1.439811]","[-1.099998, 0.349998, -0.860683]","[-0.379486, 0.584051, 0.712470]","[0.069336, 0.032715, 0.079102]","[0.014984, 0.035370, 0.039032, 0.998505]","[0.036774, 0.058441, 0.015564, 0.997467]","[-0.063721, -0.213379, 0.007324]","[[0.994446, 0.078979, -0.069458], [-0.076904, 0.996460, 0.032654], [0.071777, -0.027161, 0.997009]]",0,"[8455, 7958, 7476, 7813]"
45.807102,"[-0.648438, 0.476562, -1.960938]","[-1.908814, 0.884074, 1.460522]","[-1.329998, 0.449999, -0.836683]","[-0.341380, 0.583407, 0.701299]","[0.064697, 0.033203, 0.077637]","[0.015350, 0.033051, 0.038330, 0.998627]","[0.032684, 0.045319, 0.016266, 0.998291]","[0.010986, -0.495850, -0.033447]","[[0.994934, 0.077515, -0.064819], [-0.075562, 0.996643, 0.033142], [0.067139, -0.028137, 0.997437]]",0,"[8427, 8001, 7479, 7780]"
45.840305,"[-0.687500, 0.500000, -1.976562]","[-1.918251, 0.901155, 1.480901]","[-1.119999, 0.389999, -0.859610]","[-0.302633, 0.582457, 0.689660]","[0.060547, 0.032959, 0.075928]","[0.015411, 0.030884, 0.037537, 0.998688]","[0.035736, 0.053589, 0.015808, 0.997772]","[0.041992, -0.102051, -0.150635]","[[0.995178, 0.075867, -0.060547], [-0.074036, 0.996643, 0.033020], [0.062744, -0.028503, 0.997559]]",0,"[8331, 7944, 7588, 7831]"
45.871555,"[-0.738281, 0.519531, -1.988281]","[-1.929049, 0.923875, 1.507527]","[-1.359999, 0.459999, -0.884428]","[-0.250047, 0.580710, 0.673434]","[0.054932, 0.032471, 0.074219]","[0.015259, 0.028107, 0.036743, 0.998810]","[0.032379, 0.039368, 0.016510, 0.998535]","[0.033936, -0.027588, -0.039307]","[[0.995667, 0.074219, -0.054993], [-0.072510, 0.996765, 0.032471], [0.057190, -0.028442, 0.997925]]",0,"[8418, 7960, 7462, 7748]"
45.906712,"[-0.777344, 0.527344, -2.007812]","[-1.935788, 0.940864, 1.527071]","[-1.139997, 0.400000, -0.887053]","[-0.209956, 0.579041, 0.660746]","[0.049316, 0.029785, 0.072998]","[0.014099, 0.025177, 0.036194, 0.998932]","[0.036377, 0.047607, 0.016022, 0.998047]","[-0.080078, -0.449707, -0.022461]","[[0.996094, 0.072937, -0.049316], [-0.071594, 0.996948, 0.029907], [0.051270, -0.026367, 0.998291]]",0,"[8329, 7922, 7465, 7789]"
45.937962,"[-0.808594, 0.539062, -2.015625]","[-1.941345, 0.957797, 1.546235]","[-1.139997, 0.409998, -0.860590]","[-0.169351, 0.577063, 0.647626]","[0.043945, 0.028809, 0.071533]","[0.013702, 0.022491, 0.035553, 0.999023]","[0.036469, 0.045776, 0.016083, 0.998138]","[0.065430, -0.216553, -0.044189]","[[0.996460, 0.071594, -0.044006], [-0.070374, 0.997070, 0.028931], [0.045837, -0.025757, 0.998596]]",0,"[8423, 7953, 7371, 7713]"
45.971165,"[-0.859375, 0.558594, -2.027344]","[-1.946891, 0.980280, 1.571181]","[-1.379997, 0.519999, -0.828375]","[-0.114459, 0.573944, 0.629476]","[0.040283, 0.028564, 0.070068]","[0.013702, 0.020691, 0.034851, 0.999084]","[0.031250, 0.030945, 0.016815, 0.998871]","[-0.152588, 0.158447, 0.006836]","[[0.996704, 0.070129, -0.040405], [-0.069031, 0.997192, 0.028748], [0.042236, -0.025940, 0.998718]]",0,"[8375, 7927, 7383, 7701]"
46.006325,"[-0.898438, 0.578125, -2.042969]","[-1.949635, 0.997056, 1.589418]","[-1.139997, 0.429998, -0.829615]","[-0.072778, 0.571244, 0.615386]","[0.035400, 0.029297, 0.068848]","[0.014069, 0.018188, 0.034210, 0.999146]","[0.035889, 0.030762, 0.016693, 0.998718]","[0.059082, -0.462402, -0.032471]","[[0.996948, 0.068848, -0.035400], [-0.067871, 0.997192, 0.029297], [0.037231, -0.026855, 0.998901]]",0,"[8225, 7882, 7540, 7792]"
46.039528,"[-0.937500, 0.589844, -2.054688]","[-1.951382, 1.019292, 1.613079]","[-1.389997, 0.539999, -0.783817]","[-0.016589, 0.567164, 0.595984]","[0.026611, 0.026367, 0.067871]","[0.012848, 0.013794, 0.033813, 0.999237]","[0.030548, 0.002869, 0.017731, 0.999359]","[-0.078125, -0.268799, 0.048584]","[[0.997253, 0.067871, -0.026672], [-0.067261, 0.997314, 0.026550], [0.028381, -0.024719, 0.999207]]",0,"[8375, 7900, 7418, 7777]"
46.072727,"[-0.976562, 0.609375, -2.062500]","[-1.951246, 1.035859, 1.630321]","[-1.139997, 0.469999, -0.722193]","[0.025964, 0.563744, 0.580987]","[0.015137, 0.026855, 0.066406]","[0.013275, 0.008087, 0.033234, 0.999329]","[0.034302, 0.008667, 0.017517, 0.999207]","[0.024414, -0.627441, -0.104980]","[[0.997620, 0.066589, -0.015259], [-0.066223, 0.997437, 0.026978], [0.016968, -0.026001, 0.999512]]",0,"[8264, 7899, 7521, 7824]"
46.105934,"[-1.019531, 0.628906, -2.070312]","[-1.949116, 1.057786, 1.652618]","[-1.149998, 0.469999, -0.725914]","[0.083187, 0.558706, 0.560417]","[0.001953, 0.023438, 0.065186]","[0.011719, 0.001434, 0.032623, 0.999390]","[0.034485, 0.005249, 0.017639, 0.999207]","[-0.043701, -0.214844, -0.076660]","[[0.997803, 0.065186, -0.002075], [-0.065186, 0.997559, 0.023438], [0.003540, -0.023315, 0.999634]]",0,"[8501, 7939, 7378, 7740]"
46.250465,"[-1.097656, 0.656250, -2.097656]","[-1.923886, 1.132747, 1.724071]","[-1.109999, 0.489998, -0.619986]","[0.286530, 0.536802, 0.483682]","[-0.029297, 0.022705, 0.060303]","[0.011902, -0.014404, 0.030334, 0.999359]","[0.037201, -0.000519, 0.017853, 0.999146]","[0.053223, -0.067139, -0.025635]","[[0.997681, 0.060242, 0.029480], [-0.060974, 0.997803, 0.022827], [-0.028137, -0.024658, 0.999268]]",0,"[8382, 7888, 7372, 7747]"
46.252419,"[-1.179688, 0.699219, -2.089844]","[-1.921017, 1.137980, 1.728766]","[-1.299997, 0.629999, -0.590397]","[0.301173, 0.534985, 0.477940]","[-0.029297, 0.022705, 0.060059]","[0.011841, -0.014404, 0.030304, 0.999359]","[0.027557, -0.014648, 0.018219, 0.999329]","[-0.066895, -0.051514, -0.035156]","[[0.997681, 0.060181, 0.029480], [-0.060913, 0.997803, 0.022705], [-0.028137, -0.024536, 0.999268]]",0,"[8384, 7881, 7363, 7764]"
46.32859,"[-1.207031, 0.718750, -2.113281]","[-1.896921, 1.174095, 1.760043]","[-1.049997, 0.519999, -0.575047]","[0.403826, 0.521345, 0.436875]","[-0.047607, 0.016846, 0.058105]","[0.009247, -0.023651, 0.029358, 0.999237]","[0.034760, -0.007202, 0.018066, 0.999176]","[-0.149902, 0.109375, -0.007080]","[[0.997070, 0.058167, 0.047791], [-0.059143, 0.998047, 0.017029], [-0.046814, -0.019836, 0.998657]]",0,"[8434, 7962, 7430, 7843]"
46.33054,"[-1.257812, 0.738281, -2.113281]","[-1.892905, 1.179176, 1.764280]","[-1.269999, 0.639999, -0.543715]","[0.418496, 0.519265, 0.430889]","[-0.049561, 0.016357, 0.058105]","[0.009033, -0.024536, 0.029327, 0.999237]","[0.027435, -0.021118, 0.018372, 0.999207]","[0.084961, -0.766846, -0.028320]","[[0.997070, 0.058105, 0.049561], [-0.059082, 0.998108, 0.016541], [-0.048584, -0.019470, 0.998657]]",0,"[8410, 7980, 7427, 7813]"
46.340305,"[-1.296875, 0.757812, -2.117188]","[-1.888744, 1.184241, 1.768461]","[-1.029999, 0.549999, -0.547592]","[0.433175, 0.517151, 0.424871]","[-0.052246, 0.016113, 0.057861]","[0.008942, -0.025909, 0.029266, 0.999207]","[0.031372, -0.012146, 0.018188, 0.999237]","[-0.024658, -0.078857, 0.062012]","[[0.996948, 0.057983, 0.052307], [-0.058960, 0.998108, 0.016296], [-0.051331, -0.019348, 0.998535]]",0,"[8421, 7980, 7422, 7803]"
46.430145,"[-1.359375, 0.796875, -2.136719]","[-1.844882, 1.228811, 1.803387]","[-1.159998, 0.689999, -0.503260]","[0.564817, 0.496689, 0.369563]","[-0.066895, 0.016113, 0.057373]","[0.009155, -0.033264, 0.028992, 0.998993]","[0.024872, -0.026825, 0.018463, 0.999146]","[-0.052979, 0.155029, 0.040771]","[[0.996094, 0.057312, 0.066956], [-0.058533, 0.998169, 0.016296], [-0.065979, -0.020203, 0.997620]]",0,"[8431, 7992, 7447, 7818]"
46.439915,"[-1.398438, 0.816406, -2.140625]","[-1.839298, 1.233648, 1.806964]","[-0.959999, 0.589998, -0.488234]","[0.579374, 0.494257, 0.363297]","[-0.067871, 0.015869, 0.057373]","[0.008972, -0.033752, 0.028992, 0.998962]","[0.029144, -0.020050, 0.018402, 0.999176]","[-0.131348, 0.014648, 0.062500]","[[0.995972, 0.057312, 0.067932], [-0.058533, 0.998108, 0.015869], [-0.066956, -0.019897, 0.997498]]",0,"[8400, 7970, 7457, 7826]"
46.562962,"[-1.488281, 0.886719, -2.167969]","[-1.761231, 1.289759, 1.845063]","[-0.849998, 0.629999, -0.474611]","[0.752340, 0.462643, 0.286455]","[-0.085938, 0.014160, 0.056396]","[0.008423, -0.042847, 0.028534, 0.998627]","[0.026428, -0.028076, 0.018524, 0.999054]","[-0.056885, -0.258789, 0.022705]","[[0.994629, 0.056213, 0.086060], [-0.057678, 0.998169, 0.014282], [-0.085205, -0.019287, 0.996094]]",0,"[8373, 7942, 7458, 7805]"
