t,p,p_d,v,v_d,Angles,q,q_sp,w,R,T_sp,rpm
31.771046,"[0.066406, 0.046875, -1.125000]","[-0.000006, 0.000003, 0.000003]","[0.009998, 0.009998, 0.049030]","[-0.000237, 0.000110, 0.000100]","[-0.012695, -0.027344, 0.010010]","[-0.013641, -0.006439, 0.005035, 0.999878]","[-0.000580, 0.000732, 0.003052, 0.999969]","[-0.087158, -0.055420, -0.030518]","[[0.999878, 0.010132, 0.012695], [-0.009888, 0.999573, -0.027405], [-0.013062, 0.027161, 0.999512]]",0,"[8237, 8026, 7767, 7951]"
31.812059,"[0.066406, 0.046875, -1.125000]","[-0.000023, 0.000011, 0.000010]","[0.000000, 0.000000, 0.022629]","[-0.000667, 0.000309, 0.000282]","[-0.016602, -0.029053, 0.011719]","[-0.014496, -0.008392, 0.005890, 0.999847]","[-0.000092, 0.000122, 0.003052, 0.999969]","[-0.080811, -0.169678, 0.120361]","[[0.999756, 0.011902, 0.016602], [-0.011536, 0.999512, -0.029114], [-0.016968, 0.028870, 0.999451]]",0,"[8167, 7964, 7744, 7918]"
31.927296,"[0.066406, 0.046875, -1.125000]","[-0.000299, 0.000139, 0.000127]","[0.019999, 0.000000, 0.060551]","[-0.005024, 0.002346, 0.002132]","[-0.023438, -0.031982, 0.015869]","[-0.015869, -0.011963, 0.007812, 0.999786]","[-0.000092, 0.001465, 0.003052, 0.999969]","[-0.007080, -0.284180, 0.015625]","[[0.999634, 0.015930, 0.023621], [-0.015198, 0.999390, -0.031982], [-0.024231, 0.031494, 0.999268]]",0,"[8192, 7968, 7774, 7951]"
31.933159,"[0.066406, 0.046875, -1.125000]","[-0.000351, 0.000163, 0.000149]","[0.039999, 0.000000, 0.037403]","[-0.005697, 0.002662, 0.002418]","[-0.023438, -0.031738, 0.015869]","[-0.015808, -0.011963, 0.007812, 0.999786]","[-0.000092, 0.002441, 0.003052, 0.999969]","[-0.004395, 0.238037, 0.065674]","[[0.999634, 0.015930, 0.023621], [-0.015198, 0.999390, -0.031860], [-0.024231, 0.031372, 0.999268]]",0,"[8151, 7956, 7779, 7944]"
31.935104,"[0.066406, 0.046875, -1.132812]","[-0.000351, 0.000163, 0.000149]","[0.059999, 0.000000, 0.030363]","[-0.005697, 0.002662, 0.002418]","[-0.023926, -0.031982, 0.016113]","[-0.015869, -0.012115, 0.007904, 0.999756]","[-0.000092, 0.003418, 0.003052, 0.999969]","[-0.004883, -0.328369, -0.018799]","[[0.999512, 0.016113, 0.023926], [-0.015381, 0.999268, -0.031982], [-0.024536, 0.031494, 0.999146]]",0,"[8172, 7966, 7785, 7933]"
32.07378,"[0.089844, 0.046875, -1.128906]","[-0.002123, 0.000996, 0.000902]","[0.080000, -0.009998, 0.019077]","[-0.022891, 0.010796, 0.009752]","[-0.022461, -0.032715, 0.020264]","[-0.016235, -0.011414, 0.010071, 0.999756]","[0.000488, 0.005951, 0.003021, 0.999969]","[-0.052490, 0.006592, -0.021973]","[[0.999512, 0.020447, 0.022461], [-0.019714, 0.999268, -0.032715], [-0.023193, 0.032227, 0.999207]]",0,"[8131, 7914, 7749, 7926]"
32.075729,"[0.089844, 0.039062, -1.136719]","[-0.002123, 0.000996, 0.000902]","[0.089998, -0.009998, -0.028435]","[-0.022891, 0.010796, 0.009752]","[-0.022705, -0.032715, 0.020264]","[-0.016235, -0.011536, 0.009979, 0.999756]","[0.000854, 0.006561, 0.003021, 0.999969]","[0.028076, -0.011719, 0.101807]","[[0.999512, 0.020264, 0.022705], [-0.019531, 0.999268, -0.032715], [-0.023438, 0.032227, 0.999207]]",0,"[8161, 7889, 7763, 7907]"
32.10112,"[0.089844, 0.039062, -1.136719]","[-0.002879, 0.001353, 0.001225]","[0.109999, -0.019999, -0.015089]","[-0.028896, 0.013657, 0.012322]","[-0.022217, -0.032715, 0.020996]","[-0.016296, -0.011383, 0.010437, 0.999756]","[0.001465, 0.007538, 0.003021, 0.999939]","[-0.044189, 0.073730, 0.017578]","[[0.999512, 0.021179, 0.022400], [-0.020447, 0.999268, -0.032837], [-0.023132, 0.032349, 0.999207]]",0,"[8152, 7889, 7728, 7881]"
32.259331,"[0.097656, 0.039062, -1.136719]","[-0.010878, 0.005161, 0.004645]","[0.129999, -0.019999, -0.030382]","[-0.078847, 0.037728, 0.033783]","[-0.014893, -0.029297, 0.026367]","[-0.014618, -0.007690, 0.013153, 0.999786]","[0.001709, 0.009735, 0.003021, 0.999939]","[0.009521, 0.217041, 0.057617]","[[0.999573, 0.026428, 0.014954], [-0.026062, 0.999207, -0.029480], [-0.015808, 0.028992, 0.999451]]",0,"[8129, 7856, 7771, 7907]"
32.261284,"[0.109375, 0.039062, -1.136719]","[-0.010878, 0.005161, 0.004645]","[0.119999, -0.029999, -0.020700]","[-0.078847, 0.037728, 0.033783]","[-0.014893, -0.029541, 0.026611]","[-0.014648, -0.007751, 0.013336, 0.999786]","[0.002197, 0.009979, 0.003021, 0.999939]","[-0.042725, -0.075439, 0.122070]","[[0.999573, 0.026794, 0.015076], [-0.026428, 0.999207, -0.029541], [-0.015930, 0.029053, 0.999451]]",0,"[8131, 7875, 7782, 7922]"
32.269089,"[0.109375, 0.039062, -1.140625]","[-0.011669, 0.005539, 0.004984]","[0.160000, -0.029999, -0.024017]","[-0.083078, 0.039786, 0.035607]","[-0.014893, -0.029297, 0.026855]","[-0.014587, -0.007690, 0.013367, 0.999786]","[0.002350, 0.012054, 0.003021, 0.999908]","[0.010498, -0.122803, -0.037842]","[[0.999512, 0.026855, 0.014954], [-0.026489, 0.999207, -0.029419], [-0.015808, 0.028931, 0.999451]]",0,"[8110, 7862, 7790, 7928]"
32.302292,"[0.117188, 0.039062, -1.140625]","[-0.015266, 0.007264, 0.006527]","[0.150000, -0.039999, -0.037790]","[-0.101411, 0.048730, 0.043521]","[-0.013428, -0.028809, 0.027344]","[-0.014282, -0.006958, 0.013672, 0.999786]","[0.002960, 0.012299, 0.002991, 0.999908]","[0.074951, 0.161621, 0.031006]","[[0.999512, 0.027466, 0.013489], [-0.027100, 0.999207, -0.028809], [-0.014343, 0.028320, 0.999512]]",0,"[8148, 7912, 7765, 7912]"
32.341354,"[0.128906, 0.039062, -1.144531]","[-0.019622, 0.009361, 0.008397]","[0.179998, -0.039999, -0.045734]","[-0.122026, 0.058842, 0.052439]","[-0.010742, -0.028076, 0.028564]","[-0.013947, -0.005676, 0.014252, 0.999786]","[0.003082, 0.014862, 0.002991, 0.999878]","[0.030273, 0.260254, 0.101318]","[[0.999512, 0.028564, 0.010925], [-0.028320, 0.999207, -0.028076], [-0.011780, 0.027710, 0.999512]]",0,"[8145, 7890, 7775, 7918]"
32.370651,"[0.128906, 0.039062, -1.148438]","[-0.023441, 0.011206, 0.010040]","[0.160000, -0.029999, -0.061859]","[-0.139010, 0.067213, 0.059800]","[-0.009033, -0.027100, 0.029053]","[-0.013519, -0.004822, 0.014587, 0.999786]","[0.002838, 0.014496, 0.002991, 0.999878]","[0.098877, 0.086182, 0.021484]","[[0.999451, 0.029236, 0.009216], [-0.028992, 0.999146, -0.027222], [-0.010071, 0.026855, 0.999512]]",0,"[8145, 7901, 7798, 7933]"
32.403862,"[0.128906, 0.027344, -1.152344]","[-0.027779, 0.013306, 0.011906]","[0.160000, -0.039999, -0.075773]","[-0.157313, 0.076275, 0.067747]","[-0.006104, -0.026855, 0.030029]","[-0.013458, -0.003357, 0.015076, 0.999786]","[0.004181, 0.014984, 0.002960, 0.999847]","[-0.049805, 0.251709, 0.087402]","[[0.999451, 0.030151, 0.006287], [-0.030029, 0.999146, -0.027039], [-0.007141, 0.026794, 0.999573]]",0,"[8151, 7875, 7818, 7913]"
32.437061,"[0.148438, 0.027344, -1.152344]","[-0.032673, 0.015682, 0.014015]","[0.209999, -0.029999, -0.074020]","[-0.176938, 0.086036, 0.076282]","[-0.004639, -0.027100, 0.030762]","[-0.013519, -0.002625, 0.015472, 0.999786]","[0.004181, 0.019135, 0.002960, 0.999786]","[-0.009277, -0.169434, -0.044434]","[[0.999451, 0.030945, 0.004822], [-0.030823, 0.999146, -0.027161], [-0.005676, 0.026917, 0.999573]]",0,"[8168, 7861, 7799, 7975]"
32.567921,"[0.156250, 0.027344, -1.160156]","[-0.063973, 0.031018, 0.027549]","[0.169998, -0.049999, -0.125494]","[-0.285482, 0.140827, 0.123761]","[0.005615, -0.023438, 0.033936]","[-0.011749, 0.002686, 0.017059, 0.999786]","[0.006500, 0.020844, 0.002899, 0.999756]","[0.191895, -0.314697, 0.036865]","[[0.999390, 0.033936, -0.005737], [-0.034180, 0.999146, -0.023438], [0.004883, 0.023560, 0.999695]]",0,"[8193, 7908, 7863, 7964]"
32.573776,"[0.179688, 0.027344, -1.160156]","[-0.063973, 0.031018, 0.027549]","[0.209999, -0.039999, -0.082989]","[-0.285482, 0.140827, 0.123761]","[0.007080, -0.023682, 0.033936]","[-0.011932, 0.003357, 0.017059, 0.999786]","[0.006042, 0.024261, 0.002899, 0.999664]","[-0.091309, -0.014160, -0.004395]","[[0.999390, 0.033936, -0.007080], [-0.034180, 0.999146, -0.023804], [0.006226, 0.023926, 0.999695]]",0,"[8176, 7910, 7846, 7980]"
32.620655,"[0.179688, 0.019531, -1.160156]","[-0.078997, 0.038451, 0.034070]","[0.179998, -0.039999, -0.083862]","[-0.330636, 0.164016, 0.143644]","[0.009033, -0.021973, 0.035156]","[-0.011139, 0.004333, 0.017670, 0.999786]","[0.007019, 0.024261, 0.002869, 0.999664]","[0.214355, -0.280273, 0.022461]","[[0.999390, 0.035156, -0.009033], [-0.035400, 0.999146, -0.022156], [0.008179, 0.022400, 0.999756]]",0,"[8237, 7973, 7832, 7970]"
32.64019,"[0.179688, 0.019531, -1.160156]","[-0.085639, 0.041750, 0.036956]","[0.199999, -0.039999, -0.067982]","[-0.349570, 0.173810, 0.152004]","[0.011719, -0.021484, 0.035400]","[-0.010834, 0.005768, 0.017883, 0.999786]","[0.007507, 0.026093, 0.002838, 0.999603]","[-0.247803, 0.312256, 0.049072]","[[0.999329, 0.035522, -0.011902], [-0.035889, 0.999207, -0.021484], [0.011047, 0.021851, 0.999756]]",0,"[8219, 7964, 7897, 7997]"
32.673389,"[0.187500, 0.019531, -1.164062]","[-0.100057, 0.048935, 0.043231]","[0.169998, -0.039999, -0.042425]","[-0.388839, 0.194256, 0.169387]","[0.013916, -0.019775, 0.036865]","[-0.010010, 0.006866, 0.018555, 0.999756]","[0.007996, 0.026215, 0.002838, 0.999603]","[0.188232, -0.154053, 0.027832]","[[0.999207, 0.036865, -0.014099], [-0.037231, 0.999084, -0.019775], [0.013245, 0.020264, 0.999695]]",0,"[8239, 7970, 7927, 8014]"
32.741745,"[0.207031, 0.019531, -1.164062]","[-0.129098, 0.063509, 0.055904]","[0.199999, -0.049999, -0.089397]","[-0.461642, 0.232654, 0.201774]","[0.019287, -0.016846, 0.038818]","[-0.008606, 0.009491, 0.019562, 0.999725]","[0.009949, 0.031311, 0.002716, 0.999451]","[0.307373, -0.154053, 0.054443]","[[0.999023, 0.038879, -0.019287], [-0.039246, 0.999023, -0.016846], [0.018555, 0.017578, 0.999634]]",0,"[8300, 8020, 7954, 8059]"
32.874557,"[0.218750, 0.007812, -1.171875]","[-0.196858, 0.097972, 0.085624]","[0.160000, -0.039999, -0.106512]","[-0.607806, 0.311839, 0.267469]","[0.029785, -0.010010, 0.043213]","[-0.005402, 0.014832, 0.021790, 0.999634]","[0.013245, 0.036804, 0.002533, 0.999207]","[0.152588, 0.059570, 0.034668]","[[0.998535, 0.043335, -0.029846], [-0.043701, 0.998962, -0.010193], [0.029358, 0.011414, 0.999451]]",0,"[8373, 8085, 7997, 8093]"
32.878464,"[0.226562, 0.007812, -1.175781]","[-0.202849, 0.101048, 0.088261]","[0.189999, -0.029999, -0.083958]","[-0.619486, 0.318298, 0.272761]","[0.030273, -0.009521, 0.043457]","[-0.005157, 0.015137, 0.021851, 0.999634]","[0.013031, 0.039124, 0.002533, 0.999146]","[0.021240, 0.121338, 0.018799]","[[0.998535, 0.043457, -0.030457], [-0.043823, 0.998962, -0.009705], [0.029968, 0.010925, 0.999451]]",0,"[8367, 8068, 8013, 8089]"
33.017143,"[0.238281, 0.007812, -1.187500]","[-0.298897, 0.150958, 0.130731]","[0.139999, -0.029999, -0.177828]","[-0.786306, 0.413051, 0.349122]","[0.043701, -0.002686, 0.047607]","[-0.001892, 0.021912, 0.023895, 0.999451]","[0.017548, 0.046204, 0.002228, 0.998749]","[0.138184, 0.264404, 0.059082]","[[0.997803, 0.047607, -0.043884], [-0.047852, 0.998718, -0.002747], [0.043640, 0.004822, 0.998901]]",0,"[8443, 8102, 8005, 8134]"
33.019093,"[0.250000, 0.007812, -1.191406]","[-0.298897, 0.150958, 0.130731]","[0.119999, 0.000000, -0.172110]","[-0.786306, 0.413051, 0.349122]","[0.044434, -0.002686, 0.047607]","[-0.001923, 0.022217, 0.023926, 0.999451]","[0.016083, 0.046082, 0.002289, 0.998779]","[-0.040527, 0.299561, 0.027344]","[[0.997803, 0.047668, -0.044495], [-0.047913, 0.998779, -0.002808], [0.044250, 0.004883, 0.998901]]",0,"[8438, 8097, 8013, 8119]"
33.044479,"[0.257812, 0.007812, -1.195312]","[-0.322461, 0.163368, 0.141204]","[0.129999, -0.019999, -0.197227]","[-0.822297, 0.434187, 0.365811]","[0.045410, -0.001221, 0.048096]","[-0.001160, 0.022797, 0.024139, 0.999451]","[0.018158, 0.048737, 0.002136, 0.998627]","[0.136719, -0.201416, -0.002197]","[[0.997803, 0.048157, -0.045593], [-0.048279, 0.998840, -0.001221], [0.045471, 0.003418, 0.998962]]",0,"[8417, 8090, 8046, 8131]"
33.097214,"[0.257812, 0.007812, -1.203125]","[-0.364090, 0.185448, 0.159755]","[0.099998, -0.009998, -0.217592]","[-0.881962, 0.469871, 0.393677]","[0.049561, 0.000977, 0.049316]","[-0.000031, 0.024872, 0.024750, 0.999390]","[0.019623, 0.051544, 0.002014, 0.998474]","[-0.037354, -0.124756, -0.000244]","[[0.997559, 0.049377, -0.049744], [-0.049500, 0.998779, 0.001160], [0.049622, 0.001282, 0.998779]]",0,"[8459, 8117, 7990, 8087]"
33.110889,"[0.257812, 0.007812, -1.210938]","[-0.372744, 0.190063, 0.163619]","[0.080000, 0.000000, -0.297977]","[-0.893780, 0.477042, 0.399229]","[0.050781, 0.002197, 0.049561]","[0.000519, 0.025482, 0.024872, 0.999390]","[0.019745, 0.051544, 0.002014, 0.998444]","[0.156738, -0.088623, -0.048584]","[[0.997559, 0.049683, -0.050903], [-0.049683, 0.998840, 0.002197], [0.050903, 0.000244, 0.998779]]",0,"[8458, 8124, 8003, 8109]"
33.251514,"[0.269531, 0.007812, -1.234375]","[-0.516375, 0.267888, 0.228139]","[0.070000, 0.000000, -0.370356]","[-1.064895, 0.585658, 0.481043]","[0.066650, 0.010498, 0.052246]","[0.004486, 0.033478, 0.025970, 0.999084]","[0.026306, 0.064117, 0.001343, 0.997589]","[0.102539, -0.267090, -0.029541]","[[0.996338, 0.052124, -0.066650], [-0.051636, 0.998535, 0.010620], [0.067017, -0.007202, 0.997681]]",0,"[8470, 8164, 7991, 8086]"
33.253468,"[0.269531, 0.007812, -1.242188]","[-0.516375, 0.267888, 0.228139]","[0.009998, 0.019999, -0.431664]","[-1.064895, 0.585658, 0.481043]","[0.066406, 0.010986, 0.052246]","[0.004730, 0.033478, 0.025940, 0.999084]","[0.025452, 0.061310, 0.001465, 0.997772]","[0.257324, 0.015137, -0.026367]","[[0.996338, 0.052124, -0.066589], [-0.051514, 0.998535, 0.011108], [0.067078, -0.007690, 0.997681]]",0,"[8472, 8170, 7996, 8074]"
33.28862,"[0.269531, 0.007812, -1.257812]","[-0.558819, 0.291334, 0.247344]","[0.009998, 0.009998, -0.429642]","[-1.107570, 0.614511, 0.501972]","[0.071777, 0.012207, 0.052734]","[0.005219, 0.036102, 0.026245, 0.998993]","[0.027740, 0.064606, 0.001221, 0.997498]","[0.156250, -0.133057, -0.007080]","[[0.995972, 0.052795, -0.071838], [-0.052063, 0.998535, 0.012268], [0.072327, -0.008484, 0.997314]]",0,"[8417, 8065, 8009, 8123]"
33.312057,"[0.269531, 0.019531, -1.261719]","[-0.580650, 0.303474, 0.257247]","[-0.009998, 0.049999, -0.400127]","[-1.128286, 0.628851, 0.512230]","[0.074219, 0.013916, 0.053467]","[0.006073, 0.037354, 0.026489, 0.998932]","[0.026306, 0.066071, 0.001282, 0.997467]","[0.010498, -0.024414, 0.006104]","[[0.995789, 0.053345, -0.074280], [-0.052490, 0.998474, 0.014038], [0.074890, -0.010132, 0.997070]]",0,"[8440, 8104, 7990, 8099]"
33.345261,"[0.269531, 0.019531, -1.277344]","[-0.614164, 0.322218, 0.272482]","[-0.039999, 0.039999, -0.445957]","[-1.158537, 0.650240, 0.527341]","[0.076904, 0.017822, 0.053711]","[0.007935, 0.038727, 0.026550, 0.998871]","[0.028595, 0.067871, 0.001068, 0.997253]","[-0.229248, 0.442871, -0.001221]","[[0.995605, 0.053650, -0.076965], [-0.052429, 0.998474, 0.017822], [0.077698, -0.013794, 0.996887]]",0,"[8419, 8125, 7972, 8034]"
33.378468,"[0.269531, 0.019531, -1.285156]","[-0.660167, 0.348163, 0.293459]","[-0.070000, 0.059999, -0.491241]","[-1.197145, 0.678432, 0.546886]","[0.079102, 0.018799, 0.054199]","[0.008423, 0.039795, 0.026855, 0.998810]","[0.029572, 0.069580, 0.000946, 0.997131]","[0.186523, -0.246338, 0.022949]","[[0.995361, 0.054199, -0.079041], [-0.052979, 0.998352, 0.018921], [0.079895, -0.014648, 0.996643]]",0,"[8457, 8122, 7954, 8101]"
33.41362,"[0.257812, 0.027344, -1.304688]","[-0.695660, 0.368353, 0.309696]","[-0.059999, 0.059999, -0.516272]","[-1.224740, 0.699311, 0.561067]","[0.083252, 0.021484, 0.054932]","[0.009674, 0.041962, 0.027069, 0.998688]","[0.031128, 0.073242, 0.000732, 0.996796]","[-0.028320, 0.010986, 0.001465]","[[0.994934, 0.054810, -0.083313], [-0.053223, 0.998230, 0.021545], [0.084290, -0.017029, 0.996216]]",0,"[8419, 8106, 7977, 8062]"
33.446823,"[0.257812, 0.027344, -1.312500]","[-0.744169, 0.396195, 0.331962]","[-0.099998, 0.070000, -0.573217]","[-1.259510, 0.726686, 0.579242]","[0.085693, 0.023438, 0.055176]","[0.010590, 0.043182, 0.027191, 0.998627]","[0.032593, 0.074829, 0.000549, 0.996643]","[0.097168, 0.040283, 0.027832]","[[0.994690, 0.055115, -0.085693], [-0.053406, 0.998230, 0.023438], [0.086792, -0.018799, 0.995972]]",0,"[8451, 8085, 7920, 8043]"
33.480026,"[0.250000, 0.027344, -1.328125]","[-0.781442, 0.417787, 0.349129]","[-0.139999, 0.099998, -0.613459]","[-1.284013, 0.746854, 0.592300]","[0.089844, 0.025879, 0.055908]","[0.011810, 0.045349, 0.027435, 0.998505]","[0.033173, 0.075928, 0.000488, 0.996552]","[0.026367, 0.114014, -0.044922]","[[0.994263, 0.055786, -0.089905], [-0.053711, 0.998108, 0.026001], [0.091125, -0.021118, 0.995483]]",0,"[8443, 8058, 7918, 8053]"
33.513233,"[0.250000, 0.039062, -1.339844]","[-0.832205, 0.447480, 0.372595]","[-0.150000, 0.089998, -0.641970]","[-1.314434, 0.773177, 0.608876]","[0.093506, 0.029541, 0.056396]","[0.013489, 0.047211, 0.027527, 0.998413]","[0.034882, 0.079224, 0.000244, 0.996216]","[0.126465, 0.148682, 0.082031]","[[0.993958, 0.056152, -0.093506], [-0.053711, 0.998108, 0.029480], [0.094971, -0.024353, 0.995117]]",0,"[8392, 8070, 7908, 8017]"
33.546436,"[0.238281, 0.039062, -1.355469]","[-0.871011, 0.470406, 0.390599]","[-0.209999, 0.129999, -0.630795]","[-1.335466, 0.792444, 0.620637]","[0.096436, 0.030518, 0.056396]","[0.013916, 0.048676, 0.027557, 0.998322]","[0.035370, 0.079224, 0.000183, 0.996216]","[-0.004395, 0.040771, -0.055420]","[[0.993652, 0.056335, -0.096436], [-0.053650, 0.997986, 0.030396], [0.097900, -0.025146, 0.994751]]",0,"[8433, 8053, 7883, 8025]"
33.579636,"[0.226562, 0.039062, -1.371094]","[-0.910426, 0.493899, 0.408947]","[-0.209999, 0.119999, -0.707930]","[-1.354916, 0.811285, 0.631801]","[0.098877, 0.033203, 0.056641]","[0.015259, 0.049957, 0.027496, 0.998260]","[0.037872, 0.082397, -0.000092, 0.995850]","[0.137695, 0.150391, 0.022949]","[[0.993469, 0.056335, -0.098938], [-0.053406, 0.997986, 0.033203], [0.100525, -0.027710, 0.994507]]",0,"[8388, 8050, 7875, 7986]"
33.614803,"[0.226562, 0.039062, -1.390625]","[-0.963829, 0.526076, 0.433907]","[-0.240000, 0.119999, -0.677662]","[-1.378302, 0.835687, 0.645710]","[0.101562, 0.034912, 0.056641]","[0.016022, 0.051361, 0.027435, 0.998169]","[0.040283, 0.084961, -0.000397, 0.995544]","[0.006348, -0.156982, -0.083740]","[[0.993164, 0.056335, -0.101624], [-0.053162, 0.997925, 0.034790], [0.103333, -0.029175, 0.994141]]",0,"[8437, 8037, 7869, 8007]"
33.665577,"[0.218750, 0.046875, -1.406250]","[-1.031746, 0.567594, 0.465823]","[-0.289999, 0.179998, -0.696905]","[-1.403239, 0.864924, 0.661435]","[0.106445, 0.040283, 0.056885]","[0.018677, 0.053741, 0.027405, 0.998016]","[0.040283, 0.087891, -0.000519, 0.995300]","[-0.055664, 0.211426, -0.021973]","[[0.992737, 0.056641, -0.106262], [-0.052734, 0.997803, 0.040161], [0.108215, -0.034302, 0.993530]]",0,"[8407, 8074, 7836, 7978]"
33.771046,"[0.207031, 0.058594, -1.441406]","[-1.184713, 0.663743, 0.538452]","[-0.289999, 0.160000, -0.677097]","[-1.440488, 0.923818, 0.689102]","[0.116699, 0.047363, 0.056396]","[0.022064, 0.059021, 0.026855, 0.997650]","[0.048279, 0.099487, -0.001801, 0.993835]","[0.156250, 0.016846, 0.077393]","[[0.991516, 0.056091, -0.116577], [-0.050964, 0.997559, 0.047119], [0.118896, -0.040894, 0.992004]]",0,"[8479, 8095, 7804, 7996]"
33.773003,"[0.179688, 0.066406, -1.437500]","[-1.184713, 0.663743, 0.538452]","[-0.349998, 0.179998, -0.677340]","[-1.440488, 0.923818, 0.689102]","[0.117676, 0.047607, 0.056152]","[0.022217, 0.059479, 0.026764, 0.997620]","[0.047241, 0.095337, -0.001495, 0.994293]","[0.113281, 0.256104, -0.021484]","[[0.991455, 0.055969, -0.117493], [-0.050720, 0.997498, 0.047485], [0.119812, -0.041138, 0.991882]]",0,"[8475, 8103, 7814, 7996]"
33.782764,"[0.167969, 0.078125, -1.445312]","[-1.198785, 0.672785, 0.545188]","[-0.379999, 0.199999, -0.685642]","[-1.442631, 0.928772, 0.691120]","[0.118408, 0.048828, 0.056396]","[0.022797, 0.059937, 0.026825, 0.997589]","[0.046143, 0.094482, -0.001343, 0.994446]","[0.104248, -0.031006, 0.083008]","[[0.991394, 0.056152, -0.118347], [-0.050781, 0.997498, 0.048645], [0.120789, -0.042297, 0.991760]]",0,"[8476, 8095, 7840, 7988]"
33.925343,"[0.136719, 0.089844, -1.496094]","[-1.411180, 0.813850, 0.648125]","[-0.449999, 0.230000, -0.719181]","[-1.449159, 0.994416, 0.710967]","[0.130371, 0.057617, 0.053711]","[0.027130, 0.065887, 0.024963, 0.997162]","[0.054962, 0.105835, -0.002838, 0.992828]","[0.008789, 0.299316, 0.034668]","[[0.990112, 0.053284, -0.130005], [-0.046204, 0.997314, 0.057312], [0.132690, -0.050842, 0.989868]]",0,"[8495, 8073, 7752, 8006]"
33.927292,"[0.109375, 0.109375, -1.500000]","[-1.411180, 0.813850, 0.648125]","[-0.509998, 0.259998, -0.718401]","[-1.449159, 0.994416, 0.710967]","[0.130371, 0.057861, 0.053711]","[0.027161, 0.065887, 0.025024, 0.997131]","[0.052734, 0.101685, -0.002380, 0.993408]","[0.192871, -0.044678, -0.090576]","[[0.989990, 0.053406, -0.130005], [-0.046326, 0.997192, 0.057434], [0.132690, -0.050842, 0.989746]]",0,"[8495, 8072, 7768, 7989]"
33.964401,"[0.089844, 0.128906, -1.515625]","[-1.467685, 0.852993, 0.675945]","[-0.549999, 0.289999, -0.733864]","[-1.442681, 1.009032, 0.712857]","[0.132812, 0.061279, 0.052734]","[0.028931, 0.067169, 0.024323, 0.997009]","[0.053070, 0.102783, -0.002472, 0.993256]","[0.165527, -0.044678, -0.106689]","[[0.989685, 0.052307, -0.132507], [-0.044617, 0.997009, 0.060913], [0.135315, -0.054443, 0.989197]]",0,"[8434, 8090, 7787, 7995]"
34.058155,"[0.039062, 0.136719, -1.550781]","[-1.593403, 0.942953, 0.738597]","[-0.609999, 0.309999, -0.728500]","[-1.415574, 1.037263, 0.711790]","[0.136475, 0.064453, 0.049072]","[0.030579, 0.069031, 0.022369, 0.996918]","[0.059174, 0.107452, -0.003387, 0.992432]","[-0.082031, 0.180664, 0.008301]","[[0.989502, 0.048767, -0.136292], [-0.040344, 0.997192, 0.063965], [0.138977, -0.057861, 0.988647]]",0,"[8489, 8059, 7712, 7930]"
34.060104,"[0.019531, 0.156250, -1.558594]","[-1.607207, 0.953096, 0.745545]","[-0.779999, 0.409998, -0.764694]","[-1.411483, 1.039992, 0.711212]","[0.135742, 0.064453, 0.049072]","[0.030609, 0.068665, 0.022339, 0.996918]","[0.053345, 0.098419, -0.002258, 0.993683]","[0.062988, -0.360840, -0.032715]","[[0.989502, 0.048645, -0.135559], [-0.040344, 0.997070, 0.064026], [0.138245, -0.057922, 0.988647]]",0,"[8479, 8080, 7706, 7960]"
34.122616,"[-0.027344, 0.187500, -1.582031]","[-1.689108, 1.014480, 0.787080]","[-0.729998, 0.359999, -0.796923]","[-1.382604, 1.054654, 0.705823]","[0.136963, 0.065674, 0.046631]","[0.031219, 0.069214, 0.021088, 0.996887]","[0.058960, 0.104645, -0.003204, 0.992737]","[0.060303, -0.319580, -0.049561]","[[0.989441, 0.046265, -0.136658], [-0.037720, 0.997070, 0.065063], [0.139221, -0.059326, 0.988403]]",0,"[8455, 8013, 7693, 7960]"
34.26519,"[-0.066406, 0.207031, -1.644531]","[-1.884551, 1.170927, 0.888687]","[-0.899998, 0.480000, -0.774263]","[-1.278457, 1.078194, 0.678097]","[0.142578, 0.077148, 0.041260]","[0.037109, 0.072083, 0.017914, 0.996552]","[0.063721, 0.108459, -0.003937, 0.992035]","[0.146973, 0.053223, -0.099609]","[[0.988953, 0.040955, -0.142334], [-0.030334, 0.996582, 0.076477], [0.144897, -0.071350, 0.986816]]",0,"[8456, 8016, 7562, 7857]"
34.267139,"[-0.148438, 0.250000, -1.636719]","[-1.884551, 1.170927, 0.888687]","[-0.869999, 0.459999, -0.759983]","[-1.278457, 1.078194, 0.678097]","[0.142578, 0.078125, 0.041504]","[0.037506, 0.072083, 0.017944, 0.996521]","[0.062683, 0.105408, -0.003632, 0.992432]","[0.220459, 0.032959, 0.041504]","[[0.988892, 0.041077, -0.142273], [-0.030334, 0.996460, 0.077271], [0.144958, -0.072144, 0.986694]]",0,"[8415, 8017, 7574, 7842]"
34.327682,"[-0.218750, 0.277344, -1.667969]","[-1.957920, 1.234236, 0.927946]","[-0.949999, 0.489998, -0.789093]","[-1.224681, 1.082324, 0.661412]","[0.145020, 0.080322, 0.040039]","[0.038696, 0.073242, 0.017090, 0.996429]","[0.064514, 0.103119, -0.003693, 0.992554]","[-0.014648, -0.189209, 0.011963]","[[0.988708, 0.039673, -0.144653], [-0.028442, 0.996399, 0.079590], [0.147217, -0.074585, 0.986267]]",0,"[8403, 7975, 7598, 7889]"
34.353081,"[-0.250000, 0.296875, -1.679688]","[-1.993386, 1.265970, 0.947192]","[-0.979998, 0.519999, -0.785482]","[-1.195366, 1.083267, 0.651917]","[0.143799, 0.080811, 0.039062]","[0.038910, 0.072601, 0.016602, 0.996460]","[0.063904, 0.102020, -0.003540, 0.992706]","[0.131592, -0.171631, -0.134277]","[[0.988831, 0.038696, -0.143372], [-0.027466, 0.996338, 0.079895], [0.145935, -0.075134, 0.986389]]",0,"[8387, 7975, 7548, 7889]"
34.470272,"[-0.289062, 0.328125, -1.714844]","[-2.125952, 1.392832, 1.021045]","[-1.209997, 0.659998, -0.705145]","[-1.062756, 1.079504, 0.606352]","[0.141846, 0.083252, 0.035889]","[0.040344, 0.071594, 0.014984, 0.996490]","[0.065063, 0.097748, -0.003387, 0.993073]","[-0.079834, 0.142578, 0.050049]","[[0.989197, 0.035583, -0.141479], [-0.024109, 0.996155, 0.082520], [0.143799, -0.078247, 0.986389]]",0,"[8396, 7934, 7463, 7815]"
34.472221,"[-0.367188, 0.359375, -1.714844]","[-2.125952, 1.392832, 1.021045]","[-1.089998, 0.579998, -0.705145]","[-1.062756, 1.079504, 0.606352]","[0.141846, 0.083252, 0.035889]","[0.040344, 0.071594, 0.014984, 0.996490]","[0.067322, 0.099365, -0.003723, 0.992737]","[-0.079834, 0.142578, 0.050049]","[[0.989197, 0.035583, -0.141479], [-0.024109, 0.996155, 0.082520], [0.143799, -0.078247, 0.986389]]",0,"[8413, 7923, 7477, 7820]"
34.485897,"[-0.406250, 0.386719, -1.726562]","[-2.136240, 1.403340, 1.026928]","[-1.339998, 0.739998, -0.734047]","[-1.050676, 1.078648, 0.602027]","[0.142334, 0.083984, 0.035645]","[0.040710, 0.071838, 0.014801, 0.996490]","[0.059143, 0.085632, -0.002045, 0.994537]","[-0.087402, 0.085205, 0.085205]","[[0.989258, 0.035278, -0.141968], [-0.023682, 0.996277, 0.083191], [0.144287, -0.079041, 0.986389]]",0,"[8340, 7885, 7536, 7895]"
34.519093,"[-0.437500, 0.406250, -1.738281]","[-2.176313, 1.445395, 1.050095]","[-1.159998, 0.639999, -0.763451]","[-1.000837, 1.074437, 0.583945]","[0.137451, 0.084961, 0.034912]","[0.041229, 0.069336, 0.014557, 0.996643]","[0.065338, 0.095093, -0.003235, 0.993286]","[0.113525, -0.672852, -0.101807]","[[0.989929, 0.034668, -0.137024], [-0.023315, 0.996155, 0.084167], [0.139343, -0.080139, 0.986938]]",0,"[8231, 7843, 7642, 7891]"
34.554249,"[-0.500000, 0.429688, -1.753906]","[-2.205064, 1.476818, 1.066992]","[-1.409998, 0.789999, -0.687963]","[-0.961870, 1.070393, 0.569551]","[0.129395, 0.080566, 0.033691]","[0.039185, 0.065338, 0.014313, 0.996979]","[0.059784, 0.081268, -0.001831, 0.994873]","[-0.240723, 0.095703, 0.059814]","[[0.990967, 0.033569, -0.129150], [-0.023438, 0.996399, 0.079956], [0.131348, -0.076294, 0.988281]]",0,"[8545, 7927, 7357, 7773]"
34.587452,"[-0.539062, 0.457031, -1.765625]","[-2.241589, 1.518507, 1.088851]","[-1.209997, 0.669998, -0.687565]","[-0.908003, 1.063869, 0.549307]","[0.124268, 0.080811, 0.034180]","[0.039368, 0.062775, 0.014587, 0.997131]","[0.066345, 0.090698, -0.003021, 0.993652]","[0.049072, -0.404785, 0.014160]","[[0.991577, 0.033936, -0.124084], [-0.024170, 0.996399, 0.080322], [0.126282, -0.076660, 0.988892]]",0,"[8358, 7942, 7458, 7774]"
34.716362,"[-0.566406, 0.488281, -1.808594]","[-2.345085, 1.651802, 1.154026]","[-1.249998, 0.699999, -0.713978]","[-0.718918, 1.033730, 0.475422]","[0.118408, 0.080322, 0.036377]","[0.039124, 0.059967, 0.015869, 0.997314]","[0.072937, 0.093689, -0.003845, 0.992889]","[0.022949, -0.083740, -0.000244]","[[0.992310, 0.036255, -0.118347], [-0.026978, 0.996399, 0.079895], [0.120789, -0.076111, 0.989746]]",0,"[8387, 7803, 7332, 7718]"
34.720264,"[-0.667969, 0.539062, -1.785156]","[-2.345085, 1.651802, 1.154026]","[-1.289997, 0.739998, -0.601435]","[-0.718918, 1.033730, 0.475422]","[0.118164, 0.081299, 0.036621]","[0.039520, 0.059784, 0.015961, 0.997314]","[0.068573, 0.085938, -0.002899, 0.993927]","[0.192139, 0.087891, 0.117188]","[[0.992371, 0.036499, -0.117981], [-0.027100, 0.996399, 0.080688], [0.120422, -0.076904, 0.989746]]",0,"[8419, 7784, 7333, 7735]"
34.722221,"[-0.726562, 0.566406, -1.785156]","[-2.345085, 1.651802, 1.154026]","[-1.599998, 0.919998, -0.594065]","[-0.718918, 1.033730, 0.475422]","[0.118652, 0.081299, 0.036865]","[0.039520, 0.059998, 0.016022, 0.997314]","[0.058441, 0.067200, -0.000885, 0.996002]","[-0.094727, 0.100098, -0.008057]","[[0.992371, 0.036621, -0.118408], [-0.027222, 0.996399, 0.080688], [0.120850, -0.076904, 0.989746]]",0,"[8395, 7773, 7325, 7731]"
34.771046,"[-0.769531, 0.597656, -1.800781]","[-2.378303, 1.701915, 1.176477]","[-1.349998, 0.789999, -0.612179]","[-0.641140, 1.018556, 0.443920]","[0.111084, 0.079346, 0.038330]","[0.038605, 0.056335, 0.016998, 0.997498]","[0.066223, 0.078735, -0.002197, 0.994659]","[-0.134277, -0.482910, -0.003906]","[[0.992920, 0.038208, -0.111084], [-0.029541, 0.996277, 0.078857], [0.113647, -0.075073, 0.990540]]",0,"[8301, 7763, 7483, 7787]"
34.788624,"[-0.828125, 0.628906, -1.804688]","[-2.390503, 1.721743, 1.185020]","[-1.639997, 0.969997, -0.597376]","[-0.609360, 1.011951, 0.430865]","[0.105713, 0.075195, 0.038574]","[0.036621, 0.053589, 0.017395, 0.997742]","[0.057129, 0.061340, -0.000458, 0.996460]","[0.010254, -0.261963, 0.091553]","[[0.993591, 0.038574, -0.105713], [-0.030762, 0.996704, 0.074890], [0.108154, -0.071228, 0.991516]]",0,"[8533, 7767, 7295, 7779]"
34.82378,"[-0.867188, 0.656250, -1.816406]","[-2.413043, 1.761003, 1.201330]","[-1.389997, 0.829998, -0.572565]","[-0.544685, 0.997795, 0.403982]","[0.098145, 0.073486, 0.039062]","[0.035767, 0.049744, 0.017792, 0.997955]","[0.064697, 0.072235, -0.001648, 0.995270]","[-0.122559, -0.406738, 0.026123]","[[0.994324, 0.039001, -0.098022], [-0.031921, 0.996765, 0.073120], [0.100464, -0.069580, 0.992432]]",0,"[8337, 7802, 7355, 7749]"
34.856983,"[-0.917969, 0.687500, -1.820312]","[-2.428274, 1.790065, 1.212850]","[-1.419998, 0.849998, -0.561535]","[-0.495308, 0.986380, 0.383213]","[0.090088, 0.072021, 0.040527]","[0.035126, 0.045807, 0.018707, 0.998138]","[0.063995, 0.068451, -0.001343, 0.995575]","[0.066162, -0.344482, 0.129883]","[[0.994995, 0.040466, -0.090149], [-0.034119, 0.996704, 0.071777], [0.092712, -0.068359, 0.993225]]",0,"[8489, 7838, 7237, 7665]"
34.890186,"[-0.976562, 0.718750, -1.828125]","[-2.446341, 1.828279, 1.227278]","[-1.719997, 1.049997, -0.508129]","[-0.428345, 0.970074, 0.354639]","[0.086670, 0.072021, 0.041992]","[0.035095, 0.044067, 0.019531, 0.998230]","[0.054993, 0.050842, 0.000214, 0.997162]","[-0.105469, 0.027100, 0.128906]","[[0.995361, 0.041992, -0.086609], [-0.035889, 0.996765, 0.071716], [0.089294, -0.068298, 0.993652]]",0,"[8375, 7775, 7275, 7657]"
35.16753,"[-1.289062, 0.917969, -1.835938]","[-2.497256, 2.074905, 1.294761]","[-1.479998, 0.969997, -0.227188]","[0.058838, 0.825289, 0.133735]","[0.011963, 0.062988, 0.047607]","[0.031433, 0.006836, 0.023651, 0.999207]","[0.064056, 0.007629, 0.002563, 0.997894]","[0.121338, -0.401611, -0.006104]","[[0.998779, 0.047668, -0.012146], [-0.046814, 0.996887, 0.063110], [0.015076, -0.062500, 0.997925]]",0,"[8371, 7679, 7093, 7623]"
35.169483,"[-1.386719, 0.988281, -1.835938]","[-2.497256, 2.074905, 1.294761]","[-1.479998, 0.989998, -0.227188]","[0.058838, 0.825289, 0.133735]","[0.011963, 0.062988, 0.047607]","[0.031433, 0.006836, 0.023651, 0.999207]","[0.058807, 0.001892, 0.002930, 0.998260]","[0.121338, -0.401611, -0.006104]","[[0.998779, 0.047668, -0.012146], [-0.046814, 0.996887, 0.063110], [0.015076, -0.062500, 0.997925]]",0,"[8385, 7663, 7094, 7615]"
35.192921,"[-1.437500, 1.027344, -1.832031]","[-2.494765, 2.098814, 1.298310]","[-1.469997, 1.009998, -0.217094]","[0.111161, 0.807019, 0.108522]","[0.003418, 0.063232, 0.047607]","[0.031708, 0.002472, 0.023773, 0.999207]","[0.056946, -0.000885, 0.003082, 0.998352]","[-0.017578, -0.361084, 0.098145]","[[0.998779, 0.047607, -0.003418], [-0.047363, 0.996826, 0.063416], [0.006348, -0.063293, 0.997925]]",0,"[8358, 7778, 7209, 7595]"
35.231979,"[-1.500000, 1.066406, -1.835938]","[-2.489068, 2.129855, 1.301888]","[-1.769997, 1.229998, -0.181721]","[0.180378, 0.781985, 0.074652]","[-0.011475, 0.059326, 0.047852]","[0.029816, -0.005035, 0.024109, 0.999237]","[0.045532, -0.020172, 0.003967, 0.998749]","[-0.332520, -0.450928, 0.136963]","[[0.998718, 0.047852, 0.011475], [-0.048462, 0.996948, 0.059326], [-0.008667, -0.059814, 0.998108]]",0,"[8410, 7777, 7218, 7692]"
35.376518,"[-1.546875, 1.097656, -1.847656]","[-2.448223, 2.230505, 1.303925]","[-1.429998, 1.039999, -0.124660]","[0.414693, 0.689122, -0.045003]","[-0.072266, 0.040771, 0.045898]","[0.021271, -0.035645, 0.023743, 0.998840]","[0.059357, -0.012299, 0.003784, 0.998138]","[0.198975, -0.839355, -0.041748]","[[0.996216, 0.045898, 0.072205], [-0.048950, 0.997864, 0.040771], [-0.070251, -0.044189, 0.996460]]",0,"[8510, 7789, 7134, 7641]"
35.378471,"[-1.699219, 1.218750, -1.824219]","[-2.444093, 2.237203, 1.303444]","[-1.379997, 1.069998, -0.030567]","[0.430820, 0.682213, -0.053564]","[-0.072021, 0.040527, 0.045898]","[0.021179, -0.035553, 0.023712, 0.998840]","[0.050781, -0.018738, 0.003998, 0.998505]","[-0.277100, 0.092529, -0.002197]","[[0.996216, 0.045837, 0.072021], [-0.048889, 0.997864, 0.040588], [-0.070068, -0.044006, 0.996460]]",0,"[8500, 7788, 7130, 7677]"
35.394093,"[-1.750000, 1.257812, -1.824219]","[-2.439810, 2.243829, 1.302879]","[-1.619997, 1.309998, 0.010500]","[0.446838, 0.675277, -0.062114]","[-0.076416, 0.040771, 0.045166]","[0.021301, -0.037811, 0.023438, 0.998779]","[0.037415, -0.034058, 0.004303, 0.998688]","[0.141357, -0.160889, -0.067139]","[[0.995972, 0.045166, 0.076538], [-0.048462, 0.997925, 0.040710], [-0.074585, -0.044373, 0.996216]]",0,"[8537, 7856, 7114, 7620]"
35.427296,"[-1.796875, 1.296875, -1.816406]","[-2.421118, 2.269661, 1.299786]","[-1.319998, 1.119999, 0.085157]","[0.509905, 0.647215, -0.096259]","[-0.083496, 0.038574, 0.044434]","[0.020264, -0.041321, 0.023132, 0.998657]","[0.045532, -0.024078, 0.004150, 0.998657]","[-0.099365, -0.566406, -0.056152]","[[0.995422, 0.044434, 0.083496], [-0.047852, 0.997986, 0.038513], [-0.081665, -0.042419, 0.995667]]",0,"[8369, 7893, 7350, 7667]"
35.460499,"[-1.859375, 1.339844, -1.812500]","[-2.405500, 2.288310, 1.296592]","[-1.519999, 1.329998, 0.140265]","[0.556049, 0.625868, -0.121766]","[-0.092529, 0.030029, 0.043701]","[0.016052, -0.046021, 0.022644, 0.998566]","[0.033844, -0.039429, 0.004364, 0.998627]","[0.078125, -0.189209, -0.019287]","[[0.994751, 0.043640, 0.092590], [-0.046692, 0.998474, 0.029907], [-0.091248, -0.034180, 0.995239]]",0,"[8673, 7823, 7126, 7792]"
35.493721,"[-1.886719, 1.378906, -1.804688]","[-2.388545, 2.306333, 1.292652]","[-1.229998, 1.139997, 0.183355]","[0.601129, 0.604283, -0.147155]","[-0.100586, 0.032471, 0.042969]","[0.017365, -0.050018, 0.022430, 0.998352]","[0.041962, -0.029083, 0.004272, 0.998657]","[0.048828, -0.159424, 0.001465]","[[0.993958, 0.042969, 0.100647], [-0.046509, 0.998352, 0.032410], [-0.099182, -0.036926, 0.994385]]",0,"[8423, 7969, 7326, 7696]"
35.638245,"[-1.929688, 1.417969, -1.789062]","[-2.284935, 2.386790, 1.261939]","[-1.199999, 1.139997, 0.259764]","[0.808088, 0.493585, -0.271261]","[-0.125244, 0.026367, 0.039307]","[0.014465, -0.062317, 0.020569, 0.997742]","[0.043457, -0.041077, 0.004822, 0.998169]","[-0.054199, -0.422119, 0.000977]","[[0.991333, 0.039185, 0.124939], [-0.042847, 0.998718, 0.026184], [-0.123840, -0.031433, 0.991760]]",0,"[8472, 7932, 7283, 7753]"
35.640186,"[-2.058594, 1.546875, -1.777344]","[-2.284935, 2.386790, 1.261939]","[-1.279999, 1.399998, 0.301655]","[0.808088, 0.493585, -0.271261]","[-0.126221, 0.026611, 0.039307]","[0.014618, -0.062866, 0.020538, 0.997711]","[0.023193, -0.052673, 0.004242, 0.998322]","[0.130859, -0.503906, -0.082031]","[[0.991272, 0.039062, 0.126038], [-0.042847, 0.998718, 0.026489], [-0.124939, -0.031738, 0.991638]]",0,"[8508, 7935, 7279, 7752]"
35.661671,"[-2.089844, 1.589844, -1.769531]","[-2.260712, 2.400921, 1.253639]","[-0.989998, 1.189999, 0.319281]","[0.845353, 0.471031, -0.295318]","[-0.129639, 0.024170, 0.038818]","[0.013428, -0.064667, 0.020233, 0.997620]","[0.031281, -0.042206, 0.004364, 0.998596]","[-0.163086, -0.442871, -0.020508]","[[0.990784, 0.038574, 0.129517], [-0.042114, 0.998840, 0.024109], [-0.128540, -0.029358, 0.991272]]",0,"[8395, 7961, 7370, 7749]"
35.782764,"[-2.187500, 1.718750, -1.746094]","[-2.153579, 2.450800, 1.213538]","[-0.859999, 1.209997, 0.301041]","[0.978703, 0.380117, -0.388072]","[-0.144775, 0.009277, 0.034424]","[0.005981, -0.072327, 0.017548, 0.997223]","[0.024536, -0.052551, 0.004303, 0.998291]","[-0.128174, -0.246338, -0.056641]","[[0.988953, 0.034058, 0.144470], [-0.035889, 0.999329, 0.009338], [-0.144104, -0.014465, 0.989502]]",0,"[8451, 7814, 7290, 7840]"
35.796436,"[-2.218750, 1.769531, -1.738281]","[-2.143970, 2.454477, 1.209710]","[-0.969997, 1.449997, 0.315050]","[0.988618, 0.372513, -0.395520]","[-0.145264, 0.008301, 0.033936]","[0.005432, -0.072571, 0.017334, 0.997192]","[0.010254, -0.061127, 0.003662, 0.998047]","[-0.217041, -0.087891, 0.018311]","[[0.988770, 0.033752, 0.144958], [-0.035339, 0.999268, 0.008240], [-0.144592, -0.013367, 0.989319]]",0,"[8437, 7822, 7286, 7842]"
35.847214,"[-2.238281, 1.808594, -1.730469]","[-2.084394, 2.474965, 1.185252]","[-0.749998, 1.219997, 0.262402]","[1.043956, 0.326930, -0.439132]","[-0.150879, 0.000732, 0.032715]","[0.001709, -0.075378, 0.016449, 0.997009]","[0.019257, -0.056549, 0.004120, 0.998199]","[-0.218506, 0.148193, 0.001953]","[[0.988037, 0.032471, 0.150330], [-0.033081, 0.999390, 0.000854], [-0.150330, -0.005859, 0.988525]]",0,"[8329, 7829, 7396, 7803]"
35.862843,"[-2.269531, 1.859375, -1.726562]","[-2.074157, 2.478121, 1.180929]","[-0.819998, 1.459997, 0.209982]","[1.052479, 0.319342, -0.446219]","[-0.152832, -0.004883, 0.032715]","[-0.001282, -0.076385, 0.016144, 0.996948]","[0.004761, -0.063324, 0.003326, 0.997955]","[-0.232910, 0.149658, -0.049072]","[[0.987793, 0.032349, 0.152283], [-0.031982, 0.999451, -0.005066], [-0.152405, 0.000061, 0.988281]]",0,"[8479, 7782, 7270, 7847]"
35.999565,"[-2.308594, 1.937500, -1.707031]","[-1.923134, 2.514551, 1.113422]","[-0.579998, 1.219997, 0.081833]","[1.149752, 0.213868, -0.539304]","[-0.167725, -0.021240, 0.031250]","[-0.009338, -0.084045, 0.014740, 0.996307]","[0.011688, -0.068573, 0.003815, 0.997559]","[0.157471, -0.647461, -0.047607]","[[0.985352, 0.030884, 0.167175], [-0.027832, 0.999329, -0.021118], [-0.167786, 0.016113, 0.985657]]",0,"[8199, 7780, 7305, 7695]"
36.001522,"[-2.359375, 2.027344, -1.691406]","[-1.923134, 2.514551, 1.113422]","[-0.469999, 1.229998, 0.142586]","[1.149752, 0.213868, -0.539304]","[-0.168213, -0.020752, 0.031250]","[-0.009125, -0.084198, 0.014709, 0.996307]","[0.005981, -0.066132, 0.003418, 0.997772]","[0.181396, -0.159424, -0.035400]","[[0.985352, 0.030823, 0.167480], [-0.027771, 0.999390, -0.020691], [-0.168091, 0.015686, 0.985657]]",0,"[8215, 7764, 7295, 7674]"
36.040573,"[-2.367188, 2.066406, -1.683594]","[-1.877820, 2.522324, 1.091877]","[-0.429998, 1.219997, 0.178728]","[1.169726, 0.184140, -0.563616]","[-0.172119, -0.023682, 0.029785]","[-0.010498, -0.086121, 0.013947, 0.996124]","[0.001099, -0.068909, 0.003082, 0.997589]","[-0.096191, 0.095703, -0.001221]","[[0.984680, 0.029541, 0.171326], [-0.026001, 0.999329, -0.023376], [-0.171936, 0.018494, 0.984863]]",0,"[8310, 7810, 7240, 7633]"
36.064018,"[-2.378906, 2.117188, -1.675781]","[-1.843365, 2.527394, 1.075109]","[-0.419998, 1.459997, 0.261934]","[1.182361, 0.162009, -0.581128]","[-0.171143, -0.026611, 0.028809]","[-0.012085, -0.085724, 0.013336, 0.996155]","[-0.015747, -0.071533, 0.001892, 0.997284]","[-0.161621, 0.433105, -0.058105]","[[0.984863, 0.028564, 0.170471], [-0.024536, 0.999268, -0.026428], [-0.171204, 0.021790, 0.984924]]",0,"[8293, 7737, 7265, 7740]"
36.099178,"[-2.386719, 2.156250, -1.660156]","[-1.808565, 2.531818, 1.057835]","[-0.309999, 1.199999, 0.446020]","[1.192968, 0.140028, -0.598007]","[-0.171631, -0.029541, 0.026611]","[-0.013611, -0.085907, 0.012115, 0.996155]","[-0.007965, -0.070465, 0.002441, 0.997467]","[0.012695, -0.722900, -0.104492]","[[0.984985, 0.026428, 0.170837], [-0.021790, 0.999329, -0.029297], [-0.171570, 0.025024, 0.984863]]",0,"[8159, 7881, 7474, 7738]"
