t,p,p_d,v,v_d,Angles,q,q_sp,w,R,T_sp,rpm
28.80407,"[-0.019531, 0.089844, -0.914062]","[0.000000, -0.000000, -0.000000]","[0.019999, 0.000000, 0.142462]","[0.000001, -0.000000, -0.000000]","[0.006348, -0.016357, -0.010986]","[-0.008179, 0.003326, -0.005585, 0.999969]","[-0.000122, 0.001678, -0.003021, 0.999969]","[0.064941, -0.403320, -0.079102]","[[1.000000, -0.011230, -0.006531], [0.011108, 0.999878, -0.016418], [0.006653, 0.016296, 0.999939]]",1.0,"[7888, 7887, 7909, 7983]"
28.82752,"[-0.019531, 0.089844, -0.910156]","[0.000000, -0.000000, -0.000000]","[0.029999, 0.000000, 0.227711]","[0.000001, -0.000001, -0.000000]","[0.004883, -0.017578, -0.011719]","[-0.008789, 0.002533, -0.005859, 0.999939]","[-0.000122, 0.002045, -0.003021, 0.999969]","[0.041016, -0.600098, -0.100342]","[[0.999878, -0.011780, -0.004944], [0.011658, 0.999756, -0.017639], [0.005066, 0.017517, 0.999817]]",0.999878,"[7969, 7890, 7896, 8029]"
28.860706,"[-0.019531, 0.089844, -0.906250]","[0.000000, -0.000000, -0.000000]","[0.019999, 0.000000, 0.125816]","[0.000001, -0.000001, -0.000000]","[0.002686, -0.016602, -0.013184]","[-0.008301, 0.001434, -0.006622, 0.999939]","[-0.000122, 0.001678, -0.003021, 0.999969]","[-0.099854, 0.048828, -0.056152]","[[0.999878, -0.013306, -0.002747], [0.013184, 0.999756, -0.016663], [0.002869, 0.016541, 0.999817]]",0.999878,"[7958, 7916, 7884, 8012]"
28.895884,"[-0.027344, 0.089844, -0.902344]","[0.000000, -0.000000, -0.000000]","[0.029999, 0.000000, 0.105980]","[0.000002, -0.000002, -0.000001]","[0.001953, -0.016357, -0.014404]","[-0.008148, 0.001068, -0.007263, 0.999939]","[-0.000122, 0.001556, -0.003021, 0.999969]","[-0.017578, -0.289551, -0.044922]","[[0.999878, -0.014587, -0.002014], [0.014465, 0.999756, -0.016357], [0.002136, 0.016235, 0.999817]]",0.999878,"[7962, 7953, 7857, 7966]"
28.929083,"[-0.019531, 0.089844, -0.902344]","[0.000000, -0.000000, -0.000000]","[0.039999, 0.000000, 0.091721]","[0.000004, -0.000002, -0.000001]","[0.003174, -0.017822, -0.015381]","[-0.008881, 0.001740, -0.007660, 0.999939]","[-0.000122, 0.002655, -0.003021, 0.999969]","[0.166992, 0.222168, -0.067871]","[[0.999878, -0.015381, -0.003296], [0.015259, 0.999756, -0.017822], [0.003540, 0.017700, 0.999817]]",0.999878,"[7987, 7859, 7860, 8025]"
28.96423,"[-0.019531, 0.089844, -0.898438]","[0.000000, -0.000000, -0.000000]","[0.029999, 0.019999, 0.084845]","[0.000006, -0.000004, -0.000002]","[0.002930, -0.014893, -0.016357]","[-0.007416, 0.001617, -0.008209, 0.999939]","[-0.001221, 0.002045, -0.003021, 0.999969]","[0.043213, -0.111084, -0.084473]","[[0.999817, -0.016479, -0.003113], [0.016357, 0.999756, -0.014893], [0.003235, 0.014771, 0.999878]]",0.999817,"[7870, 7947, 7886, 7932]"
28.995474,"[-0.007812, 0.089844, -0.898438]","[0.000001, -0.000000, -0.000000]","[0.049999, 0.009998, 0.064951]","[0.000007, -0.000005, -0.000003]","[0.003906, -0.016113, -0.017090]","[-0.008087, 0.002106, -0.008575, 0.999939]","[-0.000732, 0.003876, -0.003021, 0.999969]","[-0.011719, -0.044189, -0.119385]","[[0.999878, -0.017212, -0.004028], [0.017090, 0.999756, -0.016235], [0.004272, 0.016113, 0.999878]]",0.999878,"[7936, 7859, 7858, 7962]"
29.03064,"[-0.019531, 0.097656, -0.890625]","[0.000001, -0.000001, -0.000000]","[0.029999, 0.009998, 0.075788]","[0.000010, -0.000007, -0.000004]","[0.005371, -0.016602, -0.018066]","[-0.008270, 0.002838, -0.009003, 0.999939]","[-0.001221, 0.002167, -0.003021, 0.999969]","[0.011719, 0.148682, 0.023926]","[[0.999878, -0.018066, -0.005493], [0.017944, 0.999756, -0.016602], [0.005737, 0.016479, 0.999878]]",0.999878,"[7934, 7885, 7832, 7979]"
29.063831,"[-0.007812, 0.097656, -0.886719]","[0.000001, -0.000001, -0.000000]","[0.059999, 0.009998, 0.121819]","[0.000015, -0.000009, -0.000005]","[0.006104, -0.016602, -0.019287]","[-0.008270, 0.003204, -0.009613, 0.999908]","[-0.001221, 0.004364, -0.003021, 0.999969]","[-0.007324, -0.054199, -0.107178]","[[0.999756, -0.019287, -0.006226], [0.019165, 0.999634, -0.016663], [0.006470, 0.016418, 0.999817]]",0.999756,"[7911, 7877, 7881, 8002]"
29.097036,"[-0.007812, 0.097656, -0.882812]","[0.000002, -0.000001, -0.000001]","[0.039999, 0.029999, 0.109623]","[0.000020, -0.000013, -0.000007]","[0.006348, -0.016602, -0.020264]","[-0.008270, 0.003265, -0.010162, 0.999908]","[-0.002075, 0.003387, -0.003021, 0.999969]","[0.060791, -0.095215, 0.063965]","[[0.999756, -0.020386, -0.006348], [0.020264, 0.999634, -0.016663], [0.006592, 0.016418, 0.999817]]",0.999756,"[7958, 7922, 7855, 8011]"
29.130239,"[-0.007812, 0.097656, -0.878906]","[0.000002, -0.000002, -0.000001]","[0.029999, 0.019999, 0.155359]","[0.000023, -0.000015, -0.000008]","[0.006592, -0.016113, -0.021484]","[-0.008057, 0.003448, -0.010712, 0.999908]","[-0.001709, 0.002899, -0.003021, 0.999969]","[0.051025, 0.198730, -0.065674]","[[0.999756, -0.021484, -0.006714], [0.021362, 0.999634, -0.016235], [0.006958, 0.015991, 0.999817]]",0.999756,"[7965, 7967, 7905, 8016]"
29.165394,"[-0.007812, 0.097656, -0.871094]","[0.000004, -0.000002, -0.000001]","[0.059999, 0.029999, 0.212486]","[0.000030, -0.000020, -0.000011]","[0.005615, -0.016846, -0.021973]","[-0.008362, 0.002960, -0.011017, 0.999908]","[-0.002075, 0.004486, -0.003021, 0.999969]","[-0.013916, 0.078613, 0.007812]","[[0.999756, -0.022095, -0.005676], [0.021973, 0.999634, -0.016846], [0.006042, 0.016602, 0.999817]]",0.999756,"[8002, 7950, 7880, 8033]"
29.208368,"[-0.007812, 0.097656, -0.867188]","[0.000005, -0.000003, -0.000002]","[0.049999, 0.029999, 0.244516]","[0.000039, -0.000026, -0.000014]","[0.004883, -0.015869, -0.022949]","[-0.007996, 0.002563, -0.011475, 0.999908]","[-0.002075, 0.003998, -0.003021, 0.999969]","[0.163818, -0.342773, -0.031250]","[[0.999756, -0.023010, -0.004883], [0.022888, 0.999634, -0.016052], [0.005249, 0.015930, 0.999878]]",0.999756,"[8038, 8036, 7921, 8080]"
29.231804,"[0.000000, 0.097656, -0.859375]","[0.000006, -0.000004, -0.000002]","[0.059999, 0.039999, 0.206047]","[0.000044, -0.000029, -0.000016]","[0.004639, -0.015137, -0.023193]","[-0.007568, 0.002472, -0.011597, 0.999908]","[-0.002686, 0.004974, -0.003021, 0.999969]","[0.077148, -0.194824, 0.019043]","[[0.999695, -0.023254, -0.004761], [0.023132, 0.999634, -0.015198], [0.005005, 0.015076, 0.999878]]",0.999695,"[8052, 8057, 7952, 8079]"
29.266973,"[0.000000, 0.109375, -0.851562]","[0.000008, -0.000005, -0.000003]","[0.059999, 0.029999, 0.231270]","[0.000056, -0.000037, -0.000020]","[0.004883, -0.014160, -0.023438]","[-0.007141, 0.002563, -0.011780, 0.999908]","[-0.002808, 0.004974, -0.003021, 0.999969]","[0.055420, -0.067627, -0.022705]","[[0.999695, -0.023621, -0.004944], [0.023499, 0.999634, -0.014343], [0.005188, 0.014221, 0.999878]]",0.999695,"[8073, 8081, 7967, 8067]"
29.300159,"[0.000000, 0.109375, -0.847656]","[0.000010, -0.000007, -0.000004]","[0.080000, 0.039999, 0.299919]","[0.000070, -0.000046, -0.000025]","[0.005371, -0.015869, -0.023682]","[-0.007935, 0.002869, -0.011841, 0.999908]","[-0.003540, 0.006073, -0.003021, 0.999969]","[-0.150879, 0.218018, 0.066406]","[[0.999756, -0.023743, -0.005493], [0.023621, 0.999634, -0.015991], [0.005859, 0.015747, 0.999878]]",0.999756,"[8106, 8059, 7962, 8096]"
29.335316,"[0.007812, 0.109375, -0.839844]","[0.000013, -0.000009, -0.000005]","[0.059999, 0.009998, 0.347721]","[0.000086, -0.000056, -0.000031]","[0.005859, -0.015381, -0.024170]","[-0.007629, 0.003082, -0.012085, 0.999878]","[-0.002075, 0.005463, -0.003021, 0.999969]","[0.127197, -0.231445, 0.000244]","[[0.999573, -0.024231, -0.005920], [0.024109, 0.999512, -0.015381], [0.006287, 0.015137, 0.999756]]",0.999573,"[8096, 8101, 8010, 8108]"
29.368523,"[0.000000, 0.109375, -0.832031]","[0.000015, -0.000010, -0.000005]","[0.070000, 0.070000, 0.359354]","[0.000095, -0.000062, -0.000034]","[0.007080, -0.016113, -0.024658]","[-0.008026, 0.003754, -0.012299, 0.999878]","[-0.004883, 0.005585, -0.003021, 0.999939]","[-0.074219, 0.148682, -0.048828]","[[0.999634, -0.024658, -0.007263], [0.024536, 0.999512, -0.016174], [0.007629, 0.015930, 0.999756]]",0.999634,"[8139, 8089, 8017, 8185]"
29.401726,"[0.007812, 0.117188, -0.824219]","[0.000019, -0.000012, -0.000007]","[0.059999, 0.049999, 0.297121]","[0.000115, -0.000076, -0.000041]","[0.006592, -0.014893, -0.024902]","[-0.007385, 0.003479, -0.012512, 0.999878]","[-0.004517, 0.005585, -0.003021, 0.999969]","[0.186279, -0.231934, 0.020752]","[[0.999573, -0.025085, -0.006714], [0.024963, 0.999512, -0.014893], [0.007080, 0.014648, 0.999817]]",0.999573,"[8090, 8090, 8027, 8099]"
29.436878,"[0.007812, 0.117188, -0.820312]","[0.000024, -0.000016, -0.000009]","[0.059999, 0.059999, 0.308834]","[0.000139, -0.000091, -0.000049]","[0.006836, -0.017578, -0.025391]","[-0.008759, 0.003540, -0.012634, 0.999878]","[-0.005127, 0.005585, -0.003021, 0.999939]","[-0.119873, -0.224121, -0.033691]","[[0.999634, -0.025391, -0.006836], [0.025146, 0.999512, -0.017639], [0.007202, 0.017395, 0.999817]]",0.999634,"[8116, 8057, 8008, 8180]"
29.470083,"[0.007812, 0.117188, -0.816406]","[0.000030, -0.000020, -0.000011]","[0.089998, 0.059999, 0.287483]","[0.000165, -0.000108, -0.000059]","[0.006104, -0.017334, -0.025635]","[-0.008636, 0.003265, -0.012817, 0.999878]","[-0.005127, 0.007050, -0.002991, 0.999939]","[0.070801, 0.241943, -0.011963]","[[0.999634, -0.025696, -0.006287], [0.025574, 0.999512, -0.017395], [0.006653, 0.017151, 0.999817]]",0.999634,"[8111, 8090, 7983, 8122]"
29.503284,"[0.007812, 0.117188, -0.808594]","[0.000033, -0.000022, -0.000012]","[0.080000, 0.049999, 0.271408]","[0.000179, -0.000117, -0.000064]","[0.005859, -0.018799, -0.026123]","[-0.009338, 0.003113, -0.013092, 0.999878]","[-0.004639, 0.006683, -0.002991, 0.999939]","[-0.096680, -0.295410, -0.042969]","[[0.999634, -0.026245, -0.005920], [0.026123, 0.999512, -0.018799], [0.006409, 0.018555, 0.999817]]",0.999634,"[8120, 8092, 8008, 8125]"
29.536488,"[0.019531, 0.117188, -0.804688]","[0.000041, -0.000027, -0.000015]","[0.089998, 0.059999, 0.242397]","[0.000211, -0.000138, -0.000075]","[0.006348, -0.019043, -0.026611]","[-0.009460, 0.003418, -0.013275, 0.999847]","[-0.005127, 0.007904, -0.002991, 0.999939]","[0.088379, 0.194580, -0.001953]","[[0.999512, -0.026672, -0.006531], [0.026428, 0.999390, -0.019043], [0.007019, 0.018799, 0.999695]]",0.999512,"[8107, 8055, 7959, 8119]"
29.569693,"[0.019531, 0.117188, -0.800781]","[0.000050, -0.000033, -0.000018]","[0.080000, 0.049999, 0.247810]","[0.000246, -0.000161, -0.000088]","[0.007568, -0.019531, -0.027100]","[-0.009735, 0.003937, -0.013489, 0.999847]","[-0.004761, 0.007538, -0.002991, 0.999939]","[-0.074707, -0.151611, 0.011475]","[[0.999573, -0.027100, -0.007568], [0.026855, 0.999390, -0.019592], [0.008057, 0.019348, 0.999695]]",0.999573,"[8064, 8061, 8010, 8132]"
29.604847,"[0.019531, 0.128906, -0.796875]","[0.000060, -0.000039, -0.000021]","[0.089998, 0.070000, 0.228933]","[0.000285, -0.000187, -0.000102]","[0.009277, -0.020508, -0.027100]","[-0.010223, 0.004883, -0.013580, 0.999847]","[-0.006226, 0.008026, -0.002991, 0.999939]","[-0.031982, 0.367432, 0.017090]","[[0.999573, -0.027283, -0.009460], [0.027039, 0.999390, -0.020630], [0.009949, 0.020264, 0.999756]]",0.999573,"[8103, 8036, 8007, 8168]"
29.638048,"[0.027344, 0.128906, -0.789062]","[0.000066, -0.000043, -0.000024]","[0.080000, 0.039999, 0.240772]","[0.000307, -0.000201, -0.000110]","[0.008545, -0.019775, -0.027588]","[-0.009796, 0.004517, -0.013824, 0.999847]","[-0.004883, 0.008026, -0.002991, 0.999939]","[-0.036133, -0.361328, -0.102539]","[[0.999573, -0.027771, -0.008728], [0.027527, 0.999390, -0.019775], [0.009216, 0.019409, 0.999756]]",0.999573,"[8046, 8073, 8035, 8078]"
29.671253,"[0.027344, 0.128906, -0.789062]","[0.000079, -0.000052, -0.000028]","[0.070000, 0.080000, 0.226282]","[0.000353, -0.000232, -0.000126]","[0.009766, -0.021729, -0.028320]","[-0.010864, 0.005066, -0.014130, 0.999847]","[-0.006958, 0.007660, -0.002991, 0.999939]","[0.166504, 0.372314, -0.003906]","[[0.999573, -0.028381, -0.009766], [0.028137, 0.999390, -0.021912], [0.010376, 0.021545, 0.999756]]",0.999573,"[8118, 8012, 7979, 8130]"
29.704456,"[0.027344, 0.128906, -0.781250]","[0.000094, -0.000061, -0.000033]","[0.099998, 0.070000, 0.235765]","[0.000403, -0.000265, -0.000145]","[0.009033, -0.021240, -0.028564]","[-0.010620, 0.004669, -0.014313, 0.999817]","[-0.006348, 0.009125, -0.002991, 0.999908]","[-0.091797, -0.447998, -0.032715]","[[0.999451, -0.028748, -0.009033], [0.028503, 0.999268, -0.021423], [0.009521, 0.021057, 0.999634]]",0.999451,"[8053, 8095, 8025, 8112]"
29.737663,"[0.027344, 0.136719, -0.777344]","[0.000102, -0.000067, -0.000036]","[0.089998, 0.059999, 0.264935]","[0.000431, -0.000283, -0.000154]","[0.009277, -0.023193, -0.028564]","[-0.011536, 0.004822, -0.014313, 0.999817]","[-0.006470, 0.008759, -0.002991, 0.999908]","[0.139893, 0.350342, -0.037109]","[[0.999512, -0.028748, -0.009277], [0.028503, 0.999268, -0.023254], [0.009888, 0.022888, 0.999634]]",0.999512,"[8157, 8054, 7979, 8132]"
29.772816,"[0.039062, 0.136719, -0.773438]","[0.000120, -0.000078, -0.000043]","[0.109999, 0.070000, 0.241373]","[0.000489, -0.000321, -0.000175]","[0.009521, -0.024170, -0.029053]","[-0.012085, 0.004944, -0.014465, 0.999817]","[-0.006989, 0.010345, -0.002960, 0.999908]","[-0.124756, 0.088623, -0.000244]","[[0.999512, -0.029053, -0.009521], [0.028809, 0.999268, -0.024353], [0.010132, 0.023987, 0.999634]]",0.999512,"[8110, 8064, 7987, 8150]"
29.806019,"[0.039062, 0.136719, -0.769531]","[0.000140, -0.000092, -0.000050]","[0.089998, 0.049999, 0.192467]","[0.000553, -0.000363, -0.000198]","[0.010986, -0.023193, -0.029785]","[-0.011597, 0.005737, -0.014801, 0.999817]","[-0.006104, 0.009491, -0.002991, 0.999908]","[-0.077393, 0.212158, 0.056885]","[[0.999512, -0.029785, -0.011108], [0.029419, 0.999329, -0.023376], [0.011719, 0.023010, 0.999695]]",0.999512,"[8054, 8065, 8001, 8106]"
29.841188,"[0.046875, 0.136719, -0.765625]","[0.000163, -0.000107, -0.000058]","[0.109999, 0.070000, 0.245026]","[0.000623, -0.000409, -0.000224]","[0.011475, -0.023926, -0.030762]","[-0.011932, 0.005981, -0.015289, 0.999786]","[-0.007111, 0.011078, -0.002960, 0.999908]","[0.209229, 0.189209, -0.074707]","[[0.999390, -0.030762, -0.011597], [0.030396, 0.999207, -0.024048], [0.012207, 0.023682, 0.999573]]",0.99939,"[8105, 8041, 7968, 8117]"
29.874376,"[0.046875, 0.136719, -0.761719]","[0.000175, -0.000115, -0.000063]","[0.089998, 0.059999, 0.251717]","[0.000660, -0.000434, -0.000237]","[0.012207, -0.023438, -0.031738]","[-0.011597, 0.006409, -0.015839, 0.999786]","[-0.006714, 0.010101, -0.002960, 0.999908]","[0.071289, -0.073975, 0.010254]","[[0.999390, -0.031860, -0.012390], [0.031494, 0.999207, -0.023438], [0.013123, 0.022949, 0.999634]]",0.99939,"[8068, 8095, 7993, 8137]"
29.907579,"[0.058594, 0.148438, -0.757812]","[0.000203, -0.000133, -0.000073]","[0.089998, 0.049999, 0.275881]","[0.000739, -0.000486, -0.000265]","[0.013916, -0.023926, -0.033203]","[-0.011841, 0.007172, -0.016510, 0.999786]","[-0.006989, 0.010956, -0.002960, 0.999908]","[-0.086914, 0.135010, -0.090332]","[[0.999390, -0.033203, -0.013916], [0.032837, 0.999207, -0.023926], [0.014648, 0.023438, 0.999634]]",0.99939,"[8100, 8103, 7999, 8173]"
29.940784,"[0.058594, 0.148438, -0.753906]","[0.000233, -0.000153, -0.000084]","[0.109999, 0.070000, 0.252289]","[0.000824, -0.000542, -0.000296]","[0.015625, -0.024170, -0.034180]","[-0.011963, 0.008026, -0.017059, 0.999756]","[-0.007965, 0.011932, -0.002930, 0.999878]","[-0.033447, 0.048096, 0.051514]","[[0.999268, -0.034363, -0.015625], [0.033875, 0.999146, -0.024231], [0.016357, 0.023621, 0.999573]]",0.999268,"[8077, 8079, 8012, 8199]"
29.974007,"[0.058594, 0.148438, -0.750000]","[0.000250, -0.000164, -0.000090]","[0.089998, 0.059999, 0.262566]","[0.000869, -0.000572, -0.000312]","[0.016602, -0.024414, -0.035889]","[-0.012024, 0.008606, -0.017883, 0.999725]","[-0.007599, 0.011078, -0.002960, 0.999878]","[0.037842, -0.019775, -0.108398]","[[0.999146, -0.036011, -0.016724], [0.035522, 0.999023, -0.024414], [0.017578, 0.023682, 0.999512]]",0.999146,"[8099, 8098, 8013, 8186]"
30.007198,"[0.058594, 0.148438, -0.746094]","[0.000285, -0.000188, -0.000102]","[0.109999, 0.070000, 0.231867]","[0.000964, -0.000635, -0.000347]","[0.017090, -0.024658, -0.037354]","[-0.012177, 0.008820, -0.018555, 0.999725]","[-0.008087, 0.012177, -0.002930, 0.999878]","[-0.038330, 0.008301, 0.068115]","[[0.999146, -0.037354, -0.017151], [0.036865, 0.999023, -0.024719], [0.018005, 0.023987, 0.999573]]",0.999146,"[8072, 8100, 7989, 8175]"
30.044298,"[0.066406, 0.148438, -0.742188]","[0.000325, -0.000214, -0.000117]","[0.080000, 0.049999, 0.232138]","[0.001067, -0.000703, -0.000384]","[0.018066, -0.025635, -0.038574]","[-0.012695, 0.009308, -0.019226, 0.999695]","[-0.007233, 0.011078, -0.002960, 0.999878]","[-0.014404, -0.123535, 0.000244]","[[0.999084, -0.038696, -0.018127], [0.038208, 0.998901, -0.025757], [0.018982, 0.025024, 0.999512]]",0.999084,"[8080, 8098, 7999, 8181]"
30.075554,"[0.066406, 0.156250, -0.742188]","[0.000369, -0.000242, -0.000132]","[0.089998, 0.049999, 0.230566]","[0.001177, -0.000775, -0.000424]","[0.018311, -0.023926, -0.040527]","[-0.011810, 0.009491, -0.020142, 0.999695]","[-0.007599, 0.011688, -0.002960, 0.999878]","[0.082031, 0.113525, -0.108398]","[[0.999023, -0.040527, -0.018494], [0.040039, 0.998901, -0.024048], [0.019348, 0.023193, 0.999573]]",0.999023,"[8046, 8140, 8003, 8156]"
30.108753,"[0.066406, 0.156250, -0.738281]","[0.000392, -0.000258, -0.000141]","[0.099998, 0.059999, 0.183222]","[0.001235, -0.000814, -0.000445]","[0.018555, -0.024902, -0.041748]","[-0.012299, 0.009644, -0.020752, 0.999664]","[-0.008209, 0.012299, -0.002930, 0.999878]","[0.134033, -0.003174, -0.052979]","[[0.998901, -0.041748, -0.018738], [0.041260, 0.998840, -0.025024], [0.019714, 0.024170, 0.999512]]",0.998901,"[8053, 8068, 7944, 8160]"
30.143909,"[0.078125, 0.167969, -0.738281]","[0.000443, -0.000291, -0.000159]","[0.080000, 0.070000, 0.204803]","[0.001357, -0.000894, -0.000489]","[0.019043, -0.024902, -0.043457]","[-0.012329, 0.009857, -0.021606, 0.999634]","[-0.009308, 0.012054, -0.002930, 0.999878]","[-0.044678, 0.056152, -0.074707]","[[0.998779, -0.043457, -0.019165], [0.042969, 0.998718, -0.025085], [0.020142, 0.024231, 0.999451]]",0.998779,"[8032, 8086, 7966, 8139]"
30.177113,"[0.078125, 0.167969, -0.734375]","[0.000499, -0.000328, -0.000179]","[0.089998, 0.059999, 0.181690]","[0.001487, -0.000980, -0.000536]","[0.019775, -0.025879, -0.045166]","[-0.012787, 0.010193, -0.022430, 0.999634]","[-0.009064, 0.012665, -0.002930, 0.999847]","[-0.067871, 0.112061, -0.003906]","[[0.998840, -0.045166, -0.019775], [0.044556, 0.998718, -0.026062], [0.020874, 0.025085, 0.999512]]",0.99884,"[8052, 8064, 7947, 8155]"
30.212276,"[0.089844, 0.167969, -0.734375]","[0.000559, -0.000368, -0.000201]","[0.080000, 0.039999, 0.206816]","[0.001625, -0.001072, -0.000586]","[0.019775, -0.026367, -0.046875]","[-0.012939, 0.010223, -0.023315, 0.999603]","[-0.008087, 0.013031, -0.002930, 0.999878]","[0.039307, -0.155273, -0.055664]","[[0.998718, -0.046936, -0.019836], [0.046326, 0.998596, -0.026367], [0.020935, 0.025391, 0.999451]]",0.998718,"[8068, 8097, 7956, 8164]"
30.245472,"[0.089844, 0.179688, -0.734375]","[0.000592, -0.000389, -0.000213]","[0.099998, 0.059999, 0.163595]","[0.001697, -0.001120, -0.000612]","[0.020264, -0.025391, -0.049072]","[-0.012451, 0.010498, -0.024384, 0.999573]","[-0.009918, 0.014008, -0.002899, 0.999847]","[-0.030762, 0.058838, -0.163574]","[[0.998596, -0.049072, -0.020386], [0.048462, 0.998474, -0.025452], [0.021484, 0.024353, 0.999451]]",0.998596,"[8027, 8112, 7955, 8127]"
30.278675,"[0.089844, 0.179688, -0.734375]","[0.000661, -0.000435, -0.000238]","[0.070000, 0.019999, 0.094810]","[0.001849, -0.001220, -0.000667]","[0.020752, -0.026855, -0.050537]","[-0.013214, 0.010742, -0.025116, 0.999542]","[-0.007965, 0.012665, -0.002930, 0.999878]","[-0.034668, -0.053223, -0.012451]","[[0.998474, -0.050537, -0.020813], [0.049927, 0.998352, -0.026978], [0.022034, 0.025879, 0.999390]]",0.998474,"[8040, 8084, 7934, 8134]"
30.311882,"[0.089844, 0.179688, -0.730469]","[0.000736, -0.000485, -0.000265]","[0.080000, 0.070000, 0.127260]","[0.002010, -0.001327, -0.000726]","[0.021973, -0.027832, -0.052246]","[-0.013672, 0.011353, -0.026001, 0.999512]","[-0.010406, 0.013245, -0.002899, 0.999847]","[-0.038818, 0.163574, -0.062988]","[[0.998413, -0.052368, -0.021973], [0.051636, 0.998291, -0.027954], [0.023315, 0.026733, 0.999390]]",0.998413,"[8015, 8042, 7912, 8157]"
30.347034,"[0.089844, 0.179688, -0.726562]","[0.000818, -0.000539, -0.000294]","[0.070000, 0.059999, 0.142155]","[0.002180, -0.001440, -0.000788]","[0.021484, -0.027588, -0.053711]","[-0.013550, 0.011169, -0.026703, 0.999481]","[-0.010040, 0.012787, -0.002899, 0.999847]","[-0.177490, 0.407471, 0.007812]","[[0.998291, -0.053711, -0.021606], [0.053101, 0.998169, -0.027710], [0.022949, 0.026489, 0.999329]]",0.998291,"[8014, 8091, 7920, 8138]"
30.380238,"[0.089844, 0.179688, -0.726562]","[0.000862, -0.000568, -0.000310]","[0.080000, 0.059999, 0.111391]","[0.002269, -0.001499, -0.000820]","[0.021484, -0.029297, -0.055420]","[-0.014343, 0.011139, -0.027527, 0.999451]","[-0.010162, 0.013397, -0.002899, 0.999847]","[0.121338, -0.489990, -0.099365]","[[0.998169, -0.055420, -0.021484], [0.054688, 0.998047, -0.029358], [0.022949, 0.028015, 0.999268]]",0.998169,"[8022, 8071, 7939, 8188]"
30.417353,"[0.097656, 0.187500, -0.722656]","[0.000954, -0.000628, -0.000344]","[0.059999, 0.049999, 0.068880]","[0.002454, -0.001621, -0.000887]","[0.021484, -0.028564, -0.057129]","[-0.014038, 0.011200, -0.028442, 0.999451]","[-0.010040, 0.012909, -0.002899, 0.999847]","[0.150635, -0.428223, -0.060303]","[[0.998169, -0.057251, -0.021545], [0.056519, 0.998047, -0.028748], [0.023132, 0.027405, 0.999390]]",0.998169,"[7985, 8095, 7942, 8138]"
30.448601,"[0.097656, 0.187500, -0.718750]","[0.001053, -0.000694, -0.000380]","[0.080000, 0.029999, 0.053314]","[0.002649, -0.001751, -0.000958]","[0.019531, -0.029053, -0.058594]","[-0.014252, 0.010254, -0.029175, 0.999420]","[-0.009064, 0.013885, -0.002899, 0.999847]","[0.079834, -0.469238, -0.061523]","[[0.998047, -0.058655, -0.019653], [0.058044, 0.997864, -0.029114], [0.021240, 0.027893, 0.999329]]",0.998047,"[7987, 8048, 7916, 8180]"
30.483751,"[0.097656, 0.187500, -0.718750]","[0.001161, -0.000765, -0.000418]","[0.070000, 0.049999, 0.032749]","[0.002854, -0.001887, -0.001033]","[0.018799, -0.029053, -0.060303]","[-0.014313, 0.009918, -0.030060, 0.999390]","[-0.010162, 0.013397, -0.002899, 0.999847]","[-0.009033, -0.035645, -0.035400]","[[0.997925, -0.060425, -0.018921], [0.059814, 0.997742, -0.029236], [0.020630, 0.028015, 0.999329]]",0.997925,"[7997, 8077, 7847, 8069]"
30.516956,"[0.109375, 0.187500, -0.718750]","[0.001218, -0.000803, -0.000439]","[0.059999, 0.029999, 0.028120]","[0.002961, -0.001958, -0.001072]","[0.019287, -0.029785, -0.061768]","[-0.014557, 0.010162, -0.030762, 0.999359]","[-0.009186, 0.013763, -0.002899, 0.999847]","[-0.029297, 0.204102, -0.020508]","[[0.997803, -0.061829, -0.019409], [0.061218, 0.997620, -0.029785], [0.021118, 0.028442, 0.999329]]",0.997803,"[7948, 8035, 7825, 8063]"
30.548208,"[0.109375, 0.187500, -0.718750]","[0.001338, -0.000882, -0.000482]","[0.080000, 0.029999, 0.033070]","[0.003182, -0.002105, -0.001153]","[0.020996, -0.029541, -0.062988]","[-0.014496, 0.011017, -0.031311, 0.999359]","[-0.009186, 0.014862, -0.002899, 0.999817]","[-0.063477, 0.258301, -0.018799]","[[0.997803, -0.062988, -0.021118], [0.062256, 0.997620, -0.029724], [0.022827, 0.028259, 0.999390]]",0.997803,"[7953, 8018, 7857, 8100]"
30.581409,"[0.109375, 0.187500, -0.718750]","[0.001466, -0.000967, -0.000529]","[0.049999, 0.049999, 0.029530]","[0.003414, -0.002260, -0.001238]","[0.020996, -0.028809, -0.064209]","[-0.014130, 0.011047, -0.031921, 0.999329]","[-0.010406, 0.013367, -0.002899, 0.999847]","[0.003174, -0.250000, -0.062012]","[[0.997681, -0.064209, -0.021179], [0.063477, 0.997498, -0.028992], [0.022888, 0.027527, 0.999329]]",0.997681,"[7950, 8048, 7886, 8091]"
30.614613,"[0.117188, 0.187500, -0.714844]","[0.001534, -0.001012, -0.000554]","[0.059999, 0.029999, 0.049604]","[0.003535, -0.002340, -0.001282]","[0.023682, -0.030273, -0.064941]","[-0.014771, 0.012329, -0.032257, 0.999298]","[-0.009308, 0.014496, -0.002899, 0.999817]","[0.035645, 0.379639, 0.037842]","[[0.997620, -0.064880, -0.023682], [0.064148, 0.997437, -0.030396], [0.025513, 0.028687, 0.999268]]",0.99762,"[7966, 7997, 7891, 8126]"
30.649784,"[0.117188, 0.199219, -0.710938]","[0.001677, -0.001107, -0.000606]","[0.070000, 0.039999, 0.072317]","[0.003784, -0.002506, -0.001373]","[0.023438, -0.029053, -0.065674]","[-0.014099, 0.012207, -0.032684, 0.999298]","[-0.010773, 0.015076, -0.002869, 0.999817]","[-0.050781, 0.145020, -0.004639]","[[0.997559, -0.065735, -0.023438], [0.065002, 0.997437, -0.029053], [0.025269, 0.027344, 0.999329]]",0.997559,"[7956, 8056, 7931, 8112]"
30.682989,"[0.117188, 0.199219, -0.710938]","[0.001830, -0.001208, -0.000661]","[0.049999, 0.029999, 0.096096]","[0.004046, -0.002681, -0.001469]","[0.022705, -0.030518, -0.066406]","[-0.014954, 0.011932, -0.033020, 0.999268]","[-0.010162, 0.014252, -0.002899, 0.999817]","[0.289062, 0.312744, -0.061035]","[[0.997498, -0.066406, -0.022827], [0.065674, 0.997314, -0.030701], [0.024780, 0.029114, 0.999207]]",0.997498,"[8051, 8054, 7914, 8160]"
30.716173,"[0.117188, 0.199219, -0.710938]","[0.001910, -0.001261, -0.000690]","[0.059999, 0.029999, 0.008049]","[0.004181, -0.002771, -0.001518]","[0.022705, -0.029297, -0.067383]","[-0.014221, 0.011902, -0.033539, 0.999268]","[-0.010284, 0.014709, -0.002869, 0.999817]","[-0.259277, 0.136963, -0.133789]","[[0.997437, -0.067444, -0.022827], [0.066711, 0.997314, -0.029297], [0.024658, 0.027588, 0.999268]]",0.997437,"[7918, 8094, 7966, 8058]"
30.749378,"[0.117188, 0.199219, -0.707031]","[0.002079, -0.001373, -0.000751]","[0.049999, 0.019999, 0.135155]","[0.004460, -0.002957, -0.001620]","[0.024170, -0.031982, -0.067627]","[-0.015594, 0.012634, -0.033569, 0.999237]","[-0.009918, 0.014374, -0.002899, 0.999817]","[-0.124756, 0.255615, 0.058594]","[[0.997375, -0.067566, -0.024170], [0.066711, 0.997253, -0.032043], [0.026245, 0.030334, 0.999146]]",0.997375,"[8086, 8020, 7860, 8181]"
30.817739,"[0.117188, 0.199219, -0.707031]","[0.002450, -0.001620, -0.000886]","[0.029999, 0.019999, 0.149014]","[0.005055, -0.003354, -0.001839]","[0.024658, -0.030518, -0.069336]","[-0.014862, 0.012878, -0.034515, 0.999207]","[-0.010040, 0.013519, -0.002899, 0.999847]","[0.019287, -0.022461, 0.045654]","[[0.997253, -0.069458, -0.024719], [0.068604, 0.997131, -0.030640], [0.026672, 0.028809, 0.999207]]",0.997253,"[8061, 8050, 7933, 8197]"
30.850941,"[0.128906, 0.199219, -0.703125]","[0.002551, -0.001686, -0.000923]","[0.049999, 0.000000, 0.183870]","[0.005212, -0.003459, -0.001896]","[0.024902, -0.028809, -0.070801]","[-0.013977, 0.013031, -0.035187, 0.999207]","[-0.009064, 0.015106, -0.002899, 0.999817]","[-0.148682, 0.050781, -0.090332]","[[0.997192, -0.070740, -0.025024], [0.070007, 0.997131, -0.028931], [0.026978, 0.026978, 0.999268]]",0.997192,"[8003, 8135, 7997, 8151]"
30.884144,"[0.128906, 0.199219, -0.699219]","[0.002761, -0.001825, -0.000999]","[0.029999, 0.039999, 0.163799]","[0.005535, -0.003675, -0.002015]","[0.024414, -0.029785, -0.071045]","[-0.014435, 0.012817, -0.035370, 0.999176]","[-0.011139, 0.014221, -0.002869, 0.999817]","[0.050049, -0.092041, 0.065918]","[[0.997070, -0.071167, -0.024597], [0.070312, 0.997009, -0.029785], [0.026550, 0.027954, 0.999146]]",0.99707,"[8051, 8110, 7940, 8186]"
30.917362,"[0.128906, 0.199219, -0.695312]","[0.002983, -0.001973, -0.001080]","[0.029999, 0.009998, 0.140806]","[0.005871, -0.003900, -0.002139]","[0.024902, -0.028564, -0.072510]","[-0.013855, 0.013000, -0.036102, 0.999176]","[-0.009796, 0.014252, -0.002899, 0.999817]","[-0.070068, 0.116211, -0.056152]","[[0.997070, -0.072571, -0.024963], [0.071838, 0.997009, -0.028687], [0.026917, 0.026733, 0.999268]]",0.99707,"[7989, 8150, 7997, 8154]"
30.983753,"[0.128906, 0.199219, -0.695312]","[0.003343, -0.002212, -0.001211]","[0.029999, 0.000000, 0.160782]","[0.006401, -0.004254, -0.002334]","[0.024902, -0.029785, -0.073242]","[-0.014465, 0.013000, -0.036499, 0.999146]","[-0.009674, 0.014496, -0.002899, 0.999817]","[0.054932, 0.095459, -0.023682]","[[0.996948, -0.073364, -0.024902], [0.072510, 0.996887, -0.029907], [0.026978, 0.027954, 0.999207]]",0.996948,"[8028, 8114, 7952, 8186]"
31.016956,"[0.128906, 0.199219, -0.695312]","[0.003600, -0.002383, -0.001305]","[0.009998, 0.029999, 0.137346]","[0.006770, -0.004502, -0.002470]","[0.024414, -0.028076, -0.073730]","[-0.013580, 0.012756, -0.036682, 0.999146]","[-0.011139, 0.013489, -0.002899, 0.999817]","[-0.010010, -0.042480, 0.080322]","[[0.996948, -0.073669, -0.024475], [0.072937, 0.996887, -0.028137], [0.026428, 0.026184, 0.999268]]",0.996948,"[8018, 8142, 7960, 8145]"
31.052114,"[0.136719, 0.199219, -0.691406]","[0.003872, -0.002564, -0.001404]","[0.029999, 0.009998, 0.105467]","[0.007154, -0.004759, -0.002612]","[0.024414, -0.028076, -0.073730]","[-0.013550, 0.012756, -0.036774, 0.999146]","[-0.010284, 0.015076, -0.002869, 0.999817]","[0.032959, -0.003662, 0.072266]","[[0.996948, -0.073853, -0.024475], [0.073120, 0.996887, -0.028076], [0.026428, 0.026123, 0.999268]]",0.996948,"[8018, 8107, 7948, 8156]"
31.087267,"[0.136719, 0.199219, -0.687500]","[0.004013, -0.002658, -0.001456]","[0.019999, 0.000000, 0.109280]","[0.007351, -0.004891, -0.002684]","[0.024658, -0.027832, -0.074463]","[-0.013519, 0.012848, -0.037079, 0.999146]","[-0.009796, 0.014496, -0.002899, 0.999817]","[0.053711, -0.085693, -0.026855]","[[0.996887, -0.074463, -0.024658], [0.073730, 0.996887, -0.028015], [0.026611, 0.026062, 0.999329]]",0.996887,"[8022, 8109, 7953, 8155]"
31.118523,"[0.136719, 0.199219, -0.687500]","[0.004308, -0.002855, -0.001564]","[0.009998, 0.000000, 0.089951]","[0.007756, -0.005162, -0.002834]","[0.025391, -0.029297, -0.074463]","[-0.014130, 0.013275, -0.037079, 0.999115]","[-0.009918, 0.014008, -0.002899, 0.999847]","[-0.033936, 0.132324, 0.068115]","[[0.996826, -0.074524, -0.025452], [0.073669, 0.996765, -0.029297], [0.027527, 0.027222, 0.999207]]",0.996826,"[8022, 8073, 7944, 8178]"
31.184929,"[0.136719, 0.199219, -0.683594]","[0.004781, -0.003169, -0.001737]","[0.000000, 0.000000, 0.051394]","[0.008390, -0.005588, -0.003068]","[0.024658, -0.028564, -0.074951]","[-0.013855, 0.012878, -0.037292, 0.999115]","[-0.010040, 0.013641, -0.002899, 0.999847]","[0.013916, -0.079834, 0.039307]","[[0.996826, -0.074890, -0.024719], [0.074158, 0.996765, -0.028687], [0.026672, 0.026733, 0.999207]]",0.996826,"[8012, 8106, 7936, 8145]"
31.253284,"[0.136719, 0.207031, -0.683594]","[0.005471, -0.003629, -0.001989]","[0.000000, 0.009998, 0.048016]","[0.009286, -0.006190, -0.003400]","[0.024414, -0.028076, -0.074707]","[-0.013580, 0.012756, -0.037231, 0.999115]","[-0.011017, 0.013733, -0.002899, 0.999817]","[-0.286621, 0.177979, 0.014404]","[[0.996826, -0.074768, -0.024475], [0.074036, 0.996765, -0.028137], [0.026428, 0.026184, 0.999207]]",0.996826,"[7979, 8095, 7922, 8134]"
31.286488,"[0.136719, 0.207031, -0.687500]","[0.005843, -0.003877, -0.002126]","[0.009998, 0.000000, -0.013252]","[0.009757, -0.006507, -0.003575]","[0.023438, -0.026855, -0.074951]","[-0.013031, 0.012207, -0.037323, 0.999146]","[-0.010651, 0.014221, -0.002869, 0.999817]","[0.050049, -0.019775, -0.016846]","[[0.996887, -0.074951, -0.023438], [0.074219, 0.996826, -0.026978], [0.025269, 0.025146, 0.999329]]",0.996887,"[7964, 8119, 7916, 8118]"
31.319689,"[0.136719, 0.207031, -0.687500]","[0.006036, -0.004006, -0.002196]","[0.000000, 0.000000, 0.048674]","[0.009997, -0.006669, -0.003664]","[0.022217, -0.028076, -0.074463]","[-0.013641, 0.011719, -0.037109, 0.999146]","[-0.010773, 0.013855, -0.002899, 0.999817]","[-0.167969, 0.092285, 0.078125]","[[0.996948, -0.074524, -0.022400], [0.073792, 0.996826, -0.028198], [0.024353, 0.026367, 0.999329]]",0.996948,"[8001, 8081, 7875, 8110]"
31.421253,"[0.136719, 0.207031, -0.683594]","[0.007296, -0.004847, -0.002658]","[-0.019999, 0.000000, 0.062931]","[0.011523, -0.007696, -0.004231]","[0.022705, -0.028076, -0.074951]","[-0.013611, 0.011902, -0.037354, 0.999146]","[-0.011017, 0.013123, -0.002899, 0.999847]","[-0.027100, -0.174561, -0.098145]","[[0.996948, -0.075012, -0.022766], [0.074280, 0.996826, -0.028137], [0.024719, 0.026306, 0.999329]]",0.996948,"[8005, 8084, 7909, 8132]"
31.487658,"[0.128906, 0.207031, -0.687500]","[0.007995, -0.005313, -0.002915]","[-0.009998, 0.000000, 0.021509]","[0.012337, -0.008246, -0.004535]","[0.021973, -0.027832, -0.074951]","[-0.013458, 0.011505, -0.037384, 0.999146]","[-0.011139, 0.013245, -0.002899, 0.999817]","[0.056885, -0.273926, 0.018066]","[[0.996887, -0.075073, -0.021973], [0.074341, 0.996826, -0.027832], [0.023926, 0.026001, 0.999329]]",0.996887,"[7963, 8114, 7936, 8115]"
31.520866,"[0.128906, 0.207031, -0.687500]","[0.008488, -0.005643, -0.003096]","[0.000000, 0.000000, 0.016146]","[0.012901, -0.008627, -0.004745]","[0.021484, -0.028076, -0.075195]","[-0.013702, 0.011353, -0.037415, 0.999146]","[-0.011139, 0.013733, -0.002869, 0.999817]","[0.076660, 0.200928, -0.035889]","[[0.996948, -0.075134, -0.021667], [0.074402, 0.996826, -0.028259], [0.023621, 0.026550, 0.999329]]",0.996948,"[7992, 8110, 7898, 8069]"
31.554066,"[0.136719, 0.199219, -0.683594]","[0.008742, -0.005813, -0.003190]","[-0.019999, 0.000000, -0.027205]","[0.013188, -0.008821, -0.004852]","[0.020508, -0.028564, -0.075439]","[-0.013885, 0.010864, -0.037567, 0.999146]","[-0.010773, 0.013000, -0.002899, 0.999847]","[0.043213, -0.188477, -0.014648]","[[0.996948, -0.075378, -0.020630], [0.074768, 0.996765, -0.028625], [0.022705, 0.026917, 0.999390]]",0.996948,"[7976, 8090, 7891, 8072]"
31.589222,"[0.136719, 0.199219, -0.687500]","[0.009269, -0.006166, -0.003384]","[-0.009998, -0.009998, -0.020767]","[0.013775, -0.009218, -0.005071]","[0.021484, -0.029785, -0.075195]","[-0.014526, 0.011292, -0.037445, 0.999146]","[-0.010284, 0.013489, -0.002899, 0.999847]","[-0.026123, 0.055664, 0.002441]","[[0.996948, -0.075195, -0.021484], [0.074463, 0.996826, -0.029907], [0.023560, 0.028198, 0.999329]]",0.996948,"[7969, 8037, 7877, 8117]"
31.622431,"[0.136719, 0.199219, -0.683594]","[0.009819, -0.006534, -0.003586]","[-0.019999, -0.009998, -0.063988]","[0.014377, -0.009625, -0.005297]","[0.020752, -0.028320, -0.075195]","[-0.013824, 0.010895, -0.037445, 0.999146]","[-0.010529, 0.013123, -0.002899, 0.999847]","[0.030273, -0.100586, 0.008789]","[[0.996948, -0.075134, -0.020752], [0.074524, 0.996765, -0.028503], [0.022705, 0.026794, 0.999329]]",0.996948,"[7950, 8071, 7886, 8079]"
31.722038,"[0.136719, 0.199219, -0.679688]","[0.011299, -0.007525, -0.004132]","[-0.029999, -0.009998, 0.026533]","[0.015955, -0.010695, -0.005888]","[0.021240, -0.029785, -0.074951]","[-0.014465, 0.011200, -0.037323, 0.999146]","[-0.010651, 0.012756, -0.002899, 0.999847]","[-0.099121, -0.029785, -0.100830]","[[0.996948, -0.074951, -0.021301], [0.074219, 0.996826, -0.029785], [0.023376, 0.028076, 0.999329]]",0.996948,"[8001, 8041, 7911, 8119]"
31.755238,"[0.136719, 0.199219, -0.679688]","[0.011935, -0.007952, -0.004367]","[-0.019999, -0.009998, 0.011381]","[0.016615, -0.011142, -0.006136]","[0.019531, -0.027832, -0.074951]","[-0.013550, 0.010345, -0.037415, 0.999146]","[-0.010651, 0.013367, -0.002899, 0.999847]","[0.184570, -0.223389, 0.059570]","[[0.996948, -0.075073, -0.019653], [0.074463, 0.996765, -0.027893], [0.021606, 0.026306, 0.999329]]",0.996948,"[7990, 8112, 7925, 8075]"
31.823597,"[0.136719, 0.199219, -0.671875]","[0.012938, -0.008625, -0.004738]","[-0.029999, -0.019999, 0.057869]","[0.017636, -0.011835, -0.006519]","[0.021484, -0.028564, -0.074219]","[-0.013855, 0.011261, -0.036987, 0.999146]","[-0.010284, 0.012878, -0.002899, 0.999847]","[-0.282715, 0.355713, 0.053223]","[[0.996948, -0.074280, -0.021484], [0.073547, 0.996826, -0.028564], [0.023438, 0.026855, 0.999268]]",0.996948,"[7989, 8090, 7973, 8110]"
31.856804,"[0.136719, 0.199219, -0.671875]","[0.013641, -0.009096, -0.004997]","[-0.019999, -0.019999, -0.008509]","[0.018337, -0.012312, -0.006783]","[0.020752, -0.028809, -0.074219]","[-0.013977, 0.010956, -0.036926, 0.999176]","[-0.010406, 0.013245, -0.002899, 0.999847]","[0.011719, 0.163086, -0.041748]","[[0.997070, -0.074219, -0.020874], [0.073486, 0.996887, -0.028809], [0.022827, 0.027100, 0.999390]]",0.99707,"[8017, 8119, 7933, 8135]"
31.890003,"[0.136719, 0.199219, -0.671875]","[0.014371, -0.009587, -0.005268]","[-0.029999, -0.019999, -0.036064]","[0.019054, -0.012800, -0.007054]","[0.019043, -0.027588, -0.073730]","[-0.013458, 0.010071, -0.036682, 0.999176]","[-0.010406, 0.012878, -0.002899, 0.999847]","[-0.245605, 0.240723, 0.046875]","[[0.997009, -0.073669, -0.019104], [0.073059, 0.996887, -0.027710], [0.021057, 0.026123, 0.999390]]",0.997009,"[7991, 8087, 7911, 8097]"
32.024784,"[0.128906, 0.199219, -0.667969]","[0.016734, -0.011176, -0.006143]","[-0.039999, -0.009998, -0.106436]","[0.021307, -0.014335, -0.007904]","[0.019287, -0.027100, -0.071533]","[-0.013245, 0.010162, -0.035675, 0.999237]","[-0.011505, 0.011902, -0.002899, 0.999847]","[-0.094482, 0.189209, 0.045166]","[[0.997253, -0.071655, -0.019348], [0.071045, 0.997131, -0.027222], [0.021179, 0.025757, 0.999451]]",0.997253,"[7955, 8025, 7848, 8032]"
32.059921,"[0.128906, 0.187500, -0.667969]","[0.017582, -0.011746, -0.006458]","[-0.029999, -0.029999, -0.085451]","[0.022092, -0.014870, -0.008201]","[0.018555, -0.026367, -0.071533]","[-0.012909, 0.009827, -0.035583, 0.999237]","[-0.009796, 0.012543, -0.002899, 0.999847]","[0.065430, 0.062012, 0.063965]","[[0.997253, -0.071472, -0.018677], [0.070862, 0.997131, -0.026550], [0.020508, 0.025085, 0.999451]]",0.997253,"[7935, 8041, 7887, 8025]"
32.093128,"[0.128906, 0.187500, -0.667969]","[0.018461, -0.012337, -0.006784]","[-0.029999, -0.019999, -0.046492]","[0.022893, -0.015417, -0.008505]","[0.018799, -0.027832, -0.071045]","[-0.013550, 0.009888, -0.035431, 0.999237]","[-0.010284, 0.012390, -0.002899, 0.999847]","[-0.122070, 0.066895, -0.020020]","[[0.997314, -0.071167, -0.018799], [0.070557, 0.997131, -0.027832], [0.020630, 0.026367, 0.999451]]",0.997314,"[7969, 8027, 7860, 8088]"
32.126331,"[0.128906, 0.187500, -0.664062]","[0.019371, -0.012951, -0.007123]","[-0.039999, -0.029999, -0.061859]","[0.023711, -0.015976, -0.008815]","[0.017822, -0.026855, -0.070801]","[-0.013153, 0.009460, -0.035309, 0.999237]","[-0.009918, 0.011810, -0.002930, 0.999847]","[0.131348, -0.036133, 0.056396]","[[0.997253, -0.070923, -0.017944], [0.070312, 0.997070, -0.026978], [0.019775, 0.025635, 0.999390]]",0.997253,"[7967, 8070, 7882, 8074]"
32.159534,"[0.128906, 0.187500, -0.667969]","[0.019838, -0.013265, -0.007296]","[-0.019999, -0.029999, -0.136223]","[0.024126, -0.016261, -0.008973]","[0.019531, -0.026611, -0.070557]","[-0.012970, 0.010254, -0.035156, 0.999268]","[-0.009918, 0.012787, -0.002899, 0.999847]","[0.036133, 0.307373, 0.017090]","[[0.997375, -0.070618, -0.019592], [0.070007, 0.997253, -0.026672], [0.021301, 0.025208, 0.999512]]",0.997375,"[7931, 8014, 7890, 8057]"
32.194695,"[0.117188, 0.187500, -0.664062]","[0.020797, -0.013912, -0.007653]","[-0.039999, -0.039999, -0.123398]","[0.024970, -0.016838, -0.009294]","[0.018311, -0.027100, -0.070312]","[-0.013214, 0.009705, -0.035004, 0.999268]","[-0.009430, 0.011078, -0.002930, 0.999878]","[-0.295166, 0.410645, 0.021240]","[[0.997375, -0.070312, -0.018433], [0.069702, 0.997253, -0.027161], [0.020264, 0.025696, 0.999512]]",0.997375,"[7946, 8012, 7858, 8062]"
