t,p,p_d,v,v_d,Angles,q,q_sp,w,R,T_sp,rpm
33.31208,"[0.019531, 0.046875, -1.214844]","[0.000000, 0.000000, -0.000000]","[-0.029999, -0.009998, -0.023590]","[0.000001, 0.000003, -0.000002]","[0.011230, -0.021973, -0.023926]","[-0.010956, 0.005859, -0.011902, 0.999847]","[-0.001190, -0.000732, -0.011353, 0.999908]","[-0.113037, 0.142090, 0.062988]","[[0.999573, -0.023987, -0.011414], [0.023621, 0.999451, -0.022095], [0.011902, 0.021729, 0.999634]]",0.999573,"[7916, 7887, 7908, 7982]"
33.33942,"[0.019531, 0.046875, -1.218750]","[0.000000, 0.000000, -0.000000]","[-0.019999, -0.019999, -0.045029]","[0.000005, 0.000014, -0.000010]","[0.006836, -0.019287, -0.024658]","[-0.009644, 0.003540, -0.012329, 0.999847]","[-0.000702, -0.000610, -0.011353, 0.999908]","[0.127930, 0.046875, -0.082031]","[[0.999573, -0.024780, -0.006836], [0.024536, 0.999390, -0.019409], [0.007202, 0.019165, 0.999634]]",0.999573,"[7948, 7938, 7878, 7908]"
33.374573,"[0.019531, 0.046875, -1.218750]","[0.000001, 0.000002, -0.000001]","[0.009998, -0.039999, -0.061384]","[0.000040, 0.000103, -0.000073]","[0.004395, -0.019287, -0.025635]","[-0.009705, 0.002350, -0.012787, 0.999878]","[0.000336, 0.000732, -0.011353, 0.999908]","[-0.256592, 0.249512, 0.023438]","[[0.999695, -0.025635, -0.004395], [0.025513, 0.999512, -0.019470], [0.004883, 0.019348, 0.999817]]",0.999695,"[7964, 7918, 7807, 7899]"
33.407776,"[0.019531, 0.046875, -1.218750]","[0.000002, 0.000005, -0.000004]","[-0.009998, -0.019999, -0.028498]","[0.000080, 0.000209, -0.000148]","[-0.001221, -0.016602, -0.027588]","[-0.008392, -0.000580, -0.013794, 0.999878]","[-0.000458, -0.000244, -0.011322, 0.999908]","[0.234863, 0.047363, -0.040039]","[[0.999634, -0.027588, 0.001343], [0.027588, 0.999512, -0.016785], [-0.000977, 0.016785, 0.999878]]",0.999634,"[7993, 7926, 7803, 7924]"
33.440979,"[0.019531, 0.046875, -1.218750]","[0.000008, 0.000020, -0.000014]","[0.009998, -0.009998, -0.080122]","[0.000243, 0.000630, -0.000446]","[-0.001709, -0.015381, -0.028564]","[-0.007751, -0.000793, -0.014343, 0.999878]","[-0.001221, 0.000702, -0.011322, 0.999908]","[-0.277344, 0.330078, 0.017578]","[[0.999573, -0.028687, 0.001770], [0.028687, 0.999512, -0.015503], [-0.001404, 0.015503, 0.999878]]",0.999573,"[7927, 7919, 7821, 7835]"
33.507389,"[0.019531, 0.046875, -1.218750]","[0.000055, 0.000143, -0.000101]","[0.009998, 0.000000, -0.055342]","[0.001116, 0.002901, -0.002056]","[-0.003662, -0.013916, -0.031250]","[-0.007080, -0.001770, -0.015656, 0.999878]","[-0.001465, 0.000824, -0.011322, 0.999908]","[-0.033447, 0.287842, 0.001465]","[[0.999573, -0.031311, 0.003723], [0.031311, 0.999512, -0.014160], [-0.003357, 0.014160, 1.000000]]",0.999573,"[7908, 7947, 7822, 7898]"
33.540588,"[0.019531, 0.046875, -1.218750]","[0.000080, 0.000209, -0.000148]","[0.009998, -0.009998, -0.040718]","[0.001500, 0.003901, -0.002766]","[-0.003174, -0.016602, -0.032227]","[-0.008301, -0.001465, -0.016113, 0.999847]","[-0.000977, 0.000824, -0.011322, 0.999908]","[-0.179443, 0.143799, 0.019775]","[[0.999512, -0.032227, 0.003174], [0.032227, 0.999390, -0.016602], [-0.002686, 0.016602, 0.999878]]",0.999512,"[7924, 7881, 7806, 7910]"
33.573792,"[0.019531, 0.046875, -1.222656]","[0.000158, 0.000410, -0.000291]","[0.009998, 0.000000, -0.063566]","[0.002532, 0.006588, -0.004675]","[-0.003662, -0.015625, -0.033203]","[-0.007812, -0.001801, -0.016602, 0.999817]","[-0.001343, 0.000824, -0.011322, 0.999908]","[0.255615, -0.278076, -0.067871]","[[0.999390, -0.033203, 0.003845], [0.033203, 0.999268, -0.015625], [-0.003357, 0.015625, 0.999817]]",0.99939,"[7921, 7914, 7814, 7930]"
33.608955,"[0.019531, 0.046875, -1.222656]","[0.000283, 0.000738, -0.000523]","[0.029999, 0.000000, -0.067419]","[0.003976, 0.010353, -0.007353]","[-0.003662, -0.015381, -0.034180]","[-0.007690, -0.001770, -0.017090, 0.999817]","[-0.001221, 0.001801, -0.011322, 0.999908]","[-0.111816, -0.018311, 0.017578]","[[0.999329, -0.034180, 0.003784], [0.034180, 0.999268, -0.015381], [-0.003296, 0.015381, 0.999817]]",0.999329,"[7909, 7910, 7814, 7922]"
33.642151,"[0.019531, 0.046875, -1.226562]","[0.000370, 0.000962, -0.000683]","[0.019999, 0.000000, -0.090984]","[0.004875, 0.012696, -0.009021]","[-0.004150, -0.015137, -0.035156]","[-0.007599, -0.002045, -0.017578, 0.999817]","[-0.001221, 0.001312, -0.011322, 0.999908]","[0.177979, -0.106689, -0.048584]","[[0.999329, -0.035156, 0.004333], [0.035156, 0.999268, -0.015137], [-0.003845, 0.015259, 0.999878]]",0.999329,"[7925, 7894, 7777, 7907]"
33.675354,"[0.019531, 0.046875, -1.226562]","[0.000601, 0.001565, -0.001111]","[0.049999, 0.009998, -0.080799]","[0.007067, 0.018419, -0.013097]","[-0.003418, -0.015625, -0.035645]","[-0.007904, -0.001678, -0.017914, 0.999817]","[-0.001862, 0.002777, -0.011322, 0.999908]","[-0.176270, 0.148926, -0.007080]","[[0.999390, -0.035828, 0.003601], [0.035828, 0.999268, -0.015808], [-0.003113, 0.015808, 0.999878]]",0.99939,"[7917, 7868, 7798, 7935]"
33.708557,"[0.019531, 0.046875, -1.230469]","[0.000929, 0.002421, -0.001720]","[0.039999, 0.000000, -0.084826]","[0.009838, 0.025657, -0.018259]","[-0.003418, -0.016113, -0.036377]","[-0.008087, -0.001617, -0.018188, 0.999786]","[-0.001221, 0.002167, -0.011322, 0.999908]","[-0.027588, -0.170410, 0.007812]","[[0.999268, -0.036377, 0.003479], [0.036377, 0.999146, -0.016174], [-0.002991, 0.016174, 0.999756]]",0.999268,"[7930, 7894, 7801, 7914]"
33.743713,"[0.019531, 0.046875, -1.230469]","[0.001378, 0.003591, -0.002553]","[0.039999, 0.009998, -0.071354]","[0.013241, 0.034556, -0.024614]","[-0.002197, -0.015625, -0.036865]","[-0.007904, -0.001068, -0.018494, 0.999786]","[-0.001587, 0.002167, -0.011322, 0.999908]","[-0.179443, 0.160645, 0.001953]","[[0.999268, -0.036987, 0.002380], [0.036987, 0.999146, -0.015808], [-0.001892, 0.015808, 0.999817]]",0.999268,"[7890, 7861, 7812, 7912]"
33.780827,"[0.027344, 0.046875, -1.234375]","[0.001973, 0.005144, -0.003660]","[0.070000, 0.009998, -0.100134]","[0.017323, 0.045240, -0.032254]","[-0.002441, -0.015625, -0.037598]","[-0.007904, -0.001099, -0.018799, 0.999786]","[-0.001495, 0.003876, -0.011322, 0.999908]","[-0.073486, 0.204834, -0.007080]","[[0.999268, -0.037598, 0.002441], [0.037598, 0.999146, -0.015808], [-0.001953, 0.015808, 0.999817]]",0.999268,"[7914, 7890, 7818, 7921]"
33.81012,"[0.027344, 0.046875, -1.234375]","[0.002333, 0.006086, -0.004332]","[0.059999, 0.009998, -0.117100]","[0.019631, 0.051288, -0.036583]","[-0.002441, -0.015625, -0.037598]","[-0.007904, -0.001190, -0.018890, 0.999786]","[-0.001373, 0.003387, -0.011322, 0.999908]","[0.065186, 0.188965, -0.039062]","[[0.999268, -0.037781, 0.002625], [0.037781, 0.999146, -0.015808], [-0.002136, 0.015808, 0.999817]]",0.999268,"[7942, 7907, 7816, 7923]"
33.843323,"[0.039062, 0.046875, -1.238281]","[0.003199, 0.008347, -0.005945]","[0.080000, 0.009998, -0.143631]","[0.024797, 0.064832, -0.046290]","[-0.001465, -0.016602, -0.037842]","[-0.008392, -0.000580, -0.018982, 0.999786]","[-0.001251, 0.005096, -0.011322, 0.999908]","[-0.133057, 0.017090, 0.050049]","[[0.999268, -0.037964, 0.001465], [0.037964, 0.999146, -0.016785], [-0.000854, 0.016785, 0.999817]]",0.999268,"[7933, 7864, 7813, 7957]"
33.878479,"[0.039062, 0.046875, -1.234375]","[0.004280, 0.011176, -0.007967]","[0.059999, 0.019999, -0.075733]","[0.030716, 0.080370, -0.057444]","[-0.001709, -0.015625, -0.038574]","[-0.007812, -0.000763, -0.019318, 0.999786]","[-0.001617, 0.003998, -0.011322, 0.999908]","[0.029541, 0.216553, -0.048584]","[[0.999268, -0.038635, 0.001770], [0.038635, 0.999146, -0.015625], [-0.001282, 0.015625, 0.999878]]",0.999268,"[7972, 7927, 7819, 7922]"
33.911686,"[0.039062, 0.046875, -1.234375]","[0.004912, 0.012829, -0.009148]","[0.089998, 0.019999, -0.154800]","[0.033963, 0.088899, -0.063574]","[-0.000244, -0.015869, -0.038818]","[-0.008026, 0.000000, -0.019409, 0.999786]","[-0.001404, 0.005463, -0.011322, 0.999908]","[-0.037109, -0.073730, 0.031982]","[[0.999268, -0.038818, 0.000305], [0.038818, 0.999146, -0.016052], [0.000305, 0.016052, 0.999878]]",0.999268,"[7941, 7936, 7848, 7968]"
33.946838,"[0.039062, 0.058594, -1.238281]","[0.006374, 0.016658, -0.011888]","[0.080000, 0.019999, -0.191393]","[0.041030, 0.107488, -0.076953]","[0.000488, -0.016113, -0.039551]","[-0.008087, 0.000427, -0.019775, 0.999786]","[-0.001495, 0.004974, -0.011322, 0.999908]","[-0.097412, 0.291748, -0.011230]","[[0.999268, -0.039612, -0.000488], [0.039490, 0.999146, -0.016235], [0.001099, 0.016113, 0.999878]]",0.999268,"[7951, 7912, 7837, 7987]"
33.980042,"[0.039062, 0.058594, -1.242188]","[0.008127, 0.021253, -0.015179]","[0.099998, 0.029999, -0.221685]","[0.048861, 0.128112, -0.091826]","[0.002197, -0.017334, -0.040283]","[-0.008698, 0.001343, -0.020111, 0.999756]","[-0.001770, 0.005829, -0.011322, 0.999908]","[0.011963, 0.035645, 0.077637]","[[0.999146, -0.040283, -0.002319], [0.040161, 0.999023, -0.017456], [0.002930, 0.017334, 0.999817]]",0.999146,"[7944, 7878, 7829, 8022]"
34.013245,"[0.046875, 0.058594, -1.238281]","[0.009122, 0.023862, -0.017050]","[0.089998, 0.019999, -0.141394]","[0.053059, 0.139180, -0.099820]","[0.001221, -0.015137, -0.041504]","[-0.007629, 0.000824, -0.020752, 0.999756]","[-0.000916, 0.005707, -0.011322, 0.999908]","[0.046387, -0.078369, -0.165283]","[[0.999084, -0.041565, -0.001282], [0.041443, 0.999023, -0.015320], [0.001892, 0.015198, 0.999878]]",0.999084,"[7913, 7946, 7861, 7942]"
34.046452,"[0.058594, 0.058594, -1.242188]","[0.011367, 0.029753, -0.021278]","[0.099998, 0.029999, -0.184118]","[0.062006, 0.162797, -0.116905]","[0.003418, -0.016846, -0.042236]","[-0.008453, 0.001923, -0.021088, 0.999756]","[-0.001038, 0.006805, -0.011322, 0.999908]","[-0.136963, 0.277344, 0.021240]","[[0.999146, -0.042236, -0.003479], [0.042114, 0.999023, -0.017029], [0.004089, 0.016785, 0.999878]]",0.999146,"[7990, 7912, 7855, 8012]"
34.081604,"[0.058594, 0.058594, -1.242188]","[0.013976, 0.036606, -0.026202]","[0.109999, 0.029999, -0.184792]","[0.071668, 0.188340, -0.135426]","[0.004395, -0.016357, -0.043457]","[-0.008209, 0.002441, -0.021759, 0.999725]","[-0.000305, 0.007172, -0.011322, 0.999908]","[-0.010010, -0.164551, -0.128662]","[[0.999023, -0.043579, -0.004517], [0.043457, 0.998901, -0.016541], [0.005127, 0.016296, 0.999817]]",0.999023,"[7981, 7952, 7885, 8029]"
34.114807,"[0.058594, 0.058594, -1.246094]","[0.016976, 0.044493, -0.031878]","[0.099998, 0.029999, -0.222315]","[0.082007, 0.215721, -0.155330]","[0.006104, -0.017090, -0.044434]","[-0.008484, 0.003265, -0.022217, 0.999725]","[0.000031, 0.006226, -0.011322, 0.999908]","[0.021973, 0.143311, 0.040771]","[[0.999023, -0.044495, -0.006104], [0.044373, 0.998901, -0.017151], [0.006836, 0.016785, 0.999878]]",0.999023,"[8000, 7944, 7881, 8057]"
34.14801,"[0.058594, 0.058594, -1.250000]","[0.018629, 0.048843, -0.035011]","[0.119999, 0.039999, -0.219063]","[0.087412, 0.230056, -0.165771]","[0.007324, -0.016846, -0.045410]","[-0.008362, 0.003967, -0.022705, 0.999695]","[0.000397, 0.007202, -0.011353, 0.999908]","[-0.064453, 0.110107, -0.052490]","[[0.998901, -0.045532, -0.007507], [0.045288, 0.998779, -0.016907], [0.008240, 0.016541, 0.999756]]",0.998901,"[7989, 7959, 7910, 8053]"
34.183167,"[0.066406, 0.058594, -1.250000]","[0.022261, 0.058409, -0.041909]","[0.099998, 0.029999, -0.210672]","[0.098679, 0.259978, -0.187612]","[0.007568, -0.017090, -0.047119]","[-0.008514, 0.004028, -0.023529, 0.999695]","[0.001740, 0.006470, -0.011353, 0.999908]","[0.169922, 0.201660, -0.022217]","[[0.998901, -0.047180, -0.007629], [0.046936, 0.998779, -0.017273], [0.008362, 0.016785, 0.999878]]",0.998901,"[8035, 7971, 7874, 8089]"
34.216373,"[0.078125, 0.066406, -1.250000]","[0.026346, 0.069175, -0.049685]","[0.129999, 0.049999, -0.185850]","[0.110500, 0.291436, -0.210644]","[0.008545, -0.015869, -0.048340]","[-0.007874, 0.004517, -0.024170, 0.999664]","[0.000732, 0.008545, -0.011353, 0.999878]","[-0.130615, 0.075684, -0.057373]","[[0.998779, -0.048462, -0.008606], [0.048218, 0.998657, -0.015991], [0.009338, 0.015503, 0.999817]]",0.998779,"[8034, 8052, 7944, 8073]"
34.249577,"[0.078125, 0.066406, -1.253906]","[0.030902, 0.081198, -0.058382]","[0.099998, 0.039999, -0.202923]","[0.122815, 0.324277, -0.234768]","[0.009521, -0.015137, -0.049805]","[-0.007477, 0.004974, -0.024841, 0.999664]","[0.002228, 0.006592, -0.011353, 0.999908]","[0.181641, -0.039551, 0.016357]","[[0.998718, -0.049805, -0.009521], [0.049561, 0.998657, -0.015259], [0.010254, 0.014648, 0.999878]]",0.998718,"[8062, 8073, 7971, 8145]"
34.284729,"[0.078125, 0.066406, -1.257812]","[0.033361, 0.087693, -0.063086]","[0.129999, 0.049999, -0.202671]","[0.129134, 0.341157, -0.247200]","[0.010254, -0.016113, -0.051270]","[-0.007996, 0.005402, -0.025604, 0.999634]","[0.002838, 0.007843, -0.011353, 0.999878]","[0.134766, -0.187012, -0.068604]","[[0.998657, -0.051331, -0.010376], [0.051086, 0.998535, -0.016296], [0.011108, 0.015686, 0.999817]]",0.998657,"[8118, 8070, 7990, 8233]"
34.31794,"[0.078125, 0.066406, -1.257812]","[0.038657, 0.101694, -0.073240]","[0.119999, 0.049999, -0.183687]","[0.142064, 0.375761, -0.272759]","[0.010498, -0.014648, -0.052490]","[-0.007172, 0.005463, -0.026276, 0.999603]","[0.003815, 0.006866, -0.011353, 0.999878]","[-0.167236, 0.267090, -0.010010]","[[0.998474, -0.052673, -0.010498], [0.052429, 0.998413, -0.014648], [0.011230, 0.014038, 0.999756]]",0.998474,"[8101, 8112, 8013, 8184]"
34.351135,"[0.089844, 0.066406, -1.261719]","[0.044464, 0.117062, -0.084406]","[0.109999, 0.049999, -0.205921]","[0.155313, 0.411312, -0.299124]","[0.010498, -0.013916, -0.053711]","[-0.006866, 0.005493, -0.026855, 0.999603]","[0.005035, 0.006866, -0.011383, 0.999878]","[0.199219, -0.159912, -0.052002]","[[0.998474, -0.053833, -0.010559], [0.053589, 0.998413, -0.014038], [0.011292, 0.013428, 0.999817]]",0.998474,"[8127, 8112, 8021, 8237]"
34.384342,"[0.097656, 0.078125, -1.265625]","[0.047563, 0.125271, -0.090379]","[0.139999, 0.070000, -0.205256]","[0.162036, 0.429387, -0.312573]","[0.010742, -0.012695, -0.054688]","[-0.006165, 0.005585, -0.027374, 0.999603]","[0.004517, 0.008209, -0.011383, 0.999878]","[-0.209229, 0.210205, -0.019531]","[[0.998474, -0.054871, -0.010803], [0.054626, 0.998474, -0.012695], [0.011414, 0.011963, 0.999878]]",0.998474,"[8165, 8144, 8043, 8231]"
34.419502,"[0.097656, 0.078125, -1.269531]","[0.054157, 0.142758, -0.103121]","[0.099998, 0.049999, -0.229021]","[0.175629, 0.466015, -0.339922]","[0.010498, -0.010986, -0.055664]","[-0.005371, 0.005402, -0.027802, 0.999603]","[0.006866, 0.006042, -0.011383, 0.999878]","[0.171387, 0.167236, -0.015869]","[[0.998413, -0.055664, -0.010498], [0.055542, 0.998413, -0.011047], [0.010986, 0.010437, 0.999939]]",0.998413,"[8172, 8162, 8035, 8225]"
34.452698,"[0.109375, 0.078125, -1.273438]","[0.061286, 0.161685, -0.116942]","[0.129999, 0.080000, -0.242323]","[0.189356, 0.503115, -0.367764]","[0.010498, -0.011230, -0.056396]","[-0.005524, 0.005524, -0.028198, 0.999573]","[0.006622, 0.007629, -0.011383, 0.999878]","[-0.029541, -0.215088, -0.024902]","[[0.998291, -0.056458, -0.010681], [0.056335, 0.998291, -0.011414], [0.011292, 0.010681, 0.999878]]",0.998291,"[8189, 8154, 8067, 8271]"
34.485901,"[0.117188, 0.078125, -1.277344]","[0.068951, 0.182067, -0.131858]","[0.129999, 0.070000, -0.270979]","[0.203137, 0.540489, -0.395969]","[0.011230, -0.009521, -0.057617]","[-0.004669, 0.005798, -0.028778, 0.999573]","[0.008575, 0.007660, -0.011414, 0.999847]","[0.076172, 0.266113, -0.051514]","[[0.998291, -0.057617, -0.011292], [0.057495, 0.998352, -0.009705], [0.011780, 0.008972, 0.999939]]",0.998291,"[8194, 8168, 8067, 8273]"
34.519108,"[0.109375, 0.089844, -1.285156]","[0.072987, 0.192809, -0.139731]","[0.150000, 0.080000, -0.301527]","[0.210025, 0.559219, -0.410167]","[0.010986, -0.009766, -0.058105]","[-0.004700, 0.005646, -0.029114, 0.999542]","[0.008942, 0.007782, -0.011414, 0.999847]","[0.142822, -0.256592, -0.013672]","[[0.998169, -0.058289, -0.010986], [0.058167, 0.998230, -0.009766], [0.011475, 0.009033, 0.999817]]",0.998169,"[8231, 8180, 8081, 8307]"
34.554276,"[0.117188, 0.089844, -1.296875]","[0.081458, 0.215382, -0.156308]","[0.150000, 0.059999, -0.369888]","[0.223742, 0.596627, -0.438663]","[0.011475, -0.006592, -0.059082]","[-0.003174, 0.005920, -0.029602, 0.999542]","[0.011627, 0.007690, -0.011414, 0.999817]","[0.090576, -0.207275, 0.060059]","[[0.998169, -0.059265, -0.011597], [0.059143, 0.998230, -0.006714], [0.011963, 0.005981, 0.999878]]",0.998169,"[8155, 8190, 8088, 8282]"
34.587463,"[0.128906, 0.089844, -1.304688]","[0.090464, 0.239415, -0.174001]","[0.119999, 0.070000, -0.373106]","[0.237323, 0.633816, -0.467193]","[0.011475, -0.006104, -0.059814]","[-0.002960, 0.005920, -0.029877, 0.999542]","[0.013092, 0.006348, -0.011414, 0.999817]","[0.005371, 0.125000, -0.052979]","[[0.998169, -0.059814, -0.011658], [0.059692, 0.998230, -0.006287], [0.011902, 0.005554, 0.999939]]",0.998169,"[8238, 8156, 8064, 8309]"
34.620667,"[0.128906, 0.097656, -1.312500]","[0.099998, 0.264899, -0.192810]","[0.150000, 0.109999, -0.334543]","[0.250695, 0.670598, -0.495632]","[0.011230, -0.003174, -0.060059]","[-0.001495, 0.005707, -0.030060, 0.999542]","[0.012360, 0.007202, -0.011414, 0.999817]","[0.260254, -0.296143, -0.006348]","[[0.998169, -0.060181, -0.011292], [0.060059, 0.998230, -0.003357], [0.011414, 0.002625, 0.999939]]",0.998169,"[8221, 8202, 8073, 8264]"
34.655827,"[0.136719, 0.097656, -1.320312]","[0.104957, 0.278169, -0.202625]","[0.139999, 0.099998, -0.388865]","[0.257275, 0.688763, -0.509767]","[0.010986, -0.000488, -0.061035]","[-0.000092, 0.005554, -0.030548, 0.999512]","[0.014679, 0.006622, -0.011444, 0.999786]","[0.122559, -0.025879, 0.067871]","[[0.998047, -0.061157, -0.011047], [0.061035, 0.998108, -0.000549], [0.011047, -0.000183, 0.999878]]",0.998047,"[8228, 8247, 8124, 8313]"
34.68903,"[0.136719, 0.097656, -1.332031]","[0.115261, 0.305775, -0.223087]","[0.160000, 0.129999, -0.406475]","[0.270193, 0.724565, -0.537821]","[0.010498, 0.000732, -0.061768]","[0.000641, 0.005341, -0.030945, 0.999512]","[0.015289, 0.006744, -0.011444, 0.999786]","[0.008789, -0.093262, -0.117432]","[[0.998047, -0.061890, -0.010681], [0.061890, 0.998047, 0.000854], [0.010559, -0.001587, 0.999939]]",0.998047,"[8247, 8226, 8107, 8332]"
34.724182,"[0.136719, 0.109375, -1.335938]","[0.126062, 0.334767, -0.244639]","[0.129999, 0.109999, -0.456581]","[0.282726, 0.759499, -0.565474]","[0.011719, 0.001953, -0.062500]","[0.001251, 0.005829, -0.031250, 0.999512]","[0.017883, 0.004578, -0.011414, 0.999756]","[0.070312, 0.166504, 0.045166]","[[0.998047, -0.062500, -0.011719], [0.062500, 0.998108, 0.002075], [0.011475, -0.002808, 1.000000]]",0.998047,"[8232, 8200, 8098, 8328]"
34.755432,"[0.148438, 0.109375, -1.347656]","[0.131643, 0.349765, -0.255815]","[0.150000, 0.150000, -0.449598]","[0.288825, 0.776579, -0.579110]","[0.010498, 0.003418, -0.063721]","[0.001923, 0.005280, -0.031860, 0.999481]","[0.017731, 0.005676, -0.011444, 0.999756]","[0.089600, -0.268311, -0.086670]","[[0.997925, -0.063721, -0.010681], [0.063721, 0.997925, 0.003418], [0.010315, -0.004150, 0.999939]]",0.997925,"[8240, 8190, 8121, 8363]"
34.790604,"[0.156250, 0.117188, -1.367188]","[0.143158, 0.380754, -0.278962]","[0.139999, 0.129999, -0.516033]","[0.300659, 0.809885, -0.605945]","[0.009766, 0.004639, -0.064697]","[0.002533, 0.004913, -0.032440, 0.999451]","[0.020691, 0.004852, -0.011444, 0.999695]","[-0.094238, -0.213623, -0.146240]","[[0.997803, -0.064880, -0.009949], [0.064880, 0.997803, 0.004639], [0.009583, -0.005371, 0.999878]]",0.997803,"[8243, 8209, 8110, 8315]"
34.823795,"[0.156250, 0.117188, -1.378906]","[0.155126, 0.413024, -0.303147]","[0.129999, 0.139999, -0.516432]","[0.311954, 0.841911, -0.632104]","[0.009766, 0.008057, -0.065430]","[0.004272, 0.004761, -0.032745, 0.999420]","[0.022522, 0.003662, -0.011414, 0.999664]","[0.185791, 0.237793, 0.138184]","[[0.997681, -0.065491, -0.009766], [0.065491, 0.997681, 0.008118], [0.009155, -0.008850, 0.999817]]",0.997681,"[8237, 8228, 8058, 8289]"
34.856995,"[0.167969, 0.128906, -1.394531]","[0.167523, 0.446513, -0.328338]","[0.160000, 0.169998, -0.581537]","[0.322655, 0.872510, -0.657488]","[0.009521, 0.010010, -0.066162]","[0.005219, 0.004639, -0.033142, 0.999420]","[0.022644, 0.005005, -0.011444, 0.999664]","[0.276123, -0.131104, -0.039795]","[[0.997681, -0.066284, -0.009583], [0.066284, 0.997681, 0.010010], [0.008850, -0.010742, 0.999817]]",0.997681,"[8235, 8190, 8093, 8367]"
34.890198,"[0.167969, 0.136719, -1.406250]","[0.173873, 0.463696, -0.341298]","[0.129999, 0.160000, -0.585239]","[0.327766, 0.887225, -0.669856]","[0.009277, 0.013916, -0.066895]","[0.007172, 0.004456, -0.033539, 0.999420]","[0.024963, 0.002838, -0.011414, 0.999603]","[-0.152100, 0.107422, 0.016357]","[[0.997742, -0.067017, -0.009338], [0.067139, 0.997681, 0.013977], [0.008362, -0.014587, 0.999878]]",0.997742,"[8176, 8231, 8100, 8291]"
34.923416,"[0.179688, 0.136719, -1.421875]","[0.186870, 0.498913, -0.367939]","[0.179998, 0.199999, -0.654333]","[0.337486, 0.915433, -0.693906]","[0.007812, 0.015137, -0.067627]","[0.007812, 0.003723, -0.033905, 0.999390]","[0.025696, 0.005035, -0.011475, 0.999573]","[0.225098, -0.042725, -0.016357]","[[0.997681, -0.067810, -0.007935], [0.067810, 0.997559, 0.015259], [0.006836, -0.015869, 0.999817]]",0.997681,"[8250, 8173, 8037, 8319]"
34.958557,"[0.179688, 0.148438, -1.437500]","[0.200230, 0.535190, -0.395496]","[0.150000, 0.169998, -0.674141]","[0.346496, 0.941885, -0.716960]","[0.006592, 0.018066, -0.068359]","[0.009216, 0.003082, -0.034241, 0.999390]","[0.028870, 0.002625, -0.011414, 0.999512]","[0.103760, -0.198242, -0.042969]","[[0.997681, -0.068481, -0.006775], [0.068481, 0.997559, 0.018127], [0.005432, -0.018616, 0.999878]]",0.997681,"[8186, 8216, 8036, 8255]"
34.99176,"[0.187500, 0.156250, -1.453125]","[0.213932, 0.572478, -0.423941]","[0.160000, 0.240000, -0.718483]","[0.354758, 0.966484, -0.738950]","[0.007080, 0.020020, -0.068848]","[0.010193, 0.003204, -0.034485, 0.999359]","[0.027405, 0.002747, -0.011414, 0.999542]","[-0.042236, 0.093750, -0.012695]","[[0.997620, -0.068909, -0.007080], [0.069031, 0.997437, 0.020081], [0.005615, -0.020569, 0.999756]]",0.99762,"[8193, 8155, 8031, 8309]"
35.026928,"[0.187500, 0.167969, -1.472656]","[0.220896, 0.591460, -0.438471]","[0.160000, 0.209999, -0.757965]","[0.358595, 0.978046, -0.749516]","[0.006348, 0.022705, -0.069580]","[0.011536, 0.002777, -0.034912, 0.999329]","[0.031097, 0.002045, -0.011414, 0.999420]","[0.078125, 0.244873, -0.035645]","[[0.997559, -0.069763, -0.006348], [0.069885, 0.997314, 0.022766], [0.004639, -0.023254, 0.999695]]",0.997559,"[8159, 8138, 8020, 8273]"
35.060123,"[0.199219, 0.179688, -1.488281]","[0.235046, 0.630099, -0.468152]","[0.160000, 0.219999, -0.743254]","[0.365671, 0.999658, -0.769772]","[0.005127, 0.024414, -0.069824]","[0.012329, 0.002228, -0.034973, 0.999329]","[0.032440, 0.001831, -0.011414, 0.999390]","[0.125488, -0.413086, -0.029785]","[[0.997559, -0.069946, -0.005310], [0.069946, 0.997314, 0.024414], [0.003479, -0.024780, 0.999756]]",0.997559,"[8146, 8138, 8003, 8269]"
35.093327,"[0.199219, 0.187500, -1.507812]","[0.249453, 0.669531, -0.498594]","[0.179998, 0.279999, -0.753954]","[0.371917, 1.019175, -0.788796]","[0.004395, 0.027832, -0.070312]","[0.014130, 0.001740, -0.035187, 0.999298]","[0.031952, 0.001801, -0.011414, 0.999420]","[0.040283, 0.188965, 0.004395]","[[0.997559, -0.070374, -0.004456], [0.070374, 0.997192, 0.028015], [0.002380, -0.028381, 0.999634]]",0.997559,"[8217, 8180, 8004, 8238]"
35.126526,"[0.207031, 0.199219, -1.523438]","[0.256745, 0.689526, -0.514090]","[0.139999, 0.259998, -0.774298]","[0.374719, 1.028116, -0.797827]","[0.003174, 0.030029, -0.070312]","[0.015198, 0.001160, -0.035217, 0.999268]","[0.035034, -0.000427, -0.011322, 0.999298]","[0.260010, -0.366211, -0.107910]","[[0.997498, -0.070435, -0.003357], [0.070435, 0.997070, 0.030212], [0.001160, -0.030457, 0.999512]]",0.997498,"[8192, 8155, 8009, 8278]"
35.159733,"[0.218750, 0.207031, -1.542969]","[0.271482, 0.730010, -0.545592]","[0.189999, 0.320000, -0.800241]","[0.379678, 1.044344, -0.814907]","[0.003174, 0.032959, -0.071045]","[0.016632, 0.001038, -0.035583, 0.999237]","[0.034027, 0.001831, -0.011414, 0.999329]","[-0.045410, 0.088867, 0.049805]","[[0.997498, -0.071167, -0.003235], [0.071167, 0.996948, 0.033081], [0.000793, -0.033325, 0.999451]]",0.997498,"[8173, 8155, 8004, 8247]"
35.192932,"[0.218750, 0.207031, -1.562500]","[0.286395, 0.771085, -0.577736]","[0.179998, 0.269999, -0.848549]","[0.383751, 1.058281, -0.830626]","[0.002441, 0.035889, -0.071533]","[0.018066, 0.000610, -0.035767, 0.999207]","[0.039398, 0.000549, -0.011383, 0.999146]","[0.156250, -0.045410, -0.033447]","[[0.997437, -0.071533, -0.002502], [0.071533, 0.996826, 0.036011], [-0.000183, -0.036133, 0.999329]]",0.997437,"[8141, 8160, 7980, 8224]"
35.226135,"[0.226562, 0.218750, -1.574219]","[0.301453, 0.812666, -0.610472]","[0.150000, 0.309999, -0.859526]","[0.386920, 1.069877, -0.844944]","[0.002930, 0.036377, -0.072021]","[0.018250, 0.000824, -0.036102, 0.999207]","[0.039429, -0.001495, -0.011292, 0.999146]","[-0.025146, -0.008789, 0.036621]","[[0.997437, -0.072205, -0.002930], [0.072205, 0.996826, 0.036377], [0.000244, -0.036499, 0.999390]]",0.997437,"[8171, 8058, 7933, 8266]"
35.261292,"[0.226562, 0.226562, -1.597656]","[0.309021, 0.833603, -0.627034]","[0.209999, 0.379999, -0.875671]","[0.388160, 1.074772, -0.851560]","[0.003662, 0.039795, -0.072998]","[0.020081, 0.001099, -0.036530, 0.999146]","[0.038544, 0.000549, -0.011353, 0.999176]","[0.092529, -0.157715, -0.096680]","[[0.997375, -0.072998, -0.003662], [0.072998, 0.996582, 0.039978], [0.000610, -0.040222, 0.999207]]",0.997375,"[8099, 8048, 7992, 8253]"
35.294506,"[0.226562, 0.238281, -1.621094]","[0.324220, 0.875750, -0.660539]","[0.169998, 0.339998, -0.907827]","[0.389948, 1.082753, -0.863696]","[0.002441, 0.042725, -0.073486]","[0.021423, 0.000549, -0.036804, 0.999115]","[0.042480, -0.002319, -0.011261, 0.999023]","[0.166504, 0.155518, 0.117432]","[[0.997375, -0.073547, -0.002625], [0.073547, 0.996460, 0.042725], [-0.000549, -0.042847, 0.999146]]",0.997375,"[8101, 8082, 7948, 8205]"
35.327698,"[0.250000, 0.257812, -1.640625]","[0.339474, 0.918166, -0.694494]","[0.219999, 0.429998, -0.891241]","[0.390798, 1.088242, -0.874328]","[0.001953, 0.043701, -0.074219]","[0.021973, 0.000275, -0.037109, 0.999084]","[0.039764, 0.000549, -0.011383, 0.999115]","[0.086182, -0.120850, -0.049805]","[[0.997253, -0.074158, -0.002136], [0.074158, 0.996338, 0.043823], [-0.001160, -0.043945, 0.999084]]",0.997253,"[8118, 8040, 7928, 8268]"
35.360901,"[0.250000, 0.269531, -1.660156]","[0.347107, 0.939434, -0.711615]","[0.189999, 0.379999, -0.929436]","[0.390869, 1.090052, -0.879076]","[0.001221, 0.047607, -0.074463]","[0.023834, -0.000214, -0.037201, 0.999023]","[0.044189, -0.001923, -0.011261, 0.998932]","[0.184570, 0.145020, 0.011230]","[[0.997192, -0.074402, -0.001404], [0.074280, 0.996094, 0.047607], [-0.002258, -0.047607, 0.998840]]",0.997192,"[8106, 8075, 7912, 8177]"
35.394108,"[0.257812, 0.289062, -1.675781]","[0.362367, 0.982054, -0.746120]","[0.199999, 0.389999, -0.900620]","[0.390297, 1.091743, -0.887405]","[0.001465, 0.047852, -0.074463]","[0.024048, -0.000092, -0.037292, 0.999023]","[0.045288, -0.001678, -0.011261, 0.998901]","[-0.085449, -0.109131, -0.046143]","[[0.997192, -0.074585, -0.001648], [0.074463, 0.996094, 0.048035], [-0.002014, -0.048035, 0.998840]]",0.997192,"[8103, 8027, 7918, 8225]"
35.427315,"[0.257812, 0.296875, -1.699219]","[0.377587, 1.024693, -0.780922]","[0.240000, 0.499998, -0.950947]","[0.388758, 1.090853, -0.894144]","[0.001465, 0.051025, -0.074951]","[0.025543, -0.000183, -0.037506, 0.998993]","[0.042328, -0.000610, -0.011322, 0.999023]","[0.126465, 0.209473, 0.011230]","[[0.997253, -0.075012, -0.001587], [0.074890, 0.995972, 0.051025], [-0.002319, -0.051025, 0.998779]]",0.997253,"[8090, 8022, 7895, 8217]"
35.46051,"[0.277344, 0.316406, -1.718750]","[0.392729, 1.067251, -0.815964]","[0.199999, 0.429998, -0.951988]","[0.386259, 1.087336, -0.899282]","[0.001465, 0.051514, -0.075195]","[0.025879, -0.000244, -0.037659, 0.998962]","[0.047241, -0.002258, -0.011230, 0.998810]","[-0.075928, -0.204834, -0.023193]","[[0.997131, -0.075317, -0.001465], [0.075195, 0.995850, 0.051697], [-0.002441, -0.051697, 0.998657]]",0.997131,"[8074, 8027, 7904, 8186]"
35.493713,"[0.277344, 0.339844, -1.738281]","[0.400256, 1.088457, -0.833542]","[0.189999, 0.469999, -0.976038]","[0.384644, 1.084579, -0.901237]","[0.001953, 0.052002, -0.075439]","[0.026154, 0.000092, -0.037811, 0.998962]","[0.046875, -0.003601, -0.011169, 0.998810]","[0.027588, 0.224854, -0.015869]","[[0.997192, -0.075562, -0.002136], [0.075562, 0.995850, 0.052185], [-0.001892, -0.052307, 0.998657]]",0.997192,"[8098, 7956, 7874, 8233]"
35.528877,"[0.289062, 0.359375, -1.757812]","[0.415207, 1.130689, -0.868803]","[0.249998, 0.579998, -1.001669]","[0.380681, 1.077066, -0.903897]","[0.001465, 0.054688, -0.075684]","[0.027435, -0.000305, -0.037842, 0.998932]","[0.043060, -0.000824, -0.011322, 0.998993]","[0.216064, -0.042480, -0.125488]","[[0.997192, -0.075684, -0.001526], [0.075562, 0.995728, 0.054810], [-0.002747, -0.054810, 0.998535]]",0.997192,"[8035, 7960, 7849, 8199]"
35.562073,"[0.289062, 0.367188, -1.781250]","[0.429981, 1.172565, -0.904130]","[0.209999, 0.499998, -1.024879]","[0.375737, 1.066826, -0.904874]","[0.000488, 0.056641, -0.075928]","[0.028381, -0.000824, -0.037964, 0.998901]","[0.049194, -0.003693, -0.011169, 0.998718]","[-0.005859, 0.192871, 0.070068]","[[0.997192, -0.075928, -0.000549], [0.075806, 0.995605, 0.056702], [-0.003845, -0.056580, 0.998474]]",0.997192,"[8021, 7993, 7839, 8069]"
35.59528,"[0.308594, 0.386719, -1.800781]","[0.437295, 1.193344, -0.921807]","[0.269999, 0.619999, -1.044453]","[0.372897, 1.060681, -0.904717]","[0.001221, 0.056152, -0.076172]","[0.028168, -0.000458, -0.038055, 0.998871]","[0.044525, -0.000580, -0.011322, 0.998932]","[0.041504, 0.077393, -0.011475]","[[0.997009, -0.076111, -0.001282], [0.075989, 0.995483, 0.056213], [-0.003113, -0.056213, 0.998352]]",0.997009,"[8037, 7891, 7807, 8181]"
35.628483,"[0.308594, 0.406250, -1.816406]","[0.451738, 1.234504, -0.957121]","[0.219999, 0.549999, -1.032578]","[0.366474, 1.046309, -0.903111]","[0.001221, 0.056152, -0.076904]","[0.028168, -0.000397, -0.038452, 0.998871]","[0.049438, -0.003815, -0.011169, 0.998688]","[0.004639, -0.258545, -0.054199]","[[0.997009, -0.076904, -0.001404], [0.076782, 0.995483, 0.056213], [-0.002991, -0.056213, 0.998413]]",0.997009,"[7997, 7891, 7816, 8162]"
35.663635,"[0.316406, 0.437500, -1.843750]","[0.465911, 1.275048, -0.992338]","[0.279999, 0.669998, -1.020414]","[0.359066, 1.029143, -0.899768]","[0.003418, 0.055176, -0.077637]","[0.027740, 0.000702, -0.038879, 0.998871]","[0.044434, -0.001190, -0.011292, 0.998932]","[-0.163086, -0.002197, -0.023193]","[[0.997009, -0.077698, -0.003540], [0.077698, 0.995483, 0.055298], [-0.000854, -0.055420, 0.998474]]",0.997009,"[8000, 7833, 7797, 8222]"
35.696857,"[0.328125, 0.457031, -1.863281]","[0.479777, 1.314878, -1.027398]","[0.209999, 0.599998, -1.076796]","[0.350673, 1.009192, -0.894650]","[0.001953, 0.057861, -0.078613]","[0.029053, -0.000153, -0.039276, 0.998810]","[0.049103, -0.004700, -0.011108, 0.998718]","[0.314453, -0.381592, -0.095215]","[[0.996887, -0.078552, -0.002014], [0.078430, 0.995239, 0.057983], [-0.002625, -0.057983, 0.998291]]",0.996887,"[7968, 7903, 7774, 8126]"
35.730045,"[0.339844, 0.476562, -1.878906]","[0.486580, 1.334472, -1.044833]","[0.279999, 0.729998, -1.069363]","[0.346104, 0.998152, -0.891405]","[0.002197, 0.056885, -0.078857]","[0.028625, 0.000061, -0.039520, 0.998810]","[0.043945, -0.001434, -0.011292, 0.998962]","[-0.311768, 0.365234, 0.012939]","[[0.996826, -0.078979, -0.002380], [0.078979, 0.995239, 0.057068], [-0.002258, -0.057190, 0.998352]]",0.996826,"[7966, 7841, 7727, 8157]"
35.765217,"[0.339844, 0.500000, -1.906250]","[0.499913, 1.373005, -1.079512]","[0.240000, 0.639999, -1.076351]","[0.336239, 0.973959, -0.883621]","[0.001709, 0.059326, -0.079834]","[0.029785, -0.000244, -0.039917, 0.998779]","[0.049316, -0.003937, -0.011169, 0.998688]","[0.195312, -0.172363, -0.135986]","[[0.996887, -0.079834, -0.001892], [0.079712, 0.995117, 0.059448], [-0.002869, -0.059448, 0.998291]]",0.996887,"[7913, 7895, 7732, 8056]"
35.798401,"[0.347656, 0.527344, -1.921875]","[0.512840, 1.410532, -1.113850]","[0.240000, 0.649998, -1.078526]","[0.325404, 0.946926, -0.874031]","[0.002930, 0.057129, -0.080322]","[0.028717, 0.000427, -0.040253, 0.998779]","[0.049438, -0.004181, -0.011139, 0.998688]","[-0.156250, 0.096191, 0.036133]","[[0.996765, -0.080444, -0.003113], [0.080444, 0.995117, 0.057251], [-0.001526, -0.057373, 0.998352]]",0.996765,"[7929, 7774, 7699, 8122]"
35.831604,"[0.367188, 0.546875, -1.937500]","[0.525323, 1.446948, -1.147773]","[0.299999, 0.809998, -1.087994]","[0.313637, 0.917149, -0.862667]","[0.004395, 0.056396, -0.081055]","[0.028320, 0.001129, -0.040619, 0.998779]","[0.042725, -0.000977, -0.011292, 0.998993]","[0.213379, -0.055420, 0.032959]","[[0.996704, -0.081116, -0.004517], [0.081238, 0.995117, 0.056396], [-0.000122, -0.056641, 0.998413]]",0.996704,"[7917, 7727, 7667, 8169]"
35.864807,"[0.367188, 0.578125, -1.957031]","[0.531386, 1.464708, -1.164557]","[0.240000, 0.689999, -1.035439]","[0.307395, 0.901209, -0.856302]","[0.005859, 0.057373, -0.082275]","[0.028931, 0.001740, -0.041199, 0.998749]","[0.048737, -0.004456, -0.011139, 0.998718]","[-0.013428, -0.008057, -0.064209]","[[0.996643, -0.082275, -0.005859], [0.082397, 0.994995, 0.057556], [0.000977, -0.057922, 0.998352]]",0.996643,"[7857, 7856, 7722, 8055]"
35.89801,"[0.378906, 0.609375, -1.976562]","[0.543144, 1.499279, -1.197743]","[0.299999, 0.859999, -1.053547]","[0.294250, 0.867345, -0.842306]","[0.006104, 0.056152, -0.082764]","[0.028290, 0.001923, -0.041504, 0.998749]","[0.040527, -0.001221, -0.011292, 0.999084]","[0.181885, -0.071777, -0.006836]","[[0.996582, -0.082886, -0.006165], [0.083008, 0.994995, 0.056274], [0.001404, -0.056641, 0.998413]]",0.996582,"[7912, 7730, 7666, 8112]"
35.931217,"[0.386719, 0.628906, -1.996094]","[0.554366, 1.532451, -1.230341]","[0.249998, 0.729998, -1.023504]","[0.280236, 0.830797, -0.826607]","[0.006348, 0.055908, -0.083496]","[0.028107, 0.002045, -0.041870, 0.998718]","[0.047607, -0.003723, -0.011169, 0.998779]","[-0.215820, 0.135986, 0.030273]","[[0.996399, -0.083618, -0.006409], [0.083740, 0.994873, 0.055908], [0.001648, -0.056274, 0.998352]]",0.996399,"[7860, 7769, 7655, 8028]"
35.96637,"[0.398438, 0.656250, -2.011719]","[0.559767, 1.548488, -1.246401]","[0.259998, 0.749998, -1.002068]","[0.272919, 0.811561, -0.818138]","[0.007568, 0.052490, -0.084473]","[0.026489, 0.002716, -0.042297, 0.998749]","[0.046753, -0.003113, -0.011200, 0.998810]","[0.008545, 0.082275, -0.076416]","[[0.996338, -0.084412, -0.007629], [0.084656, 0.994995, 0.052612], [0.003113, -0.053101, 0.998535]]",0.996338,"[7923, 7700, 7632, 8152]"
35.999577,"[0.406250, 0.687500, -2.027344]","[0.570135, 1.579415, -1.278016]","[0.289999, 0.929998, -0.967148]","[0.257688, 0.771208, -0.799989]","[0.007324, 0.053711, -0.085205]","[0.027039, 0.002625, -0.042694, 0.998718]","[0.037842, -0.001862, -0.011261, 0.999207]","[0.166992, -0.138428, 0.013916]","[[0.996277, -0.085205, -0.007507], [0.085449, 0.994873, 0.053711], [0.002869, -0.054199, 0.998474]]",0.996277,"[7872, 7726, 7635, 8107]"
36.036682,"[0.417969, 0.718750, -2.042969]","[0.579890, 1.608710, -1.308883]","[0.259998, 0.789999, -0.959997]","[0.241708, 0.728457, -0.780288]","[0.006592, 0.052734, -0.086182]","[0.026581, 0.002167, -0.043182, 0.998688]","[0.044556, -0.003021, -0.011200, 0.998932]","[0.159668, -0.260254, 0.018555]","[[0.996155, -0.086243, -0.006592], [0.086365, 0.994751, 0.052795], [0.001953, -0.053284, 0.998474]]",0.996155,"[7835, 7792, 7662, 8032]"
36.065983,"[0.429688, 0.750000, -2.054688]","[0.589009, 1.636295, -1.338956]","[0.309999, 0.959999, -0.900682]","[0.225021, 0.683383, -0.759083]","[0.006348, 0.050293, -0.087158]","[0.025330, 0.002075, -0.043701, 0.998718]","[0.035736, -0.000305, -0.011322, 0.999268]","[-0.047852, -0.153320, -0.053711]","[[0.996155, -0.087280, -0.006348], [0.087402, 0.994873, 0.050354], [0.001831, -0.050720, 0.998657]]",0.996155,"[7924, 7731, 7601, 8074]"
36.101135,"[0.437500, 0.777344, -2.070312]","[0.593320, 1.649415, -1.353674]","[0.259998, 0.829998, -0.891449]","[0.216429, 0.660012, -0.747938]","[0.007812, 0.048340, -0.088623]","[0.024414, 0.002838, -0.044373, 0.998718]","[0.041748, -0.002563, -0.011230, 0.999054]","[-0.371826, 0.216309, -0.024414]","[[0.996033, -0.088562, -0.007812], [0.088806, 0.994873, 0.048401], [0.003418, -0.049011, 0.998779]]",0.996033,"[7830, 7728, 7631, 8036]"
36.134342,"[0.449219, 0.796875, -2.082031]","[0.601431, 1.674257, -1.382436]","[0.259998, 0.839998, -0.935045]","[0.198778, 0.611666, -0.724600]","[0.008301, 0.042969, -0.089600]","[0.021667, 0.003296, -0.044830, 0.998749]","[0.041016, -0.002319, -0.011261, 0.999084]","[0.137939, -0.466553, -0.064697]","[[0.995911, -0.089478, -0.008484], [0.089722, 0.994995, 0.042969], [0.004578, -0.043579, 0.998962]]",0.995911,"[7896, 7615, 7546, 8182]"
36.167542,"[0.457031, 0.839844, -2.097656]","[0.608842, 1.697174, -1.410266]","[0.309999, 1.029999, -0.857662]","[0.180538, 0.561249, -0.699909]","[0.007812, 0.046143, -0.090820]","[0.023346, 0.002869, -0.045532, 0.998688]","[0.030243, 0.000336, -0.011353, 0.999451]","[0.055664, 0.016357, -0.101074]","[[0.995789, -0.090881, -0.007812], [0.091125, 0.994751, 0.046265], [0.003540, -0.046875, 0.998840]]",0.995789,"[7805, 7753, 7586, 8010]"
36.200745,"[0.457031, 0.867188, -2.105469]","[0.612277, 1.707882, -1.423808]","[0.259998, 0.859999, -0.817036]","[0.171217, 0.535308, -0.687081]","[0.008545, 0.043701, -0.092285]","[0.022095, 0.003357, -0.046265, 0.998688]","[0.037964, -0.002228, -0.011261, 0.999207]","[-0.156006, 0.214111, 0.011230]","[[0.995667, -0.092346, -0.008728], [0.092590, 0.994751, 0.043762], [0.004578, -0.044495, 0.999023]]",0.995667,"[7799, 7780, 7617, 7974]"
36.235901,"[0.476562, 0.898438, -2.117188]","[0.618595, 1.727757, -1.450132]","[0.320000, 1.049997, -0.804192]","[0.152195, 0.482003, -0.660489]","[0.010742, 0.035156, -0.094238]","[0.017853, 0.004547, -0.047272, 0.998688]","[0.027679, 0.001648, -0.011383, 0.999542]","[-0.110840, -0.450684, -0.074951]","[[0.995361, -0.094299, -0.010742], [0.094543, 0.994751, 0.035156], [0.007324, -0.036133, 0.999207]]",0.995361,"[7904, 7595, 7528, 8211]"
36.269108,"[0.488281, 0.929688, -2.128906]","[0.624162, 1.745517, -1.475396]","[0.259998, 0.899998, -0.828543]","[0.132710, 0.426899, -0.632705]","[0.008301, 0.036133, -0.095947]","[0.018280, 0.003296, -0.048035, 0.998688]","[0.033691, -0.000824, -0.011322, 0.999359]","[0.441406, -0.174072, -0.246338]","[[0.995361, -0.095886, -0.008301], [0.096008, 0.994751, 0.036133], [0.004761, -0.036865, 0.999329]]",0.995361,"[7824, 7734, 7531, 8044]"
36.302307,"[0.500000, 0.957031, -2.140625]","[0.628958, 1.761089, -1.499550]","[0.259998, 0.909998, -0.807207]","[0.112817, 0.370115, -0.603801]","[0.009033, 0.034668, -0.096680]","[0.017609, 0.003723, -0.048431, 0.998657]","[0.031952, -0.000244, -0.011322, 0.999420]","[-0.411865, 0.264648, 0.030273]","[[0.995239, -0.096619, -0.009094], [0.096863, 0.994629, 0.034790], [0.005676, -0.035522, 0.999268]]",0.995239,"[7788, 7718, 7577, 7992]"
36.33551,"[0.507812, 1.000000, -2.148438]","[0.631063, 1.768035, -1.511198]","[0.320000, 1.099998, -0.817690]","[0.102732, 0.341127, -0.588949]","[0.009277, 0.031250, -0.098389]","[0.015869, 0.003906, -0.049255, 0.998657]","[0.020691, 0.003021, -0.011414, 0.999695]","[-0.072998, 0.266846, 0.016357]","[[0.995117, -0.098267, -0.009338], [0.098511, 0.994629, 0.031250], [0.006165, -0.032104, 0.999451]]",0.995117,"[7817, 7632, 7474, 8048]"
