t,p,p_d,v,v_d,Angles,q,q_sp,w,R,T_sp,rpm
52.062996,"[0.007812, 0.066406, -0.996094]","[0.000000, 0.000000, 0.000000]","[-0.039999, -0.029999, -0.090263]","[0.000000, 0.000004, 0.000000]","[0.020752, -0.022461, -0.015381]","[-0.011230, 0.010498, -0.007599, 0.999847]","[-0.000244, 0.000214, -0.007538, 0.999969]","[0.066650, 0.170654, 0.010498]","[[0.999634, -0.015442, -0.020813], [0.014954, 0.999573, -0.022644], [0.021057, 0.022278, 0.999451]]",0.999634,"[7804, 7687, 7735, 7822]"
52.115738,"[0.007812, 0.058594, -0.996094]","[0.000000, 0.000001, 0.000000]","[-0.009998, -0.039999, 0.020424]","[0.000006, 0.000068, 0.000003]","[0.012451, -0.019287, -0.016357]","[-0.009644, 0.006378, -0.008118, 0.999878]","[0.000732, -0.000092, -0.007538, 0.999969]","[0.050049, -0.393799, -0.056152]","[[0.999695, -0.016418, -0.012573], [0.016052, 0.999573, -0.019409], [0.012817, 0.019165, 0.999634]]",0.999695,"[7846, 7780, 7715, 7743]"
52.117683,"[0.000000, 0.058594, -1.000000]","[0.000000, 0.000001, 0.000000]","[-0.019999, -0.039999, 0.036654]","[0.000006, 0.000068, 0.000003]","[0.012695, -0.018555, -0.016602]","[-0.009277, 0.006531, -0.008301, 0.999908]","[0.000732, -0.000946, -0.007538, 0.999969]","[0.011230, 0.189209, 0.037842]","[[0.999756, -0.016724, -0.012878], [0.016479, 0.999695, -0.018677], [0.013123, 0.018433, 0.999756]]",0.999756,"[7834, 7782, 7702, 7766]"
52.131355,"[0.000000, 0.058594, -1.000000]","[0.000000, 0.000003, 0.000000]","[-0.029999, -0.029999, 0.054749]","[0.000014, 0.000163, 0.000008]","[0.010742, -0.017822, -0.016846]","[-0.008850, 0.005554, -0.008453, 0.999908]","[0.000244, -0.001556, -0.007538, 0.999969]","[0.156494, 0.093506, -0.049805]","[[0.999756, -0.017029, -0.010925], [0.016785, 0.999695, -0.017822], [0.011169, 0.017578, 0.999756]]",0.999756,"[7876, 7818, 7707, 7776]"
52.260265,"[0.007812, 0.058594, -0.996094]","[0.000019, 0.000225, 0.000011]","[-0.019999, -0.019999, 0.040718]","[0.000393, 0.004576, 0.000230]","[0.003174, -0.013916, -0.021240]","[-0.007050, 0.001740, -0.010681, 0.999939]","[0.000122, -0.000702, -0.007538, 0.999969]","[0.045898, -0.409668, -0.052979]","[[0.999817, -0.021423, -0.003296], [0.021301, 0.999756, -0.014160], [0.003540, 0.014038, 0.999939]]",0.999817,"[7923, 7890, 7781, 7881]"
52.266121,"[0.000000, 0.058594, -1.000000]","[0.000019, 0.000225, 0.000011]","[0.000000, -0.019999, 0.033682]","[0.000393, 0.004576, 0.000230]","[0.002686, -0.013428, -0.021729]","[-0.006714, 0.001465, -0.010925, 0.999939]","[0.000122, -0.000092, -0.007538, 0.999969]","[0.081055, -0.484619, -0.079102]","[[0.999817, -0.021912, -0.002747], [0.021790, 0.999756, -0.013489], [0.002991, 0.013367, 0.999939]]",0.999817,"[7889, 7910, 7809, 7888]"
52.322765,"[0.000000, 0.058594, -0.996094]","[0.000056, 0.000647, 0.000033]","[-0.009998, -0.009998, 0.100832]","[0.000893, 0.010375, 0.000526]","[0.001465, -0.012939, -0.024414]","[-0.006500, 0.000916, -0.012177, 0.999908]","[-0.000214, -0.000610, -0.007568, 0.999969]","[-0.018066, -0.182373, 0.003418]","[[0.999695, -0.024414, -0.001648], [0.024292, 0.999634, -0.013062], [0.001892, 0.012939, 0.999878]]",0.999695,"[7897, 7892, 7822, 7910]"
52.332527,"[0.000000, 0.046875, -0.992188]","[0.000056, 0.000647, 0.000033]","[0.029999, -0.029999, 0.048323]","[0.000893, 0.010375, 0.000526]","[0.003174, -0.013184, -0.024902]","[-0.006592, 0.001709, -0.012451, 0.999908]","[0.001312, 0.001343, -0.007568, 0.999969]","[-0.040283, 0.125977, 0.043701]","[[0.999695, -0.024963, -0.003235], [0.024841, 0.999634, -0.013245], [0.003479, 0.013123, 0.999939]]",0.999695,"[7924, 7881, 7821, 7952]"
52.365734,"[0.000000, 0.046875, -0.992188]","[0.000100, 0.001162, 0.000059]","[-0.009998, -0.009998, 0.074478]","[0.001404, 0.016289, 0.000830]","[0.001221, -0.011719, -0.027344]","[-0.005859, 0.000732, -0.013733, 0.999908]","[0.000488, -0.000580, -0.007538, 0.999969]","[0.085205, -0.447510, -0.199707]","[[0.999695, -0.027527, -0.001282], [0.027405, 0.999634, -0.011780], [0.001526, 0.011658, 1.000000]]",0.999695,"[7883, 7897, 7792, 7900]"
52.398933,"[0.007812, 0.046875, -0.988281]","[0.000168, 0.001945, 0.000099]","[0.019999, -0.009998, 0.154406]","[0.002085, 0.024172, 0.001238]","[0.001953, -0.010986, -0.028320]","[-0.005585, 0.001099, -0.014160, 0.999908]","[0.000580, 0.001221, -0.007568, 0.999969]","[0.013916, 0.252441, -0.027344]","[[0.999695, -0.028381, -0.002014], [0.028259, 0.999634, -0.011230], [0.002258, 0.011108, 1.000000]]",0.999695,"[7954, 7955, 7874, 7989]"
52.432148,"[0.007812, 0.046875, -0.984375]","[0.000212, 0.002463, 0.000125]","[0.009998, -0.009998, 0.154148]","[0.002497, 0.028937, 0.001487]","[0.001953, -0.010010, -0.029053]","[-0.005096, 0.001068, -0.014587, 0.999908]","[0.000458, 0.000732, -0.007568, 0.999969]","[0.035156, -0.148926, 0.047852]","[[0.999634, -0.029236, -0.001953], [0.029114, 0.999634, -0.010254], [0.002197, 0.010132, 1.000000]]",0.999634,"[7948, 7956, 7886, 7989]"
52.46534,"[0.007812, 0.046875, -0.980469]","[0.000328, 0.003806, 0.000195]","[0.039999, -0.009998, 0.115292]","[0.003478, 0.040258, 0.002080]","[0.001709, -0.010010, -0.030273]","[-0.005005, 0.001038, -0.015167, 0.999847]","[0.000580, 0.002197, -0.007568, 0.999939]","[0.004395, 0.031250, -0.124756]","[[0.999390, -0.030396, -0.001892], [0.030273, 0.999390, -0.010071], [0.002136, 0.009949, 0.999817]]",0.99939,"[7934, 7931, 7898, 7995]"
52.5005,"[0.007812, 0.046875, -0.976562]","[0.000487, 0.005642, 0.000290]","[0.049999, -0.009998, 0.132057]","[0.004684, 0.054151, 0.002815]","[0.001953, -0.009033, -0.031494]","[-0.004517, 0.001160, -0.015778, 0.999847]","[0.000702, 0.002686, -0.007568, 0.999939]","[0.048096, -0.213379, -0.052979]","[[0.999390, -0.031616, -0.002136], [0.031494, 0.999390, -0.009094], [0.002380, 0.008972, 0.999878]]",0.99939,"[7948, 7976, 7891, 7971]"
52.533707,"[0.007812, 0.046875, -0.968750]","[0.000697, 0.008073, 0.000417]","[0.039999, 0.000000, 0.152401]","[0.006131, 0.070794, 0.003703]","[0.001465, -0.008545, -0.033691]","[-0.004242, 0.000885, -0.016815, 0.999847]","[0.000458, 0.002197, -0.007568, 0.999939]","[0.066650, 0.023682, -0.084229]","[[0.999390, -0.033691, -0.001587], [0.033569, 0.999390, -0.008545], [0.001831, 0.008423, 0.999939]]",0.99939,"[7935, 7988, 7890, 7976]"
52.566906,"[0.007812, 0.046875, -0.968750]","[0.000825, 0.009547, 0.000494]","[0.049999, 0.009998, 0.134485]","[0.006949, 0.080196, 0.004209]","[0.002441, -0.008057, -0.035156]","[-0.004028, 0.001343, -0.017609, 0.999817]","[0.000214, 0.002686, -0.007568, 0.999939]","[0.001709, 0.122803, -0.039062]","[[0.999268, -0.035278, -0.002502], [0.035156, 0.999268, -0.008118], [0.002747, 0.007996, 0.999878]]",0.999268,"[7940, 7977, 7906, 8023]"
52.600105,"[0.019531, 0.046875, -0.960938]","[0.001131, 0.013079, 0.000680]","[0.059999, 0.000000, 0.135895]","[0.008781, 0.101210, 0.005346]","[0.003418, -0.008545, -0.037109]","[-0.004211, 0.001831, -0.018524, 0.999817]","[0.001190, 0.003906, -0.007568, 0.999939]","[-0.014160, -0.012695, -0.134277]","[[0.999268, -0.037109, -0.003479], [0.036987, 0.999268, -0.008545], [0.003723, 0.008301, 0.999939]]",0.999268,"[7924, 7961, 7899, 8028]"
52.633308,"[0.019531, 0.046875, -0.957031]","[0.001514, 0.017492, 0.000914]","[0.049999, 0.000000, 0.126780]","[0.010880, 0.125246, 0.006661]","[0.003662, -0.008301, -0.038818]","[-0.004120, 0.001923, -0.019409, 0.999786]","[0.001434, 0.003418, -0.007568, 0.999939]","[0.025635, 0.028564, 0.002930]","[[0.999146, -0.038879, -0.003662], [0.038757, 0.999146, -0.008362], [0.003906, 0.008118, 0.999878]]",0.999146,"[7945, 7958, 7893, 8023]"
52.666512,"[0.019531, 0.046875, -0.953125]","[0.001738, 0.020066, 0.001051]","[0.070000, 0.019999, 0.164141]","[0.012031, 0.138406, 0.007387]","[0.004395, -0.007812, -0.040283]","[-0.003876, 0.002380, -0.020172, 0.999786]","[0.000793, 0.004395, -0.007568, 0.999939]","[-0.018066, 0.035889, -0.042725]","[[0.999146, -0.040405, -0.004578], [0.040283, 0.999146, -0.007874], [0.004822, 0.007629, 0.999939]]",0.999146,"[7937, 7969, 7884, 8032]"
52.699726,"[0.019531, 0.046875, -0.949219]","[0.002256, 0.026021, 0.001370]","[0.059999, 0.019999, 0.150326]","[0.014537, 0.167010, 0.008978]","[0.005127, -0.007080, -0.042236]","[-0.003479, 0.002655, -0.021118, 0.999756]","[0.001312, 0.003784, -0.007568, 0.999939]","[0.103271, -0.043701, -0.091797]","[[0.999023, -0.042297, -0.005127], [0.042175, 0.999023, -0.007080], [0.005371, 0.006836, 0.999878]]",0.999023,"[7951, 7994, 7916, 8039]"
52.734871,"[0.019531, 0.046875, -0.941406]","[0.002877, 0.033153, 0.001755]","[0.089998, 0.029999, 0.180433]","[0.017313, 0.198621, 0.010757]","[0.006104, -0.007080, -0.043701]","[-0.003540, 0.003174, -0.021912, 0.999725]","[0.001526, 0.005371, -0.007568, 0.999939]","[-0.096436, 0.104004, -0.114014]","[[0.998901, -0.043884, -0.006165], [0.043762, 0.998901, -0.007263], [0.006409, 0.006897, 0.999817]]",0.998901,"[7947, 8017, 7946, 8054]"
52.76807,"[0.019531, 0.046875, -0.941406]","[0.003612, 0.041577, 0.002213]","[0.070000, 0.029999, 0.130186]","[0.020353, 0.233158, 0.012726]","[0.006104, -0.006348, -0.045654]","[-0.003082, 0.003204, -0.022797, 0.999725]","[0.002014, 0.004395, -0.007568, 0.999939]","[0.134766, -0.070068, -0.023682]","[[0.998901, -0.045654, -0.006226], [0.045532, 0.998901, -0.006348], [0.006470, 0.005981, 0.999939]]",0.998901,"[7948, 8029, 7906, 8052]"
52.801277,"[0.027344, 0.058594, -0.937500]","[0.004025, 0.046308, 0.002471]","[0.089998, 0.039999, 0.178186]","[0.021969, 0.251487, 0.013781]","[0.007324, -0.006836, -0.047119]","[-0.003357, 0.003784, -0.023529, 0.999695]","[0.001526, 0.005737, -0.007568, 0.999939]","[-0.123535, 0.052490, -0.059326]","[[0.998779, -0.047119, -0.007385], [0.046997, 0.998779, -0.006897], [0.007629, 0.006531, 0.999878]]",0.998779,"[7948, 8003, 7911, 8084]"
52.836433,"[0.027344, 0.058594, -0.925781]","[0.004949, 0.056879, 0.003053]","[0.080000, 0.039999, 0.187176]","[0.025387, 0.290167, 0.016031]","[0.007812, -0.005615, -0.048828]","[-0.002686, 0.003998, -0.024414, 0.999664]","[0.002380, 0.005371, -0.007568, 0.999939]","[0.041260, -0.000732, -0.038086]","[[0.998657, -0.048889, -0.007812], [0.048767, 0.998657, -0.005615], [0.008057, 0.005127, 0.999817]]",0.998657,"[7964, 8022, 7935, 8077]"
52.869633,"[0.027344, 0.058594, -0.921875]","[0.006012, 0.069012, 0.003726]","[0.099998, 0.049999, 0.181318]","[0.029040, 0.331392, 0.018465]","[0.008301, -0.006104, -0.051025]","[-0.002930, 0.004333, -0.025543, 0.999634]","[0.002869, 0.005981, -0.007568, 0.999939]","[-0.158936, 0.021729, -0.025146]","[[0.998535, -0.051147, -0.008484], [0.051025, 0.998535, -0.006104], [0.008728, 0.005615, 0.999817]]",0.998535,"[7940, 8033, 7923, 8066]"
52.90284,"[0.039062, 0.058594, -0.914062]","[0.007221, 0.082799, 0.004498]","[0.099998, 0.059999, 0.145380]","[0.032910, 0.374932, 0.021076]","[0.008545, -0.004395, -0.052979]","[-0.002136, 0.004395, -0.026459, 0.999634]","[0.003479, 0.006592, -0.007568, 0.999939]","[0.167969, 0.001953, -0.022705]","[[0.998535, -0.052979, -0.008667], [0.052856, 0.998535, -0.004517], [0.008789, 0.004028, 0.999878]]",0.998535,"[7929, 8006, 7894, 8046]"
52.936043,"[0.039062, 0.066406, -0.910156]","[0.007883, 0.090341, 0.004923]","[0.089998, 0.049999, 0.180523]","[0.034920, 0.397497, 0.022446]","[0.010254, -0.004639, -0.054932]","[-0.002167, 0.005188, -0.027466, 0.999603]","[0.004578, 0.006134, -0.007568, 0.999939]","[-0.145264, 0.056152, -0.105713]","[[0.998413, -0.054993, -0.010254], [0.054871, 0.998413, -0.004639], [0.010376, 0.004028, 0.999878]]",0.998413,"[7925, 7983, 7909, 8058]"
52.969246,"[0.039062, 0.066406, -0.906250]","[0.009328, 0.106772, 0.005855]","[0.109999, 0.070000, 0.134943]","[0.039077, 0.444044, 0.025309]","[0.010986, -0.003906, -0.057129]","[-0.001801, 0.005615, -0.028625, 0.999573]","[0.004822, 0.007111, -0.007599, 0.999908]","[0.156250, 0.054199, -0.023193]","[[0.998291, -0.057312, -0.011108], [0.057190, 0.998352, -0.003967], [0.011230, 0.003235, 0.999878]]",0.998291,"[7945, 8004, 7886, 8105]"
53.002445,"[0.046875, 0.078125, -0.898438]","[0.010938, 0.125053, 0.006902]","[0.089998, 0.049999, 0.163811]","[0.043396, 0.492231, 0.028329]","[0.011963, -0.003662, -0.059326]","[-0.001740, 0.006134, -0.029724, 0.999542]","[0.006287, 0.006500, -0.007599, 0.999908]","[-0.105225, 0.159424, -0.092773]","[[0.998169, -0.059509, -0.012146], [0.059387, 0.998230, -0.003845], [0.012268, 0.003113, 0.999878]]",0.998169,"[7919, 7996, 7889, 8075]"
53.035652,"[0.058594, 0.078125, -0.894531]","[0.011807, 0.134907, 0.007471]","[0.119999, 0.049999, 0.148785]","[0.045608, 0.516841, 0.029894]","[0.011719, -0.002686, -0.061768]","[-0.001129, 0.005981, -0.030884, 0.999512]","[0.007843, 0.008698, -0.007629, 0.999878]","[0.170654, -0.191406, -0.059814]","[[0.998047, -0.061829, -0.011841], [0.061707, 0.998108, -0.002686], [0.011963, 0.001831, 0.999939]]",0.998047,"[7918, 8004, 7888, 8097]"
53.174332,"[0.046875, 0.078125, -0.882812]","[0.019136, 0.217657, 0.012351]","[0.099998, 0.089998, 0.064196]","[0.061740, 0.694773, 0.041732]","[0.016357, 0.002930, -0.070801]","[0.001831, 0.008148, -0.035461, 0.999329]","[0.013123, 0.006561, -0.007629, 0.999847]","[-0.241943, 0.402100, -0.042236]","[[0.997314, -0.070923, -0.016418], [0.070923, 0.997437, 0.002991], [0.016052, -0.004211, 0.999817]]",0.997314,"[7889, 8023, 7825, 8027]"
53.176277,"[0.078125, 0.089844, -0.882812]","[0.020365, 0.231480, 0.013184]","[0.109999, 0.089998, 0.064196]","[0.064092, 0.720466, 0.043529]","[0.016357, 0.002930, -0.070801]","[0.001831, 0.008148, -0.035461, 0.999329]","[0.012726, 0.008881, -0.007660, 0.999847]","[-0.241943, 0.402100, -0.042236]","[[0.997314, -0.070923, -0.016418], [0.070923, 0.997437, 0.002991], [0.016052, -0.004211, 0.999817]]",0.997314,"[7899, 8026, 7821, 8036]"
53.24659,"[0.066406, 0.089844, -0.867188]","[0.024327, 0.275938, 0.015894]","[0.109999, 0.099998, 0.118994]","[0.071131, 0.796910, 0.049030]","[0.016846, 0.006592, -0.074707]","[0.003754, 0.008392, -0.037354, 0.999268]","[0.016632, 0.008179, -0.007690, 0.999786]","[0.150879, -0.089844, -0.112549]","[[0.997070, -0.074646, -0.017029], [0.074768, 0.997192, 0.006775], [0.016418, -0.008118, 0.999817]]",0.99707,"[7907, 7992, 7841, 8086]"
53.309093,"[0.078125, 0.097656, -0.855469]","[0.028698, 0.324828, 0.018932]","[0.129999, 0.119999, 0.158243]","[0.078063, 0.871458, 0.054660]","[0.017822, 0.011230, -0.077637]","[0.006104, 0.008759, -0.038940, 0.999176]","[0.019928, 0.009430, -0.007751, 0.999725]","[-0.093994, -0.129883, 0.044678]","[[0.996765, -0.077759, -0.017944], [0.077881, 0.996826, 0.011414], [0.016968, -0.012878, 0.999695]]",0.996765,"[7892, 8019, 7864, 8099]"
53.311043,"[0.089844, 0.097656, -0.855469]","[0.028698, 0.324828, 0.018932]","[0.129999, 0.150000, 0.158243]","[0.078063, 0.871458, 0.054660]","[0.017822, 0.011230, -0.077637]","[0.006104, 0.008759, -0.038940, 0.999176]","[0.018463, 0.010132, -0.007751, 0.999725]","[-0.093994, -0.129883, 0.044678]","[[0.996765, -0.077759, -0.017944], [0.077881, 0.996826, 0.011414], [0.016968, -0.012878, 0.999695]]",0.996765,"[7903, 8021, 7884, 8089]"
53.461437,"[0.089844, 0.117188, -0.832031]","[0.042268, 0.475509, 0.028661]","[0.099998, 0.150000, 0.132444]","[0.095205, 1.051681, 0.069863]","[0.020264, 0.023926, -0.083008]","[0.012482, 0.009705, -0.041626, 0.999023]","[0.029327, 0.007904, -0.007782, 0.999481]","[0.113770, -0.133545, -0.041748]","[[0.996399, -0.083008, -0.020447], [0.083374, 0.996277, 0.024048], [0.018250, -0.025757, 0.999512]]",0.996399,"[7943, 8073, 7899, 8108]"
53.463387,"[0.097656, 0.117188, -0.816406]","[0.042268, 0.475509, 0.028661]","[0.129999, 0.160000, 0.253927]","[0.095205, 1.051681, 0.069863]","[0.019775, 0.024414, -0.083252]","[0.012695, 0.009460, -0.041779, 0.998993]","[0.029083, 0.009857, -0.007843, 0.999481]","[0.165771, 0.143066, -0.031006]","[[0.996277, -0.083313, -0.019958], [0.083679, 0.996094, 0.024536], [0.017761, -0.026123, 0.999451]]",0.996277,"[7926, 8057, 7873, 8090]"
53.473152,"[0.109375, 0.128906, -0.816406]","[0.044146, 0.496245, 0.030044]","[0.119999, 0.219999, 0.260941]","[0.097142, 1.071544, 0.071743]","[0.020020, 0.025146, -0.083740]","[0.013123, 0.009491, -0.041992, 0.998993]","[0.026398, 0.009949, -0.007812, 0.999542]","[0.122803, 0.194092, -0.029541]","[[0.996277, -0.083679, -0.020081], [0.084167, 0.996094, 0.025330], [0.017761, -0.027039, 0.999451]]",0.996277,"[7918, 8064, 7873, 8067]"
53.547375,"[0.109375, 0.148438, -0.800781]","[0.052022, 0.582859, 0.035939]","[0.109999, 0.179998, 0.261114]","[0.104285, 1.143430, 0.079128]","[0.021973, 0.029053, -0.087646]","[0.015106, 0.010437, -0.043945, 0.998871]","[0.034088, 0.009277, -0.007874, 0.999329]","[0.075928, 0.204590, 0.009277]","[[0.995911, -0.087524, -0.022156], [0.088135, 0.995667, 0.029175], [0.019470, -0.031128, 0.999329]]",0.995911,"[7983, 8052, 7894, 8201]"
53.54932,"[0.117188, 0.148438, -0.789062]","[0.052022, 0.582859, 0.035939]","[0.119999, 0.189999, 0.323753]","[0.104285, 1.143430, 0.079128]","[0.022217, 0.029053, -0.087646]","[0.015137, 0.010468, -0.044006, 0.998871]","[0.033600, 0.010254, -0.007904, 0.999329]","[0.056885, 0.027588, -0.094482]","[[0.995911, -0.087646, -0.022217], [0.088257, 0.995667, 0.029236], [0.019531, -0.031189, 0.999329]]",0.995911,"[7961, 8052, 7904, 8204]"
53.582527,"[0.117188, 0.156250, -0.781250]","[0.054074, 0.605339, 0.037502]","[0.109999, 0.259998, 0.332733]","[0.105902, 1.159330, 0.080929]","[0.022461, 0.031738, -0.089600]","[0.016479, 0.010590, -0.044952, 0.998810]","[0.032867, 0.009277, -0.007874, 0.999359]","[0.199463, -0.066406, -0.010254]","[[0.995728, -0.089539, -0.022644], [0.090149, 0.995422, 0.031921], [0.019592, -0.033875, 0.999268]]",0.995728,"[8020, 8089, 7889, 8218]"
53.607925,"[0.117188, 0.167969, -0.773438]","[0.058270, 0.651206, 0.040732]","[0.109999, 0.240000, 0.360184]","[0.108915, 1.188445, 0.084464]","[0.022949, 0.034424, -0.090820]","[0.017792, 0.010773, -0.045654, 0.998749]","[0.035431, 0.009308, -0.007874, 0.999268]","[-0.015137, 0.117432, -0.014648]","[[0.995605, -0.090881, -0.023132], [0.091614, 0.995178, 0.034485], [0.019836, -0.036560, 0.999146]]",0.995605,"[7980, 8124, 7955, 8209]"
53.738777,"[0.128906, 0.187500, -0.753906]","[0.071479, 0.794581, 0.051223]","[0.119999, 0.259998, 0.269905]","[0.115992, 1.252384, 0.094381]","[0.023193, 0.046387, -0.098145]","[0.023865, 0.010529, -0.049377, 0.998444]","[0.046265, 0.009766, -0.008026, 0.998840]","[0.067871, 0.226074, -0.020996]","[[0.994873, -0.098145, -0.023376], [0.099121, 0.993958, 0.046509], [0.018616, -0.048706, 0.998596]]",0.994873,"[8019, 8109, 7875, 8230]"
53.740749,"[0.136719, 0.207031, -0.746094]","[0.071479, 0.794581, 0.051223]","[0.099998, 0.289999, 0.310932]","[0.115992, 1.252384, 0.094381]","[0.023438, 0.046387, -0.098389]","[0.023804, 0.010559, -0.049438, 0.998444]","[0.043854, 0.009125, -0.007965, 0.998962]","[-0.043213, -0.006348, -0.076904]","[[0.994873, -0.098267, -0.023438], [0.099243, 0.993958, 0.046387], [0.018677, -0.048584, 0.998657]]",0.994873,"[7983, 8098, 7872, 8232]"
53.775887,"[0.136719, 0.218750, -0.738281]","[0.076043, 0.843768, 0.054969]","[0.099998, 0.329998, 0.303419]","[0.117636, 1.265322, 0.097408]","[0.023193, 0.050293, -0.101074]","[0.025787, 0.010376, -0.050751, 0.998322]","[0.044830, 0.008881, -0.007965, 0.998901]","[0.039795, 0.264160, -0.019287]","[[0.994568, -0.100891, -0.023315], [0.101868, 0.993469, 0.050354], [0.018066, -0.052551, 0.998413]]",0.994568,"[7999, 8137, 7898, 8236]"
53.807133,"[0.136719, 0.226562, -0.730469]","[0.080664, 0.893381, 0.058831]","[0.109999, 0.339998, 0.375244]","[0.118898, 1.273844, 0.100271]","[0.024170, 0.051025, -0.102783]","[0.026184, 0.010773, -0.051666, 0.998260]","[0.047150, 0.009155, -0.007996, 0.998810]","[-0.073242, 0.163086, 0.001953]","[[0.994385, -0.102661, -0.024231], [0.103760, 0.993225, 0.051086], [0.018738, -0.053406, 0.998352]]",0.994385,"[8015, 8099, 7889, 8283]"
53.842293,"[0.148438, 0.238281, -0.718750]","[0.085326, 0.943225, 0.062800]","[0.119999, 0.429998, 0.388109]","[0.119763, 1.277857, 0.102957]","[0.023438, 0.054688, -0.105225]","[0.027985, 0.010345, -0.052887, 0.998169]","[0.045532, 0.009979, -0.008026, 0.998871]","[0.102051, 0.182373, -0.005127]","[[0.994202, -0.105042, -0.023621], [0.106140, 0.992859, 0.054749], [0.017639, -0.056946, 0.998230]]",0.994202,"[8049, 8146, 7896, 8258]"
53.988777,"[0.156250, 0.269531, -0.695312]","[0.101745, 1.117066, 0.077441]","[0.109999, 0.499998, 0.308887]","[0.119558, 1.255670, 0.110778]","[0.024414, 0.066162, -0.114258]","[0.033844, 0.010345, -0.057556, 0.997711]","[0.054688, 0.009094, -0.008057, 0.998413]","[0.250000, -0.000244, -0.035400]","[[0.993103, -0.114197, -0.024536], [0.115540, 0.991028, 0.066284], [0.016724, -0.068726, 0.997437]]",0.993103,"[8030, 8196, 7918, 8296]"
53.992687,"[0.156250, 0.296875, -0.691406]","[0.101745, 1.117066, 0.077441]","[0.099998, 0.449999, 0.363400]","[0.119558, 1.255670, 0.110778]","[0.024414, 0.066406, -0.114746]","[0.033936, 0.010284, -0.057739, 0.997711]","[0.055786, 0.008606, -0.008057, 0.998352]","[0.043457, 0.055176, -0.119385]","[[0.993103, -0.114563, -0.024475], [0.115906, 0.991028, 0.066467], [0.016541, -0.068909, 0.997498]]",0.993103,"[8023, 8208, 7929, 8268]"
54.008305,"[0.167969, 0.316406, -0.687500]","[0.104075, 1.141514, 0.079613]","[0.109999, 0.569998, 0.337759]","[0.119106, 1.247867, 0.111674]","[0.023438, 0.067627, -0.115479]","[0.034485, 0.009827, -0.058167, 0.997681]","[0.050415, 0.009674, -0.008057, 0.998627]","[0.070557, -0.100586, -0.125244]","[[0.993042, -0.115417, -0.023621], [0.116760, 0.990906, 0.067627], [0.015564, -0.069946, 0.997437]]",0.993042,"[8034, 8186, 7908, 8252]"
54.043465,"[0.167969, 0.339844, -0.679688]","[0.108706, 1.189907, 0.084008]","[0.089998, 0.509998, 0.332888]","[0.117881, 1.228775, 0.113287]","[0.024170, 0.070557, -0.118164]","[0.035950, 0.010040, -0.059448, 0.997559]","[0.055054, 0.008484, -0.008026, 0.998413]","[-0.091309, -0.035645, -0.110352]","[[0.992798, -0.117981, -0.024353], [0.119324, 0.990417, 0.070496], [0.015686, -0.072937, 0.997253]]",0.992798,"[7979, 8216, 7932, 8247]"
54.074715,"[0.167969, 0.347656, -0.671875]","[0.113280, 1.237455, 0.088461]","[0.080000, 0.529999, 0.336836]","[0.116227, 1.205120, 0.114651]","[0.024658, 0.067139, -0.120361]","[0.034363, 0.010254, -0.060486, 0.997528]","[0.056427, 0.007751, -0.007996, 0.998322]","[0.042969, -0.176025, -0.165771]","[[0.992432, -0.120056, -0.024658], [0.121399, 0.990295, 0.067261], [0.016235, -0.069824, 0.997375]]",0.992432,"[8139, 8089, 7838, 8400]"
54.107933,"[0.179688, 0.386719, -0.667969]","[0.115540, 1.260860, 0.090706]","[0.139999, 0.659998, 0.322111]","[0.115237, 1.191576, 0.115236]","[0.024658, 0.070557, -0.123291]","[0.036041, 0.010193, -0.062042, 0.997375]","[0.050781, 0.011139, -0.008118, 0.998596]","[-0.071289, 0.238770, -0.084961]","[[0.992065, -0.123047, -0.024841], [0.124512, 0.989685, 0.070557], [0.015808, -0.073120, 0.997192]]",0.992065,"[8043, 8167, 7866, 8335]"
54.141121,"[0.179688, 0.398438, -0.660156]","[0.119998, 1.306825, 0.095227]","[0.070000, 0.569998, 0.322897]","[0.112937, 1.161145, 0.116205]","[0.024170, 0.071777, -0.125488]","[0.036652, 0.009888, -0.063141, 0.997284]","[0.057159, 0.007385, -0.007996, 0.998291]","[0.247803, -0.169678, -0.101807]","[[0.991821, -0.125305, -0.024353], [0.126648, 0.989319, 0.071777], [0.015076, -0.074341, 0.997070]]",0.991821,"[8045, 8219, 7871, 8301]"
54.28175,"[0.187500, 0.429688, -0.636719]","[0.134717, 1.456548, 0.111234]","[0.119999, 0.729998, 0.270855]","[0.101519, 1.020390, 0.117359]","[0.023438, 0.078613, -0.135986]","[0.040161, 0.009094, -0.068329, 0.996826]","[0.058472, 0.009613, -0.008118, 0.998199]","[0.169922, -0.139404, -0.109375]","[[0.990479, -0.135559, -0.023621], [0.136902, 0.987427, 0.078735], [0.012634, -0.081299, 0.996582]]",0.990479,"[8074, 8178, 7838, 8341]"
54.283695,"[0.187500, 0.500000, -0.640625]","[0.134717, 1.456548, 0.111234]","[0.099998, 0.829998, 0.275476]","[0.101519, 1.020390, 0.117359]","[0.023682, 0.078613, -0.136230]","[0.040131, 0.009094, -0.068451, 0.996796]","[0.049713, 0.008667, -0.007996, 0.998688]","[-0.026367, 0.004639, -0.035889]","[[0.990356, -0.135803, -0.023682], [0.137146, 0.987305, 0.078674], [0.012573, -0.081238, 0.996521]]",0.990356,"[8060, 8196, 7865, 8340]"
54.424328,"[0.199219, 0.519531, -0.625000]","[0.147524, 1.583580, 0.127144]","[0.089998, 0.719999, 0.244028]","[0.084989, 0.829927, 0.114705]","[0.025635, 0.068359, -0.145996]","[0.035095, 0.010376, -0.073334, 0.996613]","[0.062378, 0.008301, -0.008087, 0.997955]","[-0.475342, 0.260498, -0.084229]","[[0.988892, -0.145508, -0.025818], [0.146851, 0.986633, 0.068420], [0.015442, -0.071472, 0.997192]]",0.988892,"[8061, 8120, 7771, 8367]"
54.426273,"[0.207031, 0.597656, -0.621094]","[0.149157, 1.599486, 0.129378]","[0.080000, 0.799999, 0.246759]","[0.082227, 0.799006, 0.113991]","[0.025391, 0.067627, -0.146240]","[0.034760, 0.010254, -0.073486, 0.996613]","[0.053864, 0.008240, -0.007996, 0.998474]","[-0.318848, -0.176514, -0.149658]","[[0.988831, -0.145813, -0.025513], [0.147156, 0.986633, 0.067749], [0.015259, -0.070801, 0.997192]]",0.988831,"[8089, 8083, 7782, 8389]"
54.441902,"[0.207031, 0.636719, -0.621094]","[0.149157, 1.599486, 0.129378]","[0.109999, 0.989998, 0.247396]","[0.082227, 0.799006, 0.113991]","[0.025635, 0.065430, -0.147461]","[0.033600, 0.010406, -0.074127, 0.996643]","[0.042999, 0.009369, -0.007965, 0.998993]","[0.111816, -0.390625, -0.157227]","[[0.988770, -0.147095, -0.025696], [0.148438, 0.986755, 0.065369], [0.015686, -0.068542, 0.997559]]",0.98877,"[8157, 8030, 7699, 8497]"
54.477055,"[0.218750, 0.667969, -0.613281]","[0.152255, 1.629444, 0.133798]","[0.109999, 0.859999, 0.291620]","[0.076402, 0.734461, 0.112300]","[0.026123, 0.068604, -0.150879]","[0.035309, 0.010437, -0.075745, 0.996460]","[0.048950, 0.010376, -0.008057, 0.998688]","[-0.140137, 0.127930, -0.093994]","[[0.988281, -0.150269, -0.026123], [0.151733, 0.986023, 0.068726], [0.015381, -0.071899, 0.997253]]",0.988281,"[7962, 8284, 7881, 8290]"
54.604015,"[0.218750, 0.726562, -0.593750]","[0.161157, 1.713096, 0.148602]","[0.089998, 0.889997, 0.237768]","[0.053045, 0.482914, 0.103507]","[0.026855, 0.059326, -0.160645]","[0.030701, 0.011078, -0.080688, 0.996185]","[0.048370, 0.008911, -0.007996, 0.998749]","[-0.132080, -0.261719, -0.193848]","[[0.986572, -0.160095, -0.027039], [0.161438, 0.984985, 0.059326], [0.017029, -0.062988, 0.997742]]",0.986572,"[8036, 8195, 7801, 8401]"
54.605961,"[0.226562, 0.769531, -0.593750]","[0.161157, 1.713096, 0.148602]","[0.109999, 1.099998, 0.225739]","[0.053045, 0.482914, 0.103507]","[0.026611, 0.059326, -0.160889]","[0.030640, 0.010895, -0.080750, 0.996185]","[0.035431, 0.010284, -0.007935, 0.999268]","[-0.042969, -0.163330, -0.067383]","[[0.986572, -0.160278, -0.026672], [0.161499, 0.984924, 0.059265], [0.016663, -0.062805, 0.997742]]",0.986572,"[8066, 8175, 7796, 8383]"
54.61182,"[0.226562, 0.796875, -0.589844]","[0.161157, 1.713096, 0.148602]","[0.089998, 0.929998, 0.227301]","[0.053045, 0.482914, 0.103507]","[0.027100, 0.057617, -0.161621]","[0.029877, 0.011169, -0.081055, 0.996185]","[0.042389, 0.009369, -0.007965, 0.999023]","[-0.108154, -0.239990, -0.145508]","[[0.986511, -0.160889, -0.027100], [0.162109, 0.984985, 0.057678], [0.017334, -0.061340, 0.997864]]",0.986511,"[8076, 8181, 7793, 8413]"
54.746609,"[0.226562, 0.828125, -0.578125]","[0.166567, 1.759943, 0.161886]","[0.080000, 0.959999, 0.188076]","[0.025433, 0.197384, 0.090004]","[0.025146, 0.045166, -0.172852]","[0.023743, 0.010620, -0.086578, 0.995911]","[0.040192, 0.009094, -0.007935, 0.999115]","[-0.094238, -0.126709, -0.188721]","[[0.984741, -0.171997, -0.025269], [0.172974, 0.983826, 0.045349], [0.016968, -0.049133, 0.998596]]",0.984741,"[8105, 8165, 7704, 8418]"
54.748543,"[0.238281, 0.937500, -0.570312]","[0.166567, 1.759943, 0.161886]","[0.080000, 1.009998, 0.212965]","[0.025433, 0.197384, 0.090004]","[0.025391, 0.044922, -0.172852]","[0.023621, 0.010712, -0.086578, 0.995880]","[0.031281, 0.009644, -0.007843, 0.999420]","[-0.030273, 0.041748, -0.007812]","[[0.984619, -0.171997, -0.025452], [0.172974, 0.983704, 0.045105], [0.017151, -0.048889, 0.998474]]",0.984619,"[8087, 8155, 7704, 8431]"
54.77784,"[0.250000, 0.976562, -0.566406]","[0.167393, 1.765972, 0.165310]","[0.109999, 1.229998, 0.228325]","[0.016860, 0.110977, 0.085254]","[0.025391, 0.044434, -0.175537]","[0.023285, 0.010681, -0.088013, 0.995789]","[0.017944, 0.011841, -0.007751, 0.999725]","[-0.208252, 0.029541, -0.023193]","[[0.984192, -0.174805, -0.025391], [0.175781, 0.983337, 0.044434], [0.017090, -0.048218, 0.998596]]",0.984192,"[8020, 8264, 7798, 8353]"
54.910656,"[0.250000, 1.058594, -0.554688]","[0.167789, 1.763432, 0.174362]","[0.070000, 1.259998, 0.115124]","[-0.010332, -0.156309, 0.068627]","[0.025879, 0.012207, -0.186035]","[0.007355, 0.012390, -0.092957, 0.995544]","[0.008087, 0.011292, -0.007629, 0.999847]","[-0.096436, 0.159912, -0.049805]","[[0.982239, -0.184998, -0.026062], [0.185242, 0.982483, 0.012268], [0.023254, -0.016907, 0.999451]]",0.982239,"[8073, 8204, 7715, 8440]"
54.912609,"[0.257812, 1.097656, -0.546875]","[0.167789, 1.763432, 0.174362]","[0.089998, 1.069998, 0.155262]","[-0.010332, -0.156309, 0.068627]","[0.026367, 0.011963, -0.186279]","[0.007263, 0.012543, -0.093048, 0.995544]","[0.015137, 0.012787, -0.007751, 0.999756]","[0.053955, -0.054688, -0.113525]","[[0.982239, -0.185181, -0.026367], [0.185425, 0.982483, 0.012024], [0.023560, -0.016785, 0.999451]]",0.982239,"[8062, 8220, 7728, 8455]"
54.914555,"[0.269531, 1.136719, -0.542969]","[0.167541, 1.759937, 0.175672]","[0.109999, 1.279999, 0.175056]","[-0.015035, -0.201579, 0.065512]","[0.026123, 0.011963, -0.186279]","[0.007263, 0.012482, -0.093140, 0.995544]","[0.002563, 0.014282, -0.007599, 0.999847]","[-0.062500, 0.018555, -0.104980]","[[0.982239, -0.185364, -0.026245], [0.185608, 0.982483, 0.012024], [0.023438, -0.016785, 0.999512]]",0.982239,"[8051, 8219, 7730, 8447]"
55.063,"[0.257812, 1.167969, -0.531250]","[0.163187, 1.710677, 0.183007]","[0.080000, 1.069998, 0.131193]","[-0.048876, -0.518541, 0.041020]","[0.027588, -0.023193, -0.193115]","[-0.010254, 0.014893, -0.096313, 0.995209]","[0.002930, 0.013062, -0.007599, 0.999878]","[-0.185303, 0.072754, -0.012451]","[[0.981018, -0.192078, -0.027649], [0.191345, 0.981262, -0.023376], [0.031555, 0.017517, 0.999329]]",0.981018,"[8102, 8200, 7756, 8488]"
55.064953,"[0.269531, 1.250000, -0.523438]","[0.163187, 1.710677, 0.183007]","[0.099998, 1.289997, 0.156576]","[-0.048876, -0.518541, 0.041020]","[0.027588, -0.023438, -0.193359]","[-0.010376, 0.014893, -0.096344, 0.995178]","[-0.012787, 0.014648, -0.007355, 0.999756]","[-0.093262, -0.060547, -0.033691]","[[0.980896, -0.192139, -0.027649], [0.191406, 0.981140, -0.023621], [0.031555, 0.017761, 0.999268]]",0.980896,"[8080, 8211, 7764, 8475]"
55.06691,"[0.269531, 1.289062, -0.519531]","[0.163187, 1.710677, 0.183007]","[0.070000, 1.089998, 0.151957]","[-0.048876, -0.518541, 0.041020]","[0.027344, -0.023438, -0.193359]","[-0.010315, 0.014771, -0.096405, 0.995178]","[-0.005585, 0.013245, -0.007477, 0.999847]","[0.064941, -0.081299, -0.054932]","[[0.980896, -0.192200, -0.027405], [0.191589, 0.981140, -0.023438], [0.031311, 0.017700, 0.999268]]",0.980896,"[8105, 8224, 7759, 8472]"
55.080574,"[0.269531, 1.328125, -0.515625]","[0.162185, 1.700109, 0.183771]","[0.099998, 1.289997, 0.177238]","[-0.053800, -0.563353, 0.037143]","[0.027100, -0.025391, -0.193848]","[-0.011383, 0.014740, -0.096649, 0.995148]","[-0.018524, 0.014740, -0.007263, 0.999664]","[-0.211914, -0.139893, -0.056152]","[[0.980835, -0.192749, -0.027100], [0.192017, 0.981018, -0.025574], [0.031494, 0.019836, 0.999268]]",0.980835,"[8072, 8242, 7768, 8457]"
55.135265,"[0.277344, 1.367188, -0.511719]","[0.158598, 1.663199, 0.185594]","[0.080000, 1.059998, 0.175459]","[-0.068622, -0.696176, 0.024961]","[0.026123, -0.041992, -0.195068]","[-0.019623, 0.015106, -0.097107, 0.994965]","[-0.013763, 0.014771, -0.007355, 0.999756]","[-0.227295, 0.080078, 0.013428]","[[0.980591, -0.193848, -0.026245], [0.192627, 0.980286, -0.042053], [0.033813, 0.036072, 0.998657]]",0.980591,"[8170, 8195, 7755, 8547]"
55.14893,"[0.277344, 1.398438, -0.503906]","[0.157210, 1.649175, 0.186041]","[0.070000, 1.059998, 0.192402]","[-0.073569, -0.739801, 0.020719]","[0.025391, -0.045410, -0.195312]","[-0.021362, 0.014923, -0.097198, 0.994934]","[-0.016937, 0.014252, -0.007324, 0.999725]","[-0.307617, -0.085693, -0.016113]","[[0.980591, -0.194092, -0.025513], [0.192749, 0.980164, -0.045471], [0.033813, 0.039612, 0.998596]]",0.980591,"[8203, 8229, 7757, 8556]"
55.182137,"[0.289062, 1.437500, -0.496094]","[0.155725, 1.634303, 0.186403]","[0.099998, 1.249998, 0.237263]","[-0.078513, -0.783039, 0.016387]","[0.025146, -0.053467, -0.195557]","[-0.025421, 0.015198, -0.097229, 0.994812]","[-0.031097, 0.016846, -0.007019, 0.999329]","[-0.251221, 0.032227, 0.028320]","[[0.980530, -0.194275, -0.025330], [0.192688, 0.979675, -0.053589], [0.035095, 0.047607, 0.998108]]",0.98053,"[8237, 8181, 7744, 8603]"
55.221195,"[0.277344, 1.476562, -0.488281]","[0.152465, 1.602046, 0.186870]","[0.059999, 1.039999, 0.214758]","[-0.088378, -0.868205, 0.007458]","[0.023193, -0.057861, -0.195801]","[-0.027710, 0.014435, -0.097412, 0.994751]","[-0.027069, 0.014557, -0.007172, 0.999481]","[-0.068359, 0.052002, 0.001953]","[[0.980530, -0.194702, -0.023315], [0.192993, 0.979370, -0.058044], [0.034058, 0.052307, 0.997925]]",0.98053,"[8128, 8344, 7866, 8465]"
55.248539,"[0.289062, 1.519531, -0.484375]","[0.148821, 1.566500, 0.186981]","[0.089998, 1.229998, 0.218533]","[-0.098187, -0.951388, -0.001818]","[0.023193, -0.068604, -0.196289]","[-0.033051, 0.014923, -0.097534, 0.994568]","[-0.041595, 0.017029, -0.006836, 0.998962]","[-0.391846, -0.248535, -0.071533]","[[0.980408, -0.195068, -0.023254], [0.192993, 0.978699, -0.068726], [0.036072, 0.062866, 0.997253]]",0.980408,"[8260, 8228, 7814, 8655]"
55.283695,"[0.289062, 1.558594, -0.476562]","[0.146856, 1.547519, 0.186899]","[0.070000, 0.989998, 0.223448]","[-0.103062, -0.992147, -0.006583]","[0.022461, -0.077148, -0.197021]","[-0.037262, 0.015015, -0.097839, 0.994415]","[-0.035858, 0.016449, -0.006958, 0.999176]","[-0.084717, -0.147461, -0.019287]","[[0.980469, -0.195801, -0.022583], [0.193481, 0.978149, -0.077148], [0.037109, 0.071167, 0.996826]]",0.980469,"[8213, 8278, 7844, 8628]"
55.316898,"[0.296875, 1.589844, -0.472656]","[0.142640, 1.507199, 0.186452]","[0.070000, 0.979998, 0.223063]","[-0.112733, -1.071832, -0.016362]","[0.020996, -0.085938, -0.197021]","[-0.041779, 0.014648, -0.097870, 0.994232]","[-0.040863, 0.017273, -0.006836, 0.998962]","[-0.481201, -0.127197, 0.034180]","[[0.980469, -0.195923, -0.020996], [0.193359, 0.977417, -0.085999], [0.037231, 0.080261, 0.996094]]",0.980469,"[8283, 8265, 7842, 8640]"
55.350105,"[0.296875, 1.628906, -0.468750]","[0.138050, 1.463817, 0.185617]","[0.070000, 1.139997, 0.222841]","[-0.122275, -1.148848, -0.026466]","[0.018555, -0.092041, -0.197266]","[-0.044922, 0.013794, -0.097931, 0.994110]","[-0.054504, 0.017548, -0.006592, 0.998322]","[-0.063477, -0.083984, -0.023193]","[[0.980530, -0.196045, -0.018616], [0.193481, 0.976868, -0.092102], [0.036194, 0.086609, 0.995667]]",0.98053,"[8300, 8329, 7821, 8628]"
55.385258,"[0.296875, 1.656250, -0.464844]","[0.133090, 1.417483, 0.184381]","[0.049999, 0.929998, 0.220871]","[-0.131658, -1.222936, -0.036882]","[0.017090, -0.100830, -0.197266]","[-0.049286, 0.013458, -0.097931, 0.993896]","[-0.050140, 0.017090, -0.006714, 0.998566]","[-0.408691, -0.184082, -0.063477]","[[0.980469, -0.196045, -0.017090], [0.193359, 0.975952, -0.100708], [0.036377, 0.095337, 0.994812]]",0.980469,"[8246, 8375, 7870, 8580]"
55.418461,"[0.296875, 1.699219, -0.457031]","[0.130473, 1.393246, 0.183608]","[0.080000, 1.069998, 0.237843]","[-0.136281, -1.258803, -0.042204]","[0.017090, -0.114014, -0.197754]","[-0.055847, 0.014191, -0.098053, 0.993530]","[-0.063660, 0.019226, -0.006348, 0.997742]","[-0.529541, 0.486572, 0.046387]","[[0.980408, -0.196472, -0.017212], [0.193298, 0.974548, -0.113831], [0.039062, 0.108215, 0.993408]]",0.980408,"[8384, 8261, 7779, 8703]"
55.451664,"[0.296875, 1.726562, -0.453125]","[0.124971, 1.342711, 0.181749]","[0.049999, 0.839998, 0.227270]","[-0.145371, -1.328030, -0.053069]","[0.015625, -0.118896, -0.197510]","[-0.058411, 0.013702, -0.098022, 0.993378]","[-0.058411, 0.018158, -0.006500, 0.998077]","[0.120850, -0.158447, -0.060303]","[[0.980347, -0.196411, -0.015808], [0.193115, 0.973938, -0.118835], [0.038635, 0.113342, 0.992737]]",0.980347,"[8275, 8398, 7904, 8627]"
55.484871,"[0.308594, 1.757812, -0.449219]","[0.119119, 1.289540, 0.179459]","[0.059999, 0.989998, 0.216957]","[-0.154228, -1.393721, -0.064216]","[0.015625, -0.127197, -0.197754]","[-0.062561, 0.014099, -0.098114, 0.993134]","[-0.071808, 0.019897, -0.006134, 0.997192]","[-0.553711, -0.211182, 0.001465]","[[0.980408, -0.196655, -0.015686], [0.193115, 0.972961, -0.127075], [0.040222, 0.121460, 0.991821]]",0.980408,"[8276, 8363, 7940, 8683]"
55.520027,"[0.296875, 1.789062, -0.445312]","[0.112924, 1.233859, 0.176727]","[0.039999, 0.769999, 0.190290]","[-0.162825, -1.455665, -0.075636]","[0.014648, -0.135254, -0.198242]","[-0.066467, 0.014038, -0.098328, 0.992828]","[-0.067932, 0.018829, -0.006287, 0.997467]","[-0.096680, 0.023193, 0.020752]","[[0.980164, -0.197144, -0.014771], [0.193359, 0.971741, -0.134827], [0.040894, 0.129211, 0.990662]]",0.980164,"[8298, 8376, 7935, 8692]"
55.553226,"[0.308594, 1.816406, -0.445312]","[0.109705, 1.205155, 0.175194]","[0.059999, 0.889997, 0.181753]","[-0.167012, -1.485132, -0.081438]","[0.013428, -0.143799, -0.198975]","[-0.070831, 0.013855, -0.098572, 0.992523]","[-0.079987, 0.020966, -0.005890, 0.996552]","[-0.310059, -0.160156, -0.012939]","[[0.980164, -0.197693, -0.013550], [0.193665, 0.970520, -0.143372], [0.041382, 0.137878, 0.989563]]",0.980164,"[8359, 8385, 7925, 8712]"
55.58643,"[0.308594, 1.839844, -0.441406]","[0.103021, 1.146043, 0.171784]","[0.049999, 0.679998, 0.198586]","[-0.175157, -1.541010, -0.093231]","[0.012695, -0.151611, -0.199219]","[-0.074738, 0.013824, -0.098694, 0.992218]","[-0.075714, 0.020996, -0.005981, 0.996887]","[-0.166504, -0.089355, -0.082275]","[[0.980103, -0.197937, -0.012695], [0.193787, 0.969299, -0.151062], [0.042114, 0.145569, 0.988403]]",0.980103,"[8338, 8420, 7956, 8684]"
55.619633,"[0.308594, 1.859375, -0.441406]","[0.096025, 1.084825, 0.167908]","[0.019999, 0.659998, 0.146128]","[-0.182967, -1.592618, -0.105258]","[0.010986, -0.156982, -0.199463]","[-0.077454, 0.013336, -0.098816, 0.992004]","[-0.080811, 0.020233, -0.005920, 0.996490]","[-0.326172, 0.230713, 0.029297]","[[0.980103, -0.198181, -0.011169], [0.194031, 0.968445, -0.156372], [0.041687, 0.151001, 0.987610]]",0.980103,"[8338, 8435, 7930, 8664]"
55.6548,"[0.316406, 1.878906, -0.441406]","[0.092415, 1.053482, 0.165793]","[0.059999, 0.719999, 0.124430]","[-0.186737, -1.616760, -0.111353]","[0.011230, -0.164307, -0.200195]","[-0.081177, 0.013794, -0.099121, 0.991669]","[-0.090057, 0.023132, -0.005493, 0.995636]","[-0.312256, 0.373779, 0.026123]","[[0.979919, -0.198853, -0.011292], [0.194336, 0.967163, -0.163757], [0.043396, 0.158264, 0.986389]]",0.979919,"[8338, 8383, 7945, 8714]"
55.686058,"[0.316406, 1.898438, -0.441406]","[0.084978, 0.989436, 0.161203]","[0.029999, 0.549999, 0.102871]","[-0.193990, -1.661614, -0.123698]","[0.010498, -0.167725, -0.200684]","[-0.082855, 0.013672, -0.099365, 0.991516]","[-0.087891, 0.022278, -0.005615, 0.995850]","[-0.086670, -0.159668, -0.062500]","[[0.979858, -0.199402, -0.010681], [0.194763, 0.966553, -0.167053], [0.043518, 0.161560, 0.985901]]",0.979858,"[8241, 8490, 8025, 8658]"
