t,p,p_d,v,v_d,Angles,q,q_sp,w,R,T_sp,rpm
34.89727,"[-0.207031, -0.277344, -0.929688]","[0.000000, 0.000000, -0.000000]","[0.000000, -0.019999, 0.022022]","[0.000002, 0.000002, -0.000002]","[0.010742, -0.023193, -0.008789]","[-0.011566, 0.005432, -0.004395, 0.999908]","[0.000214, 0.000000, -0.004364, 0.999969]","[0.266846, -0.492432, -0.056885]","[[0.999878, -0.008972, -0.010742], [0.008606, 0.999634, -0.023193], [0.010864, 0.023071, 0.999634]]",0.999878,"[7852, 7821, 7745, 7830]"
34.981258,"[-0.207031, -0.277344, -0.929688]","[0.000002, 0.000002, -0.000002]","[0.000000, -0.009998, 0.038515]","[0.000067, 0.000057, -0.000062]","[0.007324, -0.021729, -0.009766]","[-0.010895, 0.003723, -0.004852, 0.999908]","[-0.000092, 0.000000, -0.004364, 0.999969]","[0.145996, 0.134766, 0.052490]","[[0.999817, -0.009827, -0.007324], [0.009583, 0.999634, -0.021851], [0.007446, 0.021729, 0.999634]]",0.999817,"[7891, 7774, 7704, 7854]"
34.983208,"[-0.199219, -0.277344, -0.929688]","[0.000002, 0.000002, -0.000002]","[-0.009998, -0.009998, 0.004835]","[0.000067, 0.000057, -0.000062]","[0.005615, -0.021240, -0.009766]","[-0.010651, 0.002899, -0.004852, 0.999939]","[-0.000092, 0.000000, -0.004364, 0.999969]","[0.153076, -0.458496, -0.016602]","[[0.999939, -0.009827, -0.005676], [0.009583, 0.999756, -0.021362], [0.005798, 0.021240, 0.999756]]",0.999939,"[7906, 7790, 7695, 7841]"
35.133602,"[-0.199219, -0.277344, -0.925781]","[0.000076, 0.000064, -0.000070]","[-0.009998, 0.000000, 0.008511]","[0.001232, 0.001051, -0.001137]","[0.005615, -0.018799, -0.011230]","[-0.009369, 0.002899, -0.005585, 0.999939]","[-0.000458, 0.000000, -0.004364, 0.999969]","[-0.068115, 0.161865, 0.083252]","[[0.999878, -0.011230, -0.005676], [0.011108, 0.999756, -0.018799], [0.005798, 0.018677, 0.999817]]",0.999878,"[7868, 7813, 7849, 7932]"
35.135555,"[-0.199219, -0.277344, -0.917969]","[0.000076, 0.000064, -0.000070]","[-0.019999, 0.000000, 0.016081]","[0.001232, 0.001051, -0.001137]","[0.005127, -0.018799, -0.010986]","[-0.009369, 0.002625, -0.005554, 0.999939]","[-0.000458, -0.000488, -0.004395, 0.999969]","[0.010986, -0.171143, 0.005371]","[[0.999878, -0.011169, -0.005127], [0.011047, 0.999756, -0.018799], [0.005249, 0.018677, 0.999817]]",0.999878,"[7896, 7816, 7816, 7929]"
35.145325,"[-0.199219, -0.277344, -0.914062]","[0.000076, 0.000064, -0.000070]","[0.019999, 0.000000, 0.060017]","[0.001232, 0.001051, -0.001137]","[0.004395, -0.018311, -0.011230]","[-0.009125, 0.002350, -0.005646, 0.999939]","[-0.000488, 0.001434, -0.004364, 0.999969]","[0.040283, 0.070312, -0.015381]","[[0.999878, -0.011353, -0.004578], [0.011230, 0.999756, -0.018311], [0.004700, 0.018188, 0.999817]]",0.999878,"[7912, 7808, 7835, 7913]"
35.200001,"[-0.199219, -0.277344, -0.910156]","[0.000180, 0.000153, -0.000166]","[0.009998, -0.009998, 0.098539]","[0.002418, 0.002067, -0.002237]","[0.004150, -0.017578, -0.011230]","[-0.008759, 0.002228, -0.005676, 0.999939]","[-0.000122, 0.001068, -0.004364, 0.999969]","[-0.023193, 0.106934, 0.075439]","[[0.999878, -0.011414, -0.004333], [0.011292, 0.999756, -0.017578], [0.004456, 0.017456, 0.999817]]",0.999878,"[7941, 7854, 7860, 7942]"
35.34454,"[-0.199219, -0.277344, -0.886719]","[0.000836, 0.000716, -0.000774]","[0.019999, 0.000000, 0.169138]","[0.007905, 0.006789, -0.007346]","[0.005371, -0.015137, -0.014160]","[-0.007538, 0.002777, -0.007050, 0.999939]","[-0.000488, 0.001434, -0.004364, 0.999969]","[-0.032715, 0.106445, 0.025391]","[[0.999817, -0.014160, -0.005432], [0.014038, 0.999756, -0.015137], [0.005554, 0.015015, 0.999817]]",0.999817,"[7966, 7943, 7936, 8015]"
35.346485,"[-0.199219, -0.277344, -0.882812]","[0.001001, 0.000858, -0.000928]","[0.029999, 0.000000, 0.209936]","[0.009077, 0.007801, -0.008440]","[0.005615, -0.015137, -0.014160]","[-0.007568, 0.002960, -0.007111, 0.999939]","[-0.000488, 0.001923, -0.004364, 0.999969]","[-0.033691, 0.159180, -0.068604]","[[0.999817, -0.014282, -0.005798], [0.014160, 0.999756, -0.015198], [0.005920, 0.015076, 0.999817]]",0.999817,"[7987, 7928, 7946, 8030]"
35.41291,"[-0.199219, -0.277344, -0.867188]","[0.001651, 0.001417, -0.001533]","[0.029999, 0.009998, 0.243792]","[0.013277, 0.011435, -0.012371]","[0.005615, -0.014404, -0.015625]","[-0.007233, 0.002930, -0.007812, 0.999939]","[-0.000854, 0.001923, -0.004364, 0.999969]","[-0.181396, 0.373047, 0.058350]","[[0.999817, -0.015686, -0.005737], [0.015564, 0.999756, -0.014526], [0.005859, 0.014404, 0.999878]]",0.999817,"[8053, 8003, 7983, 8055]"
35.446098,"[-0.187500, -0.277344, -0.859375]","[0.002235, 0.001920, -0.002077]","[0.019999, 0.019999, 0.214390]","[0.016691, 0.014398, -0.015574]","[0.005859, -0.014404, -0.016113]","[-0.007172, 0.003052, -0.008026, 0.999939]","[-0.001343, 0.002167, -0.004364, 0.999969]","[0.057373, -0.235840, -0.106934]","[[0.999817, -0.016113, -0.005981], [0.015991, 0.999756, -0.014404], [0.006104, 0.014282, 0.999878]]",0.999817,"[8049, 8011, 7990, 8129]"
35.596497,"[-0.187500, -0.277344, -0.843750]","[0.005548, 0.004787, -0.005178]","[0.019999, 0.009998, 0.052464]","[0.032944, 0.028582, -0.030907]","[0.005127, -0.013672, -0.020020]","[-0.006866, 0.002655, -0.010071, 0.999939]","[-0.000610, 0.001923, -0.004364, 0.999969]","[0.230713, -0.333984, -0.006348]","[[0.999817, -0.020203, -0.005127], [0.020081, 0.999756, -0.013794], [0.005371, 0.013672, 0.999939]]",0.999817,"[8018, 7993, 7956, 8080]"
35.598442,"[-0.187500, -0.277344, -0.835938]","[0.005548, 0.004787, -0.005178]","[0.049999, 0.029999, 0.117748]","[0.032944, 0.028582, -0.030907]","[0.006104, -0.014404, -0.020020]","[-0.007233, 0.003174, -0.010071, 0.999939]","[-0.001587, 0.003387, -0.004364, 0.999969]","[-0.450684, 0.585449, 0.005859]","[[0.999817, -0.020203, -0.006165], [0.020081, 0.999756, -0.014587], [0.006409, 0.014343, 0.999939]]",0.999817,"[7989, 7989, 7933, 8074]"
35.614063,"[-0.187500, -0.277344, -0.832031]","[0.006220, 0.005370, -0.005809]","[0.039999, 0.039999, 0.139273]","[0.035848, 0.031129, -0.033659]","[0.006836, -0.015137, -0.020752]","[-0.007538, 0.003540, -0.010406, 0.999939]","[-0.001953, 0.002899, -0.004364, 0.999969]","[-0.496338, 0.459229, -0.050049]","[[0.999817, -0.020874, -0.006897], [0.020752, 0.999756, -0.015198], [0.007141, 0.014954, 0.999939]]",0.999817,"[8018, 8001, 7950, 8120]"
35.748837,"[-0.179688, -0.269531, -0.820312]","[0.012718, 0.011033, -0.011930]","[0.039999, 0.049999, 0.092808]","[0.060473, 0.052856, -0.057132]","[0.007812, -0.015869, -0.023438]","[-0.007874, 0.004089, -0.011719, 0.999878]","[-0.002563, 0.002777, -0.004364, 0.999969]","[-0.088867, 0.099121, -0.010742]","[[0.999634, -0.023560, -0.007935], [0.023315, 0.999512, -0.015869], [0.008301, 0.015625, 0.999756]]",0.999634,"[8060, 8008, 7981, 8113]"
35.750801,"[-0.179688, -0.257812, -0.808594]","[0.012718, 0.011033, -0.011930]","[0.059999, 0.049999, 0.124834]","[0.060473, 0.052856, -0.057132]","[0.007568, -0.015869, -0.023438]","[-0.007874, 0.003967, -0.011719, 0.999878]","[-0.003296, 0.003754, -0.004364, 0.999969]","[0.032715, -0.167236, 0.002197]","[[0.999634, -0.023560, -0.007690], [0.023315, 0.999512, -0.015869], [0.008057, 0.015625, 0.999756]]",0.999634,"[8058, 7995, 7991, 8134]"
35.78009,"[-0.167969, -0.257812, -0.804688]","[0.015243, 0.013242, -0.014318]","[0.049999, 0.019999, 0.146038]","[0.068902, 0.060344, -0.065219]","[0.007568, -0.015869, -0.024170]","[-0.007965, 0.003937, -0.012054, 0.999878]","[-0.001587, 0.003754, -0.004364, 0.999969]","[-0.046387, -0.083740, 0.004883]","[[0.999634, -0.024231, -0.007629], [0.023987, 0.999512, -0.016052], [0.007996, 0.015808, 0.999756]]",0.999634,"[8074, 8048, 8017, 8129]"
35.813282,"[-0.167969, -0.257812, -0.796875]","[0.016632, 0.014459, -0.015633]","[0.029999, 0.059999, 0.151094]","[0.073350, 0.064305, -0.069496]","[0.008057, -0.016113, -0.024902]","[-0.008026, 0.004211, -0.012482, 0.999878]","[-0.003418, 0.002655, -0.004364, 0.999969]","[0.062012, 0.144287, -0.063232]","[[0.999634, -0.025085, -0.008179], [0.024841, 0.999512, -0.016174], [0.008545, 0.015930, 0.999817]]",0.999634,"[8128, 8078, 8033, 8167]"
35.846485,"[-0.167969, -0.257812, -0.796875]","[0.019677, 0.017132, -0.018522]","[0.070000, 0.059999, 0.147034]","[0.082699, 0.072654, -0.078510]","[0.008545, -0.016113, -0.025635]","[-0.008026, 0.004425, -0.012848, 0.999878]","[-0.003174, 0.004486, -0.004364, 0.999969]","[-0.085693, -0.098633, 0.031738]","[[0.999634, -0.025818, -0.008606], [0.025574, 0.999512, -0.016174], [0.008972, 0.015930, 0.999817]]",0.999634,"[8073, 8070, 8083, 8208]"
35.881649,"[-0.167969, -0.257812, -0.781250]","[0.023101, 0.020143, -0.021775]","[0.049999, 0.039999, 0.182819]","[0.092652, 0.081575, -0.088138]","[0.008545, -0.017090, -0.026611]","[-0.008484, 0.004425, -0.013275, 0.999878]","[-0.002075, 0.003265, -0.004364, 0.999969]","[-0.116943, -0.000488, 0.013672]","[[0.999634, -0.026672, -0.008606], [0.026428, 0.999512, -0.017090], [0.008972, 0.016846, 0.999817]]",0.999634,"[8147, 8115, 8087, 8222]"
35.914864,"[-0.167969, -0.257812, -0.777344]","[0.026924, 0.023512, -0.025416]","[0.070000, 0.059999, 0.199879]","[0.103191, 0.091058, -0.098371]","[0.009277, -0.017822, -0.027344]","[-0.008850, 0.004852, -0.013672, 0.999847]","[-0.002930, 0.003876, -0.004364, 0.999969]","[-0.062744, 0.090576, -0.029785]","[[0.999512, -0.027466, -0.009460], [0.027222, 0.999390, -0.017883], [0.009827, 0.017517, 0.999756]]",0.999512,"[8170, 8112, 8102, 8259]"
36.053524,"[-0.167969, -0.250000, -0.765625]","[0.043776, 0.038449, -0.041548]","[0.059999, 0.029999, 0.110588]","[0.144424, 0.128521, -0.138775]","[0.009277, -0.016357, -0.030029]","[-0.008118, 0.004852, -0.015045, 0.999847]","[-0.000610, 0.002289, -0.004364, 0.999969]","[0.024902, 0.044678, 0.004150]","[[0.999512, -0.030212, -0.009399], [0.029968, 0.999390, -0.016418], [0.009888, 0.016052, 0.999817]]",0.999512,"[8189, 8153, 8131, 8283]"
36.055473,"[-0.156250, -0.250000, -0.765625]","[0.043776, 0.038449, -0.041548]","[0.059999, 0.049999, 0.094736]","[0.144424, 0.128521, -0.138775]","[0.009277, -0.016357, -0.030273]","[-0.008148, 0.004883, -0.015106, 0.999817]","[-0.001587, 0.002899, -0.004364, 0.999969]","[-0.048828, 0.004395, -0.056885]","[[0.999390, -0.030334, -0.009460], [0.030090, 0.999268, -0.016479], [0.009949, 0.016113, 0.999695]]",0.99939,"[8197, 8166, 8119, 8281]"
36.201958,"[-0.156250, -0.238281, -0.750000]","[0.066686, 0.058935, -0.063661]","[0.059999, 0.080000, 0.093067]","[0.191593, 0.172110, -0.185735]","[0.008545, -0.015869, -0.033203]","[-0.007874, 0.004517, -0.016632, 0.999817]","[-0.002075, 0.001068, -0.004364, 0.999969]","[-0.120850, -0.070557, -0.007568]","[[0.999390, -0.033386, -0.008728], [0.033142, 0.999268, -0.015930], [0.009216, 0.015564, 0.999817]]",0.99939,"[8206, 8200, 8158, 8312]"
36.203911,"[-0.148438, -0.238281, -0.746094]","[0.066686, 0.058935, -0.063661]","[0.080000, 0.070000, 0.079613]","[0.191593, 0.172110, -0.185735]","[0.008057, -0.015869, -0.033447]","[-0.007874, 0.004181, -0.016663, 0.999817]","[-0.001465, 0.002289, -0.004364, 0.999969]","[0.024170, 0.111816, -0.013184]","[[0.999390, -0.033447, -0.008057], [0.033203, 0.999268, -0.015930], [0.008545, 0.015564, 0.999817]]",0.99939,"[8223, 8179, 8164, 8323]"
36.215633,"[-0.148438, -0.226562, -0.746094]","[0.070498, 0.062362, -0.067360]","[0.049999, 0.080000, 0.086908]","[0.198743, 0.178788, -0.192925]","[0.007568, -0.016357, -0.033447]","[-0.008118, 0.003967, -0.016754, 0.999817]","[-0.002319, 0.000458, -0.004364, 0.999969]","[-0.036377, -0.148193, -0.009033]","[[0.999390, -0.033630, -0.007629], [0.033386, 0.999268, -0.016418], [0.008118, 0.016052, 0.999817]]",0.99939,"[8247, 8186, 8155, 8341]"
36.344543,"[-0.136719, -0.226562, -0.738281]","[0.101202, 0.090134, -0.097318]","[0.059999, 0.089998, 0.041061]","[0.251045, 0.228259, -0.246146]","[0.004883, -0.015869, -0.035889]","[-0.007904, 0.002686, -0.018005, 0.999817]","[-0.000702, -0.000488, -0.004395, 0.999969]","[0.153564, 0.052246, -0.076660]","[[0.999390, -0.036072, -0.005066], [0.035950, 0.999268, -0.015930], [0.005554, 0.015686, 0.999878]]",0.99939,"[8258, 8199, 8200, 8363]"
36.346485,"[-0.136719, -0.226562, -0.738281]","[0.101202, 0.090134, -0.097318]","[0.059999, 0.080000, 0.015453]","[0.251045, 0.228259, -0.246146]","[0.005127, -0.016113, -0.035889]","[-0.008057, 0.002808, -0.017975, 0.999786]","[-0.000214, -0.000488, -0.004395, 0.999969]","[-0.109131, -0.201416, 0.000000]","[[0.999268, -0.036011, -0.005310], [0.035889, 0.999146, -0.016235], [0.005798, 0.015991, 0.999756]]",0.999268,"[8252, 8219, 8180, 8354]"
36.35041,"[-0.136719, -0.218750, -0.738281]","[0.101202, 0.090134, -0.097318]","[0.080000, 0.109999, 0.027481]","[0.251045, 0.228259, -0.246146]","[0.005127, -0.015869, -0.036133]","[-0.007935, 0.002777, -0.018066, 0.999786]","[-0.002197, 0.000336, -0.004364, 0.999969]","[0.165283, 0.126709, -0.054199]","[[0.999268, -0.036194, -0.005249], [0.036072, 0.999146, -0.015991], [0.005737, 0.015747, 0.999756]]",0.999268,"[8251, 8231, 8201, 8367]"
36.383595,"[-0.128906, -0.218750, -0.738281]","[0.111313, 0.099341, -0.107246]","[0.070000, 0.070000, -0.000051]","[0.266585, 0.243180, -0.262182]","[0.004150, -0.016357, -0.036621]","[-0.008148, 0.002319, -0.018372, 0.999786]","[0.000488, -0.000214, -0.004364, 0.999969]","[-0.153320, -0.055664, -0.056396]","[[0.999268, -0.036804, -0.004333], [0.036682, 0.999146, -0.016418], [0.004822, 0.016174, 0.999817]]",0.999268,"[8252, 8244, 8163, 8335]"
36.496883,"[-0.128906, -0.207031, -0.738281]","[0.139273, 0.124958, -0.134857]","[0.070000, 0.119999, -0.002474]","[0.306204, 0.281733, -0.303581]","[0.004395, -0.013916, -0.038818]","[-0.006958, 0.002350, -0.019470, 0.999786]","[-0.000336, -0.003052, -0.004395, 0.999969]","[0.125244, -0.178955, -0.075439]","[[0.999207, -0.039001, -0.004395], [0.038879, 0.999146, -0.014038], [0.004883, 0.013794, 0.999878]]",0.999207,"[8279, 8261, 8236, 8381]"
36.498829,"[-0.117188, -0.207031, -0.742188]","[0.145331, 0.130537, -0.140868]","[0.059999, 0.099998, -0.047218]","[0.314223, 0.289630, -0.312055]","[0.004883, -0.013428, -0.038818]","[-0.006714, 0.002625, -0.019470, 0.999756]","[0.000732, -0.002777, -0.004364, 0.999969]","[-0.078125, 0.028809, -0.021240]","[[0.999084, -0.039001, -0.004944], [0.038879, 0.999023, -0.013550], [0.005432, 0.013306, 0.999756]]",0.999084,"[8270, 8257, 8235, 8395]"
36.51836,"[-0.117188, -0.199219, -0.742188]","[0.151549, 0.136274, -0.147048]","[0.099998, 0.119999, -0.075537]","[0.322267, 0.297588, -0.320591]","[0.004639, -0.012939, -0.039307]","[-0.006409, 0.002563, -0.019684, 0.999756]","[-0.000458, -0.001099, -0.004395, 0.999969]","[0.059326, 0.183105, 0.056641]","[[0.999084, -0.039429, -0.004822], [0.039307, 0.999023, -0.012939], [0.005310, 0.012695, 0.999756]]",0.999084,"[8272, 8300, 8237, 8380]"
36.651176,"[-0.117188, -0.199219, -0.753906]","[0.192150, 0.173984, -0.187659]","[0.070000, 0.099998, -0.123035]","[0.370706, 0.346285, -0.372771]","[0.002441, -0.014160, -0.040771]","[-0.007080, 0.001434, -0.020355, 0.999756]","[0.004028, -0.006439, -0.004364, 0.999939]","[-0.111084, -0.026855, 0.032227]","[[0.999084, -0.040771, -0.002563], [0.040649, 0.999023, -0.014221], [0.003052, 0.014099, 0.999817]]",0.999084,"[8290, 8264, 8237, 8421]"
36.653126,"[-0.109375, -0.187500, -0.753906]","[0.192150, 0.173984, -0.187659]","[0.089998, 0.109999, -0.123035]","[0.370706, 0.346285, -0.372771]","[0.002441, -0.014160, -0.040771]","[-0.007080, 0.001434, -0.020355, 0.999756]","[0.002808, -0.004974, -0.004364, 0.999969]","[-0.111084, -0.026855, 0.032227]","[[0.999084, -0.040771, -0.002563], [0.040649, 0.999023, -0.014221], [0.003052, 0.014099, 0.999817]]",0.999084,"[8312, 8287, 8239, 8420]"
36.688286,"[-0.109375, -0.179688, -0.761719]","[0.206947, 0.187835, -0.202567]","[0.119999, 0.139999, -0.185167]","[0.386823, 0.362813, -0.390459]","[0.000488, -0.013916, -0.040527]","[-0.007019, 0.000397, -0.020264, 0.999756]","[0.001831, -0.004608, -0.004364, 0.999969]","[0.001953, -0.269531, 0.055176]","[[0.999084, -0.040588, -0.000488], [0.040466, 0.999023, -0.014099], [0.000977, 0.013977, 0.999817]]",0.999084,"[8307, 8259, 8232, 8425]"
36.825008,"[-0.097656, -0.179688, -0.777344]","[0.263651, 0.241427, -0.260212]","[0.070000, 0.119999, -0.255205]","[0.442447, 0.421331, -0.452973]","[-0.003662, -0.010254, -0.039551]","[-0.005157, -0.001740, -0.019775, 0.999786]","[0.007111, -0.010925, -0.004303, 0.999878]","[-0.030029, -0.016846, 0.070068]","[[0.999146, -0.039551, 0.003662], [0.039551, 0.999146, -0.010254], [-0.003296, 0.010376, 0.999878]]",0.999146,"[8308, 8260, 8261, 8404]"
36.826954,"[-0.097656, -0.167969, -0.777344]","[0.263651, 0.241427, -0.260212]","[0.109999, 0.119999, -0.255205]","[0.442447, 0.421331, -0.452973]","[-0.003662, -0.010254, -0.039551]","[-0.005157, -0.001740, -0.019775, 0.999786]","[0.006378, -0.009003, -0.004333, 0.999908]","[-0.030029, -0.016846, 0.070068]","[[0.999146, -0.039551, 0.003662], [0.039551, 0.999146, -0.010254], [-0.003296, 0.010376, 0.999878]]",0.999146,"[8295, 8254, 8256, 8416]"
36.828907,"[-0.089844, -0.156250, -0.789062]","[0.263651, 0.241427, -0.260212]","[0.099998, 0.129999, -0.253920]","[0.442447, 0.421331, -0.452973]","[-0.003662, -0.010742, -0.039795]","[-0.005463, -0.001740, -0.019928, 0.999786]","[0.005280, -0.009003, -0.004333, 0.999908]","[0.096191, -0.140625, -0.094727]","[[0.999146, -0.039856, 0.003662], [0.039856, 0.999146, -0.010864], [-0.003296, 0.010986, 0.999939]]",0.999146,"[8320, 8251, 8284, 8437]"
36.879692,"[-0.078125, -0.156250, -0.800781]","[0.290258, 0.266853, -0.287541]","[0.129999, 0.169998, -0.302706]","[0.465686, 0.446563, -0.479870]","[-0.005371, -0.009033, -0.040283]","[-0.004608, -0.002594, -0.020203, 0.999786]","[0.005157, -0.008514, -0.004333, 0.999939]","[0.093994, -0.214600, -0.081299]","[[0.999146, -0.040405, 0.005371], [0.040405, 0.999146, -0.009155], [-0.005005, 0.009277, 0.999939]]",0.999146,"[8252, 8251, 8243, 8376]"
36.887501,"[-0.078125, -0.148438, -0.808594]","[0.290258, 0.266853, -0.287541]","[0.119999, 0.139999, -0.339205]","[0.465686, 0.446563, -0.479870]","[-0.005615, -0.009277, -0.040283]","[-0.004730, -0.002808, -0.020172, 0.999786]","[0.006500, -0.009369, -0.004303, 0.999908]","[0.014648, -0.245117, -0.021729]","[[0.999146, -0.040344, 0.005798], [0.040344, 0.999146, -0.009399], [-0.005432, 0.009521, 0.999939]]",0.999146,"[8291, 8239, 8253, 8391]"
36.920708,"[-0.066406, -0.148438, -0.816406]","[0.308747, 0.284626, -0.306636]","[0.139999, 0.169998, -0.362915]","[0.480906, 0.463381, -0.497776]","[-0.005859, -0.008301, -0.040527]","[-0.004272, -0.002930, -0.020325, 0.999786]","[0.006134, -0.009125, -0.004333, 0.999908]","[0.026367, 0.102295, -0.041992]","[[0.999146, -0.040649, 0.005981], [0.040649, 0.999146, -0.008484], [-0.005737, 0.008606, 0.999939]]",0.999146,"[8263, 8197, 8202, 8380]"
36.953911,"[-0.078125, -0.136719, -0.824219]","[0.328797, 0.303995, -0.327440]","[0.099998, 0.160000, -0.443542]","[0.496622, 0.481013, -0.516530]","[-0.006592, -0.007568, -0.040527]","[-0.003845, -0.003326, -0.020264, 0.999786]","[0.007111, -0.012878, -0.004272, 0.999878]","[0.062012, -0.015137, 0.052002]","[[0.999146, -0.040527, 0.006775], [0.040527, 0.999146, -0.007568], [-0.006531, 0.007812, 0.999939]]",0.999146,"[8239, 8209, 8213, 8358]"
36.989067,"[-0.066406, -0.128906, -0.843750]","[0.348484, 0.323112, -0.347964]","[0.169998, 0.179998, -0.484791]","[0.511303, 0.497755, -0.534318]","[-0.008301, -0.006836, -0.041016]","[-0.003479, -0.004089, -0.020599, 0.999786]","[0.006989, -0.010223, -0.004303, 0.999908]","[0.136475, -0.359375, -0.038330]","[[0.999146, -0.041199, 0.008301], [0.041199, 0.999146, -0.006836], [-0.008057, 0.007080, 0.999939]]",0.999146,"[8219, 8195, 8184, 8370]"
37.133598,"[-0.046875, -0.109375, -0.878906]","[0.421777, 0.395140, -0.425232]","[0.160000, 0.179998, -0.549585]","[0.560175, 0.555721, -0.595739]","[-0.012207, -0.002197, -0.040771]","[-0.001282, -0.006134, -0.020386, 0.999786]","[0.011658, -0.015442, -0.004211, 0.999786]","[0.033936, -0.192871, 0.010742]","[[0.999146, -0.040771, 0.012268], [0.040771, 0.999207, -0.002319], [-0.012268, 0.002808, 0.999939]]",0.999146,"[8247, 8182, 8179, 8373]"
37.157036,"[-0.039062, -0.097656, -0.894531]","[0.432783, 0.406074, -0.436952]","[0.189999, 0.219999, -0.569355]","[0.566801, 0.563893, -0.604376]","[-0.013184, 0.000000, -0.041016]","[-0.000153, -0.006622, -0.020538, 0.999786]","[0.009949, -0.014465, -0.004242, 0.999817]","[0.097656, -0.081543, -0.083008]","[[0.999146, -0.041077, 0.013245], [0.041077, 0.999207, -0.000061], [-0.013245, 0.000549, 0.999939]]",0.999146,"[8230, 8185, 8170, 8353]"
37.276176,"[-0.027344, -0.078125, -0.929688]","[0.501446, 0.474996, -0.510774]","[0.219999, 0.240000, -0.619337]","[0.604429, 0.612148, -0.655239]","[-0.017822, 0.002441, -0.042725]","[0.001160, -0.009003, -0.021393, 0.999756]","[0.013245, -0.017761, -0.004150, 0.999725]","[0.111572, -0.053955, 0.046631]","[[0.999023, -0.042847, 0.017944], [0.042725, 0.999146, 0.002625], [-0.018066, -0.001892, 0.999878]]",0.999023,"[8250, 8186, 8178, 8411]"
37.27813,"[-0.027344, -0.078125, -0.933594]","[0.501446, 0.474996, -0.510774]","[0.199999, 0.199999, -0.624588]","[0.604429, 0.612148, -0.655239]","[-0.017334, 0.002441, -0.042725]","[0.001160, -0.008698, -0.021393, 0.999756]","[0.015442, -0.018829, -0.004089, 0.999664]","[-0.011963, 0.270996, 0.015625]","[[0.999023, -0.042847, 0.017334], [0.042725, 0.999146, 0.002625], [-0.017456, -0.001892, 0.999878]]",0.999023,"[8266, 8169, 8156, 8408]"
37.289848,"[-0.019531, -0.066406, -0.941406]","[0.513311, 0.487032, -0.523655]","[0.179998, 0.209999, -0.657482]","[0.610324, 0.620044, -0.663537]","[-0.018799, 0.003418, -0.043213]","[0.001648, -0.009521, -0.021576, 0.999725]","[0.014709, -0.019806, -0.004089, 0.999664]","[0.191895, -0.371094, -0.027588]","[[0.998901, -0.043213, 0.018921], [0.043091, 0.999023, 0.003601], [-0.019165, -0.002869, 0.999817]]",0.998901,"[8245, 8204, 8183, 8403]"
37.448055,"[-0.007812, -0.058594, -0.996094]","[0.612124, 0.588745, -0.632397]","[0.219999, 0.269999, -0.731382]","[0.653193, 0.681329, -0.727674]","[-0.027588, 0.011719, -0.045654]","[0.005676, -0.013947, -0.022827, 0.999603]","[0.019257, -0.025055, -0.003906, 0.999481]","[0.070557, -0.077881, 0.017822]","[[0.998474, -0.045837, 0.027588], [0.045471, 0.998779, 0.011902], [-0.028198, -0.010681, 0.999451]]",0.998474,"[8200, 8151, 8164, 8419]"
37.450005,"[0.019531, -0.027344, -0.996094]","[0.612124, 0.588745, -0.632397]","[0.269999, 0.289999, -0.718719]","[0.653193, 0.681329, -0.727674]","[-0.027832, 0.011719, -0.045898]","[0.005676, -0.014099, -0.022888, 0.999603]","[0.016785, -0.021027, -0.004028, 0.999603]","[0.002930, -0.128418, -0.067627]","[[0.998474, -0.045959, 0.027893], [0.045593, 0.998779, 0.011902], [-0.028503, -0.010681, 0.999451]]",0.998474,"[8218, 8170, 8150, 8423]"
37.457817,"[0.027344, -0.019531, -1.003906]","[0.624929, 0.602125, -0.646685]","[0.249998, 0.259998, -0.715540]","[0.657981, 0.688724, -0.735380]","[-0.028320, 0.012695, -0.046143]","[0.006073, -0.014404, -0.023010, 0.999603]","[0.018127, -0.021881, -0.003967, 0.999573]","[0.097656, -0.186523, -0.113281]","[[0.998474, -0.046204, 0.028503], [0.045837, 0.998779, 0.012695], [-0.029114, -0.011475, 0.999451]]",0.998474,"[8226, 8153, 8139, 8411]"
37.524223,"[0.039062, 0.000000, -1.035156]","[0.663896, 0.643133, -0.690452]","[0.309999, 0.329998, -0.780821]","[0.671536, 0.710524, -0.758029]","[-0.029053, 0.013672, -0.048096]","[0.006622, -0.014709, -0.023926, 0.999573]","[0.016785, -0.021637, -0.003998, 0.999603]","[0.022705, -0.223145, -0.091553]","[[0.998352, -0.048096, 0.029053], [0.047607, 0.998718, 0.013855], [-0.029785, -0.012512, 0.999390]]",0.998352,"[8241, 8149, 8163, 8451]"
37.55938,"[0.046875, 0.007812, -1.058594]","[0.690283, 0.671154, -0.720339]","[0.269999, 0.289999, -0.806740]","[0.679870, 0.724698, -0.772705]","[-0.028564, 0.014648, -0.049316]","[0.007019, -0.014496, -0.024536, 0.999573]","[0.020355, -0.025055, -0.003876, 0.999451]","[-0.090332, -0.199219, -0.087891]","[[0.998352, -0.049316, 0.028625], [0.048828, 0.998657, 0.014648], [-0.029358, -0.013306, 0.999451]]",0.998352,"[8162, 8175, 8160, 8391]"
37.592583,"[0.058594, 0.019531, -1.078125]","[0.703599, 0.685375, -0.735499]","[0.349998, 0.359999, -0.845631]","[0.683823, 0.731676, -0.779917]","[-0.029297, 0.014160, -0.049805]","[0.006744, -0.014862, -0.024872, 0.999542]","[0.018005, -0.022125, -0.003967, 0.999573]","[0.002930, 0.294189, 0.038574]","[[0.998230, -0.049988, 0.029358], [0.049500, 0.998596, 0.014160], [-0.030090, -0.012695, 0.999390]]",0.99823,"[8233, 8108, 8122, 8458]"
37.625786,"[0.066406, 0.027344, -1.093750]","[0.730459, 0.714227, -0.766243]","[0.289999, 0.299999, -0.815756]","[0.691276, 0.745396, -0.794059]","[-0.030273, 0.016602, -0.051025]","[0.008026, -0.015350, -0.025391, 0.999512]","[0.022308, -0.026398, -0.003784, 0.999390]","[0.094482, -0.336914, -0.059570]","[[0.998169, -0.051086, 0.030273], [0.050476, 0.998474, 0.016724], [-0.031128, -0.015259, 0.999329]]",0.998169,"[8170, 8202, 8150, 8364]"
37.658985,"[0.078125, 0.039062, -1.109375]","[0.757597, 0.743606, -0.797532]","[0.359999, 0.389999, -0.835833]","[0.698129, 0.758789, -0.807825]","[-0.030029, 0.016113, -0.052002]","[0.007721, -0.015289, -0.025879, 0.999512]","[0.019104, -0.023712, -0.003937, 0.999512]","[0.093994, 0.136963, -0.019775]","[[0.998108, -0.052002, 0.030151], [0.051514, 0.998474, 0.016113], [-0.031006, -0.014648, 0.999329]]",0.998108,"[8202, 8136, 8144, 8470]"
37.692188,"[0.097656, 0.058594, -1.125000]","[0.784990, 0.773502, -0.829348]","[0.320000, 0.349998, -0.859856]","[0.704358, 0.771845, -0.821193]","[-0.030518, 0.017578, -0.052979]","[0.008514, -0.015503, -0.026367, 0.999481]","[0.021820, -0.026398, -0.003784, 0.999390]","[0.008789, -0.102783, -0.059082]","[[0.998047, -0.053040, 0.030518], [0.052429, 0.998352, 0.017761], [-0.031494, -0.016174, 0.999268]]",0.998047,"[8192, 8171, 8154, 8405]"
37.760551,"[0.117188, 0.078125, -1.156250]","[0.826507, 0.819285, -0.878034]","[0.400000, 0.439999, -0.875523]","[0.712471, 0.790738, -0.840441]","[-0.031250, 0.018311, -0.055420]","[0.008820, -0.015900, -0.027618, 0.999451]","[0.020233, -0.024933, -0.003876, 0.999451]","[0.090820, -0.119141, -0.043701]","[[0.997925, -0.055542, 0.031311], [0.054932, 0.998291, 0.018433], [-0.032288, -0.016724, 0.999268]]",0.997925,"[8211, 8108, 8124, 8467]"
37.793755,"[0.128906, 0.097656, -1.171875]","[0.854431, 0.850412, -0.911106]","[0.359999, 0.379999, -0.870447]","[0.717048, 0.802857, -0.852721]","[-0.030762, 0.019531, -0.056885]","[0.009460, -0.015686, -0.028290, 0.999420]","[0.023895, -0.027832, -0.003723, 0.999298]","[-0.031494, 0.058838, -0.071289]","[[0.997803, -0.056885, 0.030823], [0.056274, 0.998169, 0.019714], [-0.031921, -0.018005, 0.999268]]",0.997803,"[8153, 8169, 8168, 8416]"
37.828911,"[0.148438, 0.109375, -1.191406]","[0.882519, 0.882005, -0.944650]","[0.449999, 0.459999, -0.883589]","[0.720939, 0.814567, -0.864532]","[-0.031738, 0.019043, -0.058350]","[0.009186, -0.016144, -0.029083, 0.999390]","[0.021301, -0.024323, -0.003845, 0.999451]","[0.038086, 0.138184, -0.024414]","[[0.997681, -0.058472, 0.031738], [0.057861, 0.998047, 0.019226], [-0.032837, -0.017395, 0.999207]]",0.997681,"[8233, 8137, 8147, 8485]"
37.862114,"[0.156250, 0.117188, -1.207031]","[0.896622, 0.897971, -0.961596]","[0.359999, 0.400000, -0.929741]","[0.722623, 0.820265, -0.870256]","[-0.032227, 0.020752, -0.059570]","[0.009949, -0.016510, -0.029663, 0.999359]","[0.025848, -0.029907, -0.003601, 0.999207]","[-0.064453, -0.197510, -0.093018]","[[0.997620, -0.059692, 0.032410], [0.058960, 0.997925, 0.020813], [-0.033630, -0.018860, 0.999146]]",0.99762,"[8182, 8184, 8141, 8402]"
37.895317,"[0.167969, 0.136719, -1.222656]","[0.924904, 0.930232, -0.995809]","[0.379999, 0.409998, -0.920645]","[0.725457, 0.831349, -0.881339]","[-0.031738, 0.020020, -0.060791]","[0.009583, -0.016205, -0.030243, 0.999359]","[0.026337, -0.030029, -0.003571, 0.999176]","[0.067871, 0.033936, 0.032715]","[[0.997620, -0.060852, 0.031799], [0.060120, 0.997925, 0.020081], [-0.033020, -0.018127, 0.999207]]",0.99762,"[8177, 8075, 8140, 8527]"
37.930473,"[0.199219, 0.148438, -1.238281]","[0.953282, 0.962911, -1.030437]","[0.480000, 0.499998, -0.934042]","[0.727557, 0.841981, -0.891899]","[-0.032715, 0.022217, -0.062012]","[0.010681, -0.016724, -0.030853, 0.999329]","[0.023407, -0.025269, -0.003784, 0.999390]","[0.100830, -0.142578, -0.121338]","[[0.997498, -0.062073, 0.032776], [0.061340, 0.997864, 0.022278], [-0.034119, -0.020325, 0.999207]]",0.997498,"[8172, 8140, 8142, 8466]"
37.961723,"[0.207031, 0.167969, -1.257812]","[0.967504, 0.979411, -1.047911]","[0.400000, 0.439999, -0.965403]","[0.728331, 0.847126, -0.896982]","[-0.033447, 0.023438, -0.063232]","[0.011322, -0.017151, -0.031464, 0.999298]","[0.026947, -0.030396, -0.003540, 0.999146]","[-0.084473, 0.233887, 0.038574]","[[0.997437, -0.063354, 0.033569], [0.062500, 0.997742, 0.023621], [-0.035034, -0.021545, 0.999146]]",0.997437,"[8187, 8176, 8140, 8401]"
37.99688,"[0.218750, 0.187500, -1.277344]","[0.995975, 1.012697, -1.083142]","[0.509998, 0.539999, -0.973625]","[0.729324, 0.857072, -0.906757]","[-0.032227, 0.022461, -0.064697]","[0.010834, -0.016571, -0.032227, 0.999298]","[0.023041, -0.025879, -0.003784, 0.999390]","[-0.096924, 0.343018, 0.089600]","[[0.997375, -0.064819, 0.032410], [0.064087, 0.997681, 0.022644], [-0.033875, -0.020569, 0.999268]]",0.997375,"[8184, 8085, 8107, 8532]"
38.02813,"[0.238281, 0.199219, -1.292969]","[1.024473, 1.046363, -1.118744]","[0.439999, 0.449999, -1.007200]","[0.729538, 0.866535, -0.915969]","[-0.033447, 0.024658, -0.066406]","[0.011871, -0.017181, -0.032990, 0.999237]","[0.028900, -0.029785, -0.003510, 0.999115]","[0.132812, 0.115723, 0.032715]","[[0.997192, -0.066406, 0.033569], [0.065552, 0.997498, 0.024780], [-0.035156, -0.022583, 0.999084]]",0.997192,"[8160, 8153, 8125, 8456]"
38.061333,"[0.250000, 0.218750, -1.312500]","[1.038720, 1.063333, -1.136677]","[0.429998, 0.469999, -1.053194]","[0.729377, 0.871084, -0.920361]","[-0.034424, 0.024658, -0.067627]","[0.011780, -0.017609, -0.033600, 0.999237]","[0.028778, -0.031494, -0.003479, 0.999054]","[-0.084473, 0.014160, -0.095215]","[[0.997192, -0.067627, 0.034424], [0.066772, 0.997559, 0.024658], [-0.036011, -0.022339, 0.999146]]",0.997192,"[8157, 8101, 8087, 8479]"
38.09454,"[0.269531, 0.238281, -1.328125]","[1.067196, 1.097528, -1.172791]","[0.559999, 0.579998, -1.055084]","[0.728450, 0.879807, -0.928725]","[-0.034912, 0.027344, -0.069092]","[0.013153, -0.017944, -0.034302, 0.999176]","[0.024475, -0.025513, -0.003754, 0.999359]","[0.155273, 0.177002, 0.034424]","[[0.997009, -0.069092, 0.034973], [0.068115, 0.997314, 0.027466], [-0.036804, -0.025024, 0.999023]]",0.997009,"[8120, 8109, 8107, 8422]"
38.129692,"[0.289062, 0.257812, -1.347656]","[1.095625, 1.132056, -1.209235]","[0.459999, 0.489998, -1.030863]","[0.726783, 0.888037, -0.936547]","[-0.034668, 0.026367, -0.070801]","[0.012634, -0.017792, -0.035217, 0.999146]","[0.029877, -0.031128, -0.003448, 0.999054]","[-0.122803, -0.203857, -0.134033]","[[0.996887, -0.070923, 0.034668], [0.069946, 0.997192, 0.026428], [-0.036499, -0.023987, 0.999023]]",0.996887,"[8152, 8149, 8095, 8440]"
38.162895,"[0.296875, 0.277344, -1.367188]","[1.123969, 1.166898, -1.245962]","[0.569998, 0.609999, -1.027897]","[0.724333, 0.895769, -0.943769]","[-0.033203, 0.025635, -0.072754]","[0.012329, -0.017120, -0.036163, 0.999146]","[0.024994, -0.027100, -0.003693, 0.999298]","[0.057373, -0.092041, -0.055908]","[[0.996826, -0.072693, 0.033325], [0.071838, 0.997131, 0.025818], [-0.035156, -0.023376, 0.999146]]",0.996826,"[8129, 8060, 8111, 8571]"
38.196098,"[0.328125, 0.289062, -1.382812]","[1.138102, 1.184430, -1.264428]","[0.489998, 0.529999, -1.046402]","[0.722822, 0.899447, -0.947163]","[-0.033447, 0.027832, -0.073730]","[0.013397, -0.017334, -0.036682, 0.999084]","[0.030243, -0.031006, -0.003448, 0.999054]","[-0.057861, 0.165283, -0.045654]","[[0.996643, -0.073792, 0.033630], [0.072815, 0.996887, 0.027954], [-0.035706, -0.025513, 0.999023]]",0.996643,"[8121, 8149, 8121, 8466]"
38.231255,"[0.339844, 0.308594, -1.402344]","[1.166267, 1.219699, -1.301549]","[0.499998, 0.529999, -1.076221]","[0.719231, 0.906425, -0.953516]","[-0.033203, 0.026855, -0.075195]","[0.012909, -0.017181, -0.037354, 0.999054]","[0.031464, -0.031494, -0.003387, 0.998993]","[-0.079834, -0.090332, 0.017822]","[[0.996521, -0.075134, 0.033386], [0.074158, 0.996765, 0.027039], [-0.035339, -0.024475, 0.998962]]",0.996521,"[8145, 8058, 8070, 8541]"
38.262505,"[0.359375, 0.328125, -1.417969]","[1.194282, 1.255238, -1.338914]","[0.599998, 0.669998, -1.021069]","[0.714884, 0.912901, -0.959289]","[-0.033447, 0.028564, -0.077393]","[0.013733, -0.017303, -0.038483, 0.999023]","[0.025482, -0.026855, -0.003693, 0.999298]","[0.189209, -0.327148, -0.073975]","[[0.996460, -0.077393, 0.033508], [0.076416, 0.996643, 0.028687], [-0.035706, -0.026123, 0.999023]]",0.99646,"[8143, 8114, 8106, 8541]"
38.299614,"[0.367188, 0.347656, -1.437500]","[1.222107, 1.291013, -1.376486]","[0.529999, 0.559999, -1.068892]","[0.709788, 0.918871, -0.964479]","[-0.032715, 0.027344, -0.079346]","[0.013092, -0.016968, -0.039490, 0.998993]","[0.032196, -0.031616, -0.003357, 0.998962]","[0.053467, 0.054688, 0.044922]","[[0.996277, -0.079407, 0.032898], [0.078430, 0.996521, 0.027405], [-0.034973, -0.024841, 0.999084]]",0.996277,"[8198, 8128, 8133, 8534]"
38.330864,"[0.398438, 0.367188, -1.457031]","[1.235943, 1.308987, -1.395347]","[0.629999, 0.679998, -1.040947]","[0.706959, 0.921666, -0.966855]","[-0.031738, 0.028320, -0.081055]","[0.013580, -0.016510, -0.040283, 0.998962]","[0.027161, -0.026489, -0.003662, 0.999268]","[0.111572, 0.090332, -0.030762]","[[0.996216, -0.080994, 0.031921], [0.080017, 0.996338, 0.028381], [-0.034119, -0.025818, 0.999084]]",0.996216,"[8155, 8074, 8131, 8552]"
38.364071,"[0.417969, 0.386719, -1.472656]","[1.263442, 1.345096, -1.433205]","[0.539999, 0.599998, -1.025793]","[0.700746, 0.926878, -0.971168]","[-0.031982, 0.028320, -0.082764]","[0.013519, -0.016571, -0.041107, 0.998932]","[0.032196, -0.031494, -0.003357, 0.998962]","[-0.091064, 0.043945, -0.080811]","[[0.996033, -0.082642, 0.031982], [0.081665, 0.996216, 0.028320], [-0.034302, -0.025635, 0.999084]]",0.996033,"[8178, 8124, 8073, 8532]"
38.430473,"[0.457031, 0.437500, -1.507812]","[1.304191, 1.399605, -1.490265]","[0.659998, 0.739998, -1.068855]","[0.690049, 0.933745, -0.976539]","[-0.030029, 0.028076, -0.085938]","[0.013428, -0.015656, -0.042755, 0.998871]","[0.026550, -0.026367, -0.003662, 0.999268]","[-0.059082, -0.419189, -0.118652]","[[0.995789, -0.085876, 0.030151], [0.085022, 0.995972, 0.028076], [-0.032471, -0.025513, 0.999084]]",0.995789,"[8197, 8041, 8114, 8664]"
38.46563,"[0.476562, 0.457031, -1.523438]","[1.330997, 1.436166, -1.528477]","[0.579998, 0.629999, -1.053276]","[0.682005, 0.937691, -0.979388]","[-0.030518, 0.031006, -0.087646]","[0.014923, -0.015961, -0.043610, 0.998810]","[0.033173, -0.030609, -0.003357, 0.998962]","[-0.050537, 0.040283, -0.057373]","[[0.995667, -0.087646, 0.030579], [0.086670, 0.995728, 0.031128], [-0.033264, -0.028442, 0.999023]]",0.995667,"[8120, 8180, 8132, 8479]"
38.500786,"[0.500000, 0.476562, -1.542969]","[1.357468, 1.472863, -1.566780]","[0.689999, 0.759998, -1.076082]","[0.673242, 0.941130, -0.981650]","[-0.030029, 0.029053, -0.089355]","[0.013916, -0.015656, -0.044403, 0.998810]","[0.027893, -0.025513, -0.003662, 0.999268]","[-0.149414, 0.008301, 0.041748]","[[0.995605, -0.089233, 0.030029], [0.088257, 0.995728, 0.029114], [-0.032593, -0.026428, 0.999146]]",0.995605,"[8188, 8080, 8101, 8617]"
38.532036,"[0.519531, 0.507812, -1.558594]","[1.383582, 1.509681, -1.605157]","[0.569998, 0.659998, -1.097189]","[0.663769, 0.944062, -0.983325]","[-0.029297, 0.031738, -0.091309]","[0.015259, -0.015442, -0.045380, 0.998718]","[0.032928, -0.031616, -0.003326, 0.998932]","[0.137451, 0.306152, -0.024414]","[[0.995300, -0.091187, 0.029480], [0.090210, 0.995300, 0.031799], [-0.032288, -0.029114, 0.998962]]",0.9953,"[8122, 8132, 8080, 8497]"
38.565239,"[0.546875, 0.539062, -1.578125]","[1.396497, 1.528132, -1.624368]","[0.729998, 0.789999, -1.093998]","[0.658767, 0.945339, -0.983943]","[-0.028564, 0.028320, -0.092773]","[0.013550, -0.014954, -0.046234, 0.998718]","[0.026917, -0.023682, -0.003723, 0.999329]","[-0.069824, -0.100586, -0.001709]","[[0.995239, -0.092834, 0.028625], [0.091980, 0.995300, 0.028381], [-0.031189, -0.025696, 0.999146]]",0.995239,"[8182, 8049, 8071, 8650]"
38.598442,"[0.566406, 0.566406, -1.597656]","[1.422029, 1.565107, -1.662825]","[0.599998, 0.669998, -1.085442]","[0.648238, 0.947515, -0.984740]","[-0.028320, 0.031250, -0.094971]","[0.015045, -0.014893, -0.047302, 0.998657]","[0.033264, -0.030243, -0.003357, 0.998962]","[0.101074, 0.113037, -0.013184]","[[0.995056, -0.094971, 0.028320], [0.093994, 0.995056, 0.031433], [-0.031250, -0.028625, 0.999084]]",0.995056,"[8098, 8173, 8085, 8528]"
38.631645,"[0.589844, 0.589844, -1.613281]","[1.447132, 1.602151, -1.701293]","[0.609999, 0.699999, -1.095158]","[0.637020, 0.949186, -0.984952]","[-0.027588, 0.029297, -0.096436]","[0.014099, -0.014557, -0.048065, 0.998627]","[0.032776, -0.029785, -0.003387, 0.998993]","[-0.195068, 0.044922, -0.077148]","[[0.994873, -0.096436, 0.027710], [0.095581, 0.994873, 0.029480], [-0.030518, -0.026794, 0.999084]]",0.994873,"[8169, 8075, 8093, 8612]"
38.666801,"[0.609375, 0.617188, -1.632812]","[1.459519, 1.620699, -1.720534]","[0.749998, 0.839998, -1.090431]","[0.631153, 0.949834, -0.984839]","[-0.027344, 0.031494, -0.098389]","[0.015167, -0.014465, -0.048950, 0.998566]","[0.026550, -0.023071, -0.003754, 0.999359]","[0.177246, -0.263916, -0.111328]","[[0.994690, -0.098267, 0.027405], [0.097290, 0.994629, 0.031677], [-0.030457, -0.028870, 0.999023]]",0.99469,"[8103, 8094, 8099, 8581]"
38.701958,"[0.628906, 0.636719, -1.652344]","[1.483934, 1.657818, -1.758989]","[0.609999, 0.719999, -1.088726]","[0.618916, 0.950753, -0.984178]","[-0.025879, 0.028076, -0.099854]","[0.013489, -0.013702, -0.049774, 0.998566]","[0.033508, -0.029999, -0.003357, 0.998962]","[-0.062988, 0.041260, -0.097412]","[[0.994568, -0.099854, 0.026001], [0.098999, 0.994629, 0.028259], [-0.028809, -0.025574, 0.999207]]",0.994568,"[8186, 8079, 8061, 8594]"
38.733204,"[0.656250, 0.656250, -1.667969]","[1.507863, 1.694970, -1.797415]","[0.649998, 0.719999, -1.105013]","[0.606008, 0.951173, -0.982936]","[-0.025879, 0.030762, -0.101318]","[0.014740, -0.013702, -0.050446, 0.998535]","[0.034363, -0.028046, -0.003418, 0.998993]","[0.153809, -0.219727, -0.086670]","[[0.994568, -0.101196, 0.025879], [0.100342, 0.994507, 0.030762], [-0.028931, -0.028076, 0.999207]]",0.994568,"[8103, 8070, 8111, 8631]"
38.766407,"[0.679688, 0.687500, -1.687500]","[1.531268, 1.732119, -1.835770]","[0.759998, 0.879999, -1.093943]","[0.592448, 0.951097, -0.981116]","[-0.027100, 0.030518, -0.102539]","[0.014679, -0.014313, -0.051086, 0.998474]","[0.026917, -0.022339, -0.003784, 0.999359]","[-0.019043, -0.109619, 0.014648]","[[0.994324, -0.102478, 0.027100], [0.101624, 0.994263, 0.030701], [-0.030151, -0.027893, 0.999084]]",0.994324,"[8181, 8067, 8073, 8602]"
38.799614,"[0.707031, 0.718750, -1.707031]","[1.542773, 1.750696, -1.854925]","[0.659998, 0.739998, -1.079119]","[0.585422, 0.950873, -0.979989]","[-0.026123, 0.032227, -0.104248]","[0.015472, -0.013977, -0.051880, 0.998444]","[0.034119, -0.026825, -0.003448, 0.999023]","[-0.007324, 0.005127, -0.106934]","[[0.994202, -0.104126, 0.026306], [0.103149, 0.994141, 0.032288], [-0.029602, -0.029480, 0.999146]]",0.994202,"[8124, 8186, 8103, 8539]"
