t,p,p_d,v,v_d,Angles,q,q_sp,w,R,T_sp,rpm
35.056435,"[-0.078125, 0.019531, -1.027344]","[0.000000, 0.000000, -0.000000]","[-0.009998, -0.019999, -0.111839]","[0.000002, 0.000003, -0.000002]","[0.011719, -0.022949, -0.012207]","[-0.011475, 0.005981, -0.006012, 0.999908]","[-0.000366, 0.000336, -0.005829, 0.999969]","[0.115479, 0.055664, 0.020752]","[[0.999878, -0.012207, -0.011780], [0.011841, 0.999695, -0.023071], [0.012024, 0.022827, 0.999695]]",0.999878,"[7716, 7632, 7657, 7799]"
35.11113,"[-0.078125, 0.019531, -1.031250]","[0.000000, 0.000001, -0.000001]","[-0.019999, -0.019999, -0.099152]","[0.000026, 0.000050, -0.000036]","[0.008057, -0.022461, -0.012939]","[-0.011200, 0.004120, -0.006409, 0.999908]","[-0.000214, -0.000732, -0.005859, 0.999969]","[0.031982, 0.010498, -0.076904]","[[0.999878, -0.012939, -0.008057], [0.012695, 0.999634, -0.022461], [0.008301, 0.022339, 0.999695]]",0.999878,"[7724, 7667, 7608, 7724]"
35.113075,"[-0.078125, 0.019531, -1.019531]","[0.000000, 0.000001, -0.000001]","[-0.009998, -0.019999, -0.064941]","[0.000026, 0.000050, -0.000036]","[0.007568, -0.021973, -0.012695]","[-0.011017, 0.003937, -0.006378, 0.999939]","[-0.000214, -0.000244, -0.005859, 0.999969]","[-0.005859, -0.136719, 0.046875]","[[0.999939, -0.012878, -0.007690], [0.012634, 0.999756, -0.022095], [0.007935, 0.021973, 0.999817]]",0.999939,"[7739, 7657, 7583, 7709]"
35.144333,"[-0.066406, 0.019531, -1.019531]","[0.000003, 0.000006, -0.000004]","[0.009998, -0.029999, -0.070345]","[0.000124, 0.000241, -0.000176]","[0.006836, -0.021484, -0.013428]","[-0.010742, 0.003510, -0.006683, 0.999939]","[0.000336, 0.001465, -0.005859, 0.999969]","[0.045166, 0.141846, 0.054932]","[[0.999939, -0.013489, -0.006836], [0.013245, 0.999756, -0.021545], [0.007080, 0.021423, 0.999817]]",0.999939,"[7796, 7694, 7648, 7767]"
35.275192,"[-0.078125, 0.019531, -1.015625]","[0.000123, 0.000241, -0.000176]","[-0.009998, -0.019999, 0.018280]","[0.002300, 0.004510, -0.003295]","[0.004395, -0.020752, -0.018799]","[-0.010406, 0.002319, -0.009460, 0.999908]","[-0.000092, -0.000122, -0.005829, 0.999969]","[0.201904, -0.039307, -0.042969]","[[0.999817, -0.018982, -0.004395], [0.018860, 0.999634, -0.020874], [0.004761, 0.020752, 0.999756]]",0.999817,"[7863, 7809, 7744, 7903]"
35.277138,"[-0.066406, 0.019531, -0.996094]","[0.000123, 0.000241, -0.000176]","[-0.009998, -0.029999, 0.072197]","[0.002300, 0.004510, -0.003295]","[0.005615, -0.021484, -0.018799]","[-0.010773, 0.002960, -0.009430, 0.999908]","[0.000336, 0.000610, -0.005859, 0.999969]","[-0.039551, 0.020752, -0.039062]","[[0.999817, -0.018982, -0.005676], [0.018738, 0.999634, -0.021606], [0.006042, 0.021484, 0.999756]]",0.999817,"[7891, 7815, 7758, 7910]"
35.279095,"[-0.078125, 0.007812, -0.996094]","[0.000123, 0.000241, -0.000176]","[0.009998, -0.029999, 0.073902]","[0.002300, 0.004510, -0.003295]","[0.004883, -0.021240, -0.018799]","[-0.010590, 0.002625, -0.009460, 0.999908]","[0.000946, 0.000854, -0.005859, 0.999969]","[0.240967, -0.363281, -0.061523]","[[0.999817, -0.018982, -0.005005], [0.018860, 0.999634, -0.021240], [0.005371, 0.021118, 0.999756]]",0.999817,"[7905, 7832, 7750, 7897]"
35.339642,"[-0.078125, 0.019531, -0.992188]","[0.000327, 0.000642, -0.000469]","[-0.009998, -0.009998, 0.147520]","[0.004893, 0.009634, -0.007039]","[0.004639, -0.021973, -0.021484]","[-0.011017, 0.002502, -0.010712, 0.999878]","[-0.000458, -0.000122, -0.005859, 0.999969]","[0.184082, -0.528564, -0.083252]","[[0.999695, -0.021484, -0.004761], [0.021362, 0.999512, -0.022095], [0.005127, 0.021973, 0.999695]]",0.999695,"[7952, 7871, 7823, 7997]"
35.345505,"[-0.078125, 0.019531, -0.976562]","[0.000327, 0.000642, -0.000469]","[0.000000, -0.029999, 0.233450]","[0.004893, 0.009634, -0.007039]","[0.005615, -0.021973, -0.021484]","[-0.010986, 0.003021, -0.010712, 0.999878]","[0.000458, 0.000366, -0.005859, 0.999969]","[0.002930, 0.107910, -0.007812]","[[0.999695, -0.021545, -0.005798], [0.021301, 0.999512, -0.022095], [0.006165, 0.021851, 0.999695]]",0.999695,"[7948, 7872, 7842, 8004]"
35.3787,"[-0.066406, 0.019531, -0.976562]","[0.000566, 0.001113, -0.000813]","[0.000000, -0.019999, 0.084505]","[0.007449, 0.014706, -0.010744]","[0.003906, -0.020996, -0.022217]","[-0.010468, 0.002167, -0.011108, 0.999878]","[0.000092, 0.001099, -0.005859, 0.999969]","[0.326416, -0.537109, -0.083740]","[[0.999695, -0.022278, -0.004089], [0.022156, 0.999512, -0.020996], [0.004456, 0.020874, 0.999756]]",0.999695,"[8008, 7918, 7926, 8083]"
35.411911,"[-0.066406, 0.019531, -0.968750]","[0.000920, 0.001812, -0.001324]","[0.009998, -0.019999, 0.144970]","[0.010781, 0.021343, -0.015595]","[0.003418, -0.021484, -0.023926]","[-0.010803, 0.001953, -0.011932, 0.999878]","[0.000092, 0.001465, -0.005859, 0.999969]","[-0.415283, 0.381104, 0.071289]","[[0.999695, -0.023926, -0.003601], [0.023804, 0.999512, -0.021667], [0.004089, 0.021545, 0.999756]]",0.999695,"[8048, 7996, 7873, 8015]"
35.44706,"[-0.066406, 0.019531, -0.957031]","[0.001420, 0.002803, -0.002048]","[0.029999, -0.019999, 0.143005]","[0.014981, 0.029746, -0.021734]","[0.001709, -0.021973, -0.025146]","[-0.010986, 0.001099, -0.012634, 0.999847]","[0.000214, 0.002441, -0.005859, 0.999969]","[0.142822, -0.255371, -0.131836]","[[0.999573, -0.025330, -0.001892], [0.025208, 0.999390, -0.022034], [0.002380, 0.021912, 0.999695]]",0.999573,"[8074, 7958, 7850, 8077]"
35.480267,"[-0.066406, 0.019531, -0.953125]","[0.001736, 0.003432, -0.002507]","[0.009998, -0.019999, 0.154631]","[0.017430, 0.034661, -0.025326]","[0.002686, -0.021484, -0.026367]","[-0.010773, 0.001587, -0.013214, 0.999847]","[0.000336, 0.001221, -0.005859, 0.999969]","[-0.043457, 0.170898, -0.017822]","[[0.999573, -0.026489, -0.002869], [0.026367, 0.999390, -0.021606], [0.003357, 0.021484, 0.999695]]",0.999573,"[8042, 7975, 7925, 8110]"
35.51347,"[-0.066406, 0.019531, -0.937500]","[0.002524, 0.005001, -0.003654]","[0.019999, -0.009998, 0.189417]","[0.023068, 0.046018, -0.033624]","[0.001953, -0.021240, -0.028320]","[-0.010590, 0.001221, -0.014160, 0.999847]","[0.000000, 0.001556, -0.005829, 0.999969]","[0.096436, -0.208252, -0.090820]","[[0.999573, -0.028381, -0.002136], [0.028259, 0.999390, -0.021240], [0.002625, 0.021118, 0.999756]]",0.999573,"[8062, 8027, 7940, 8117]"
35.581829,"[-0.066406, 0.007812, -0.921875]","[0.004168, 0.008290, -0.006057]","[0.029999, -0.019999, 0.226217]","[0.033464, 0.067094, -0.049026]","[0.001709, -0.020996, -0.031250]","[-0.010559, 0.001099, -0.015625, 0.999817]","[0.001434, 0.002075, -0.005859, 0.999969]","[-0.019531, 0.015869, -0.094971]","[[0.999451, -0.031311, -0.001831], [0.031189, 0.999268, -0.021179], [0.002441, 0.021057, 0.999756]]",0.999451,"[8144, 8076, 7989, 8182]"
35.615032,"[-0.078125, 0.007812, -0.914062]","[0.005633, 0.011233, -0.008208]","[0.029999, -0.009998, 0.244381]","[0.041737, 0.083979, -0.061364]","[0.000977, -0.020508, -0.032715]","[-0.010254, 0.000763, -0.016357, 0.999817]","[0.001190, 0.001221, -0.005859, 0.999969]","[0.010254, -0.048096, 0.005127]","[[0.999451, -0.032776, -0.001160], [0.032654, 0.999268, -0.020569], [0.001770, 0.020447, 0.999756]]",0.999451,"[8174, 8105, 8008, 8203]"
35.648239,"[-0.066406, 0.007812, -0.910156]","[0.007443, 0.014881, -0.010873]","[0.019999, -0.009998, 0.253860]","[0.051098, 0.103197, -0.075408]","[0.001221, -0.019775, -0.034424]","[-0.009857, 0.000854, -0.017212, 0.999786]","[0.001434, 0.001343, -0.005859, 0.999969]","[0.091797, 0.003174, -0.096680]","[[0.999329, -0.034485, -0.001343], [0.034363, 0.999146, -0.019775], [0.001953, 0.019653, 0.999695]]",0.999329,"[8176, 8128, 8051, 8242]"
35.681435,"[-0.066406, 0.007812, -0.898438]","[0.009640, 0.019327, -0.014122]","[0.039999, -0.019999, 0.262825]","[0.061542, 0.124776, -0.091177]","[0.001221, -0.019531, -0.035645]","[-0.009766, 0.000854, -0.017792, 0.999786]","[0.002411, 0.002197, -0.005859, 0.999969]","[-0.051270, 0.107422, 0.018066]","[[0.999329, -0.035645, -0.001343], [0.035522, 0.999146, -0.019592], [0.001953, 0.019470, 0.999756]]",0.999329,"[8228, 8156, 8077, 8295]"
35.718548,"[-0.066406, 0.007812, -0.886719]","[0.010896, 0.021876, -0.015985]","[0.029999, -0.009998, 0.275173]","[0.067160, 0.136440, -0.099701]","[0.000977, -0.017578, -0.037109]","[-0.008789, 0.000702, -0.018555, 0.999786]","[0.002411, 0.001587, -0.005859, 0.999969]","[-0.138428, 0.041504, -0.082275]","[[0.999268, -0.037170, -0.001038], [0.037048, 0.999146, -0.017639], [0.001648, 0.017517, 0.999817]]",0.999268,"[8224, 8197, 8130, 8248]"
35.749805,"[-0.066406, 0.007812, -0.882812]","[0.013752, 0.027690, -0.020234]","[0.019999, 0.000000, 0.252018]","[0.079176, 0.161529, -0.118034]","[0.000488, -0.017822, -0.038330]","[-0.008911, 0.000488, -0.019135, 0.999786]","[0.002167, 0.000854, -0.005859, 0.999969]","[0.024414, -0.085449, -0.083252]","[[0.999268, -0.038330, -0.000610], [0.038208, 0.999146, -0.017883], [0.001221, 0.017761, 0.999817]]",0.999268,"[8274, 8222, 8103, 8326]"
35.886524,"[-0.066406, 0.007812, -0.867188]","[0.027828, 0.056657, -0.041400]","[0.029999, 0.000000, 0.146072]","[0.128513, 0.266515, -0.194745]","[-0.000244, -0.013916, -0.044678]","[-0.006927, 0.000031, -0.022369, 0.999725]","[0.004852, 0.000122, -0.005859, 0.999969]","[-0.071045, -0.079590, -0.058838]","[[0.998962, -0.044800, 0.000305], [0.044678, 0.998901, -0.013916], [0.000305, 0.013794, 0.999878]]",0.998962,"[8272, 8296, 8184, 8367]"
35.890423,"[-0.058594, 0.007812, -0.867188]","[0.027828, 0.056657, -0.041400]","[0.039999, -0.009998, 0.137552]","[0.128513, 0.266515, -0.194745]","[-0.000488, -0.013428, -0.044922]","[-0.006775, -0.000153, -0.022461, 0.999725]","[0.005463, 0.001129, -0.005859, 0.999939]","[0.067627, 0.154297, -0.014160]","[[0.998962, -0.044922, 0.000549], [0.044922, 0.998901, -0.013550], [-0.000061, 0.013550, 0.999878]]",0.998962,"[8297, 8283, 8164, 8358]"
36.029099,"[-0.058594, 0.007812, -0.863281]","[0.049273, 0.101581, -0.074225]","[0.049999, 0.000000, 0.040157]","[0.186175, 0.393742, -0.287679]","[-0.001221, -0.008545, -0.051514]","[-0.004333, -0.000580, -0.025848, 0.999634]","[0.009155, -0.000183, -0.005829, 0.999939]","[-0.051514, 0.132568, 0.030273]","[[0.998535, -0.051697, 0.001343], [0.051697, 0.998535, -0.008667], [-0.000977, 0.008667, 0.999817]]",0.998535,"[8343, 8344, 8221, 8459]"
36.031048,"[-0.046875, 0.007812, -0.855469]","[0.049273, 0.101581, -0.074225]","[0.039999, 0.009998, 0.044636]","[0.186175, 0.393742, -0.287679]","[-0.001465, -0.008545, -0.051758]","[-0.004272, -0.000702, -0.025909, 0.999634]","[0.008789, -0.000183, -0.005829, 0.999939]","[0.075439, -0.140869, -0.079590]","[[0.998535, -0.051819, 0.001587], [0.051819, 0.998535, -0.008545], [-0.001221, 0.008545, 0.999817]]",0.998535,"[8357, 8371, 8220, 8465]"
36.052532,"[-0.039062, 0.007812, -0.855469]","[0.056882, 0.117726, -0.086020]","[0.080000, 0.029999, 0.040504]","[0.203463, 0.433025, -0.316365]","[-0.001221, -0.008057, -0.052734]","[-0.004028, -0.000580, -0.026398, 0.999634]","[0.008514, 0.001862, -0.005859, 0.999939]","[0.077637, -0.084473, -0.034912]","[[0.998535, -0.052795, 0.001343], [0.052795, 0.998535, -0.008057], [-0.000977, 0.008057, 0.999878]]",0.998535,"[8372, 8341, 8226, 8500]"
36.197067,"[-0.039062, 0.007812, -0.859375]","[0.088849, 0.186628, -0.136353]","[0.059999, 0.019999, -0.084793]","[0.263822, 0.575724, -0.420509]","[0.000488, -0.000977, -0.057129]","[-0.000549, 0.000275, -0.028595, 0.999603]","[0.015503, -0.001617, -0.005829, 0.999847]","[0.019531, -0.052490, 0.012939]","[[0.998413, -0.057251, -0.000488], [0.057129, 0.998413, -0.001160], [0.000488, 0.001038, 1.000000]]",0.998413,"[8397, 8405, 8314, 8520]"
36.199028,"[-0.039062, 0.019531, -0.863281]","[0.088849, 0.186628, -0.136353]","[0.080000, 0.029999, -0.112095]","[0.263822, 0.575724, -0.420509]","[0.000244, -0.000488, -0.057373]","[-0.000275, 0.000214, -0.028687, 0.999573]","[0.014404, -0.000885, -0.005829, 0.999878]","[0.166016, 0.053711, -0.035889]","[[0.998291, -0.057434, -0.000366], [0.057312, 0.998291, -0.000610], [0.000366, 0.000488, 0.999878]]",0.998291,"[8408, 8411, 8304, 8532]"
36.318161,"[-0.027344, 0.019531, -0.875000]","[0.122627, 0.261300, -0.190884]","[0.119999, 0.049999, -0.210430]","[0.311671, 0.697987, -0.509621]","[-0.000244, 0.005859, -0.059082]","[0.003021, -0.000305, -0.029572, 0.999542]","[0.019897, -0.001099, -0.005829, 0.999756]","[0.094238, -0.143311, -0.049805]","[[0.998169, -0.059204, 0.000427], [0.059082, 0.998169, 0.005981], [-0.000793, -0.005981, 0.999878]]",0.998169,"[8418, 8412, 8319, 8551]"
36.320114,"[-0.019531, 0.027344, -0.878906]","[0.122627, 0.261300, -0.190884]","[0.099998, 0.070000, -0.249523]","[0.311671, 0.697987, -0.509621]","[-0.000244, 0.006348, -0.059082]","[0.003204, -0.000305, -0.029572, 0.999542]","[0.018799, -0.001587, -0.005829, 0.999786]","[0.204834, 0.022461, -0.024170]","[[0.998169, -0.059204, 0.000366], [0.059082, 0.998169, 0.006348], [-0.000854, -0.006348, 0.999878]]",0.998169,"[8430, 8403, 8295, 8565]"
36.32206,"[-0.027344, 0.027344, -0.882812]","[0.122627, 0.261300, -0.190884]","[0.089998, 0.080000, -0.269913]","[0.311671, 0.697987, -0.509621]","[0.000000, 0.006348, -0.059082]","[0.003235, -0.000214, -0.029572, 0.999542]","[0.018311, -0.002686, -0.005798, 0.999786]","[0.032471, 0.106934, 0.027100]","[[0.998169, -0.059204, 0.000183], [0.059082, 0.998169, 0.006409], [-0.000671, -0.006409, 0.999878]]",0.998169,"[8406, 8410, 8306, 8549]"
36.363083,"[-0.019531, 0.027344, -0.890625]","[0.135084, 0.289335, -0.211351]","[0.109999, 0.080000, -0.311483]","[0.326070, 0.737374, -0.538291]","[-0.000244, 0.009033, -0.059570]","[0.004578, -0.000336, -0.029846, 0.999542]","[0.020752, -0.002319, -0.005798, 0.999756]","[0.169678, 0.102295, -0.016846]","[[0.998169, -0.059753, 0.000366], [0.059631, 0.998169, 0.009094], [-0.000977, -0.009094, 0.999939]]",0.998169,"[8396, 8401, 8313, 8525]"
36.450974,"[-0.007812, 0.039062, -0.910156]","[0.168514, 0.365958, -0.267274]","[0.099998, 0.119999, -0.389702]","[0.357347, 0.830384, -0.605878]","[0.000244, 0.013916, -0.060059]","[0.006989, -0.000092, -0.030029, 0.999512]","[0.023926, -0.004364, -0.005737, 0.999664]","[0.053711, 0.163818, 0.056885]","[[0.998108, -0.060120, -0.000244], [0.059998, 0.998047, 0.013916], [-0.000610, -0.013916, 0.999817]]",0.998108,"[8409, 8370, 8292, 8563]"
36.452919,"[-0.007812, 0.039062, -0.914062]","[0.168514, 0.365958, -0.267274]","[0.119999, 0.109999, -0.400940]","[0.357347, 0.830384, -0.605878]","[0.000000, 0.013916, -0.060059]","[0.007019, -0.000214, -0.030029, 0.999512]","[0.024536, -0.003510, -0.005768, 0.999664]","[0.057861, -0.142334, -0.014160]","[[0.998108, -0.060120, 0.000000], [0.059998, 0.998047, 0.013977], [-0.000854, -0.013977, 0.999817]]",0.998108,"[8395, 8376, 8312, 8542]"
36.454884,"[-0.007812, 0.046875, -0.914062]","[0.168514, 0.365958, -0.267274]","[0.119999, 0.160000, -0.399426]","[0.357347, 0.830384, -0.605878]","[-0.000244, 0.014160, -0.060059]","[0.007141, -0.000397, -0.030060, 0.999512]","[0.021851, -0.003510, -0.005768, 0.999725]","[0.140869, -0.166260, -0.059326]","[[0.998108, -0.060181, 0.000305], [0.060059, 0.998047, 0.014221], [-0.001282, -0.014221, 0.999817]]",0.998108,"[8381, 8375, 8322, 8555]"
36.587688,"[0.007812, 0.058594, -0.945312]","[0.219595, 0.487387, -0.355828]","[0.150000, 0.179998, -0.445974]","[0.386778, 0.941615, -0.686311]","[-0.001221, 0.020752, -0.058594]","[0.010468, -0.000946, -0.029297, 0.999512]","[0.029785, -0.004822, -0.005707, 0.999512]","[0.173828, -0.154053, -0.024170]","[[0.998230, -0.058655, 0.001221], [0.058533, 0.998047, 0.020874], [-0.002563, -0.020874, 0.999756]]",0.99823,"[8433, 8321, 8267, 8580]"
36.591602,"[0.019531, 0.066406, -0.964844]","[0.219595, 0.487387, -0.355828]","[0.129999, 0.169998, -0.528793]","[0.386778, 0.941615, -0.686311]","[-0.000977, 0.021484, -0.058594]","[0.010864, -0.000885, -0.029358, 0.999512]","[0.030273, -0.005432, -0.005676, 0.999481]","[0.085693, -0.106201, -0.076904]","[[0.998230, -0.058777, 0.001099], [0.058655, 0.998047, 0.021667], [-0.002441, -0.021667, 0.999756]]",0.99823,"[8439, 8328, 8282, 8558]"
36.628708,"[0.007812, 0.078125, -0.976562]","[0.234804, 0.524701, -0.383019]","[0.139999, 0.219999, -0.537268]","[0.391566, 0.968213, -0.705417]","[-0.000488, 0.024658, -0.058594]","[0.012390, -0.000671, -0.029266, 0.999512]","[0.030060, -0.006653, -0.005646, 0.999481]","[-0.028320, 0.026611, -0.071045]","[[0.998352, -0.058594, 0.000610], [0.058472, 0.998047, 0.024719], [-0.002075, -0.024719, 0.999756]]",0.998352,"[8350, 8318, 8271, 8481]"
36.657997,"[0.019531, 0.089844, -1.000000]","[0.250161, 0.562991, -0.410911]","[0.129999, 0.179998, -0.639334]","[0.394590, 0.992168, -0.722548]","[-0.001465, 0.026367, -0.058838]","[0.013275, -0.001190, -0.029419, 0.999481]","[0.033478, -0.007355, -0.005585, 0.999390]","[0.185059, -0.138184, -0.020508]","[[0.998230, -0.058899, 0.001587], [0.058777, 0.997925, 0.026550], [-0.003174, -0.026428, 0.999634]]",0.99823,"[8335, 8251, 8250, 8495]"
36.691208,"[0.019531, 0.089844, -1.015625]","[0.257877, 0.582477, -0.425099]","[0.109999, 0.230000, -0.674238]","[0.395423, 1.003111, -0.730340]","[-0.002197, 0.028320, -0.059082]","[0.014252, -0.001617, -0.029572, 0.999451]","[0.033966, -0.009308, -0.005524, 0.999359]","[0.079834, -0.122070, -0.049805]","[[0.998169, -0.059204, 0.002380], [0.059082, 0.997803, 0.028503], [-0.004089, -0.028381, 0.999512]]",0.998169,"[8325, 8252, 8189, 8488]"
36.818157,"[0.039062, 0.117188, -1.070312]","[0.311701, 0.723864, -0.527935]","[0.169998, 0.320000, -0.706705]","[0.387999, 1.058885, -0.769257]","[-0.006104, 0.039307, -0.057861]","[0.019623, -0.003723, -0.028870, 0.999390]","[0.038483, -0.008911, -0.005493, 0.999176]","[0.145264, -0.182373, -0.053467]","[[0.998291, -0.057922, 0.006287], [0.057556, 0.997559, 0.039368], [-0.008606, -0.039001, 0.999207]]",0.998291,"[8299, 8168, 8142, 8397]"
36.825977,"[0.046875, 0.128906, -1.078125]","[0.311701, 0.723864, -0.527935]","[0.160000, 0.279999, -0.737513]","[0.387999, 1.058885, -0.769257]","[-0.006592, 0.040527, -0.057617]","[0.020233, -0.003967, -0.028778, 0.999359]","[0.040436, -0.009277, -0.005463, 0.999115]","[0.166504, -0.237549, -0.005615]","[[0.998230, -0.057739, 0.006714], [0.057373, 0.997437, 0.040588], [-0.009155, -0.040222, 0.999084]]",0.99823,"[8253, 8209, 8152, 8389]"
36.960739,"[0.046875, 0.136719, -1.125000]","[0.362883, 0.870227, -0.634099]","[0.139999, 0.299999, -0.757313]","[0.356769, 1.075508, -0.778724]","[-0.008789, 0.050781, -0.056885]","[0.025330, -0.005127, -0.028320, 0.999268]","[0.050323, -0.013763, -0.005157, 0.998596]","[0.118652, 0.014404, 0.020264]","[[0.998352, -0.056946, 0.008789], [0.056335, 0.997070, 0.050842], [-0.011719, -0.050354, 0.998657]]",0.998352,"[8225, 8122, 8074, 8372]"
36.962685,"[0.066406, 0.167969, -1.144531]","[0.362883, 0.870227, -0.634099]","[0.199999, 0.419998, -0.794092]","[0.356769, 1.075508, -0.778724]","[-0.008057, 0.050293, -0.056641]","[0.025085, -0.004791, -0.028290, 0.999268]","[0.042999, -0.010010, -0.005432, 0.998993]","[0.102539, -0.145508, -0.043945]","[[0.998291, -0.056824, 0.008118], [0.056335, 0.997070, 0.050354], [-0.011047, -0.049866, 0.998657]]",0.998291,"[8207, 8130, 8071, 8360]"
36.991985,"[0.066406, 0.187500, -1.156250]","[0.376568, 0.912201, -0.664471]","[0.139999, 0.379999, -0.793789]","[0.343499, 1.072769, -0.775775]","[-0.008789, 0.053711, -0.057129]","[0.026825, -0.005188, -0.028473, 0.999207]","[0.046051, -0.013397, -0.005219, 0.998810]","[0.037842, 0.047363, -0.011475]","[[0.998230, -0.057251, 0.008789], [0.056641, 0.996826, 0.053833], [-0.011963, -0.053345, 0.998413]]",0.99823,"[8144, 8166, 8067, 8281]"
37.029095,"[0.078125, 0.199219, -1.183594]","[0.389695, 0.953996, -0.694675]","[0.179998, 0.400000, -0.843220]","[0.328361, 1.066688, -0.770291]","[-0.008789, 0.052246, -0.057373]","[0.026123, -0.005219, -0.028564, 0.999237]","[0.047516, -0.011688, -0.005280, 0.998779]","[0.050049, -0.087646, -0.022705]","[[0.998291, -0.057434, 0.008911], [0.056824, 0.996948, 0.052429], [-0.011963, -0.051941, 0.998535]]",0.998291,"[8182, 8012, 7985, 8365]"
37.171677,"[0.109375, 0.250000, -1.238281]","[0.430247, 1.097052, -0.797667]","[0.249998, 0.549999, -0.860271]","[0.261333, 1.019343, -0.731239]","[-0.009277, 0.063232, -0.059082]","[0.031494, -0.005646, -0.029419, 0.999054]","[0.048492, -0.009491, -0.005402, 0.998749]","[0.097900, -0.026367, -0.006592]","[[0.998169, -0.059204, 0.009399], [0.058472, 0.996277, 0.063232], [-0.013184, -0.062622, 0.997925]]",0.998169,"[8046, 7947, 7898, 8252]"
37.173622,"[0.109375, 0.269531, -1.250000]","[0.430247, 1.097052, -0.797667]","[0.199999, 0.499998, -0.913416]","[0.261333, 1.019343, -0.731239]","[-0.009766, 0.063721, -0.059326]","[0.031769, -0.005890, -0.029480, 0.999023]","[0.049957, -0.011932, -0.005249, 0.998657]","[0.278809, -0.242432, -0.062988]","[[0.998108, -0.059387, 0.009888], [0.058533, 0.996155, 0.063721], [-0.013672, -0.063110, 0.997803]]",0.998108,"[8042, 7943, 7919, 8285]"
37.193153,"[0.117188, 0.289062, -1.269531]","[0.435243, 1.116867, -0.811874]","[0.249998, 0.619999, -0.914036]","[0.250084, 1.009340, -0.723180]","[-0.009766, 0.065430, -0.059814]","[0.032654, -0.005890, -0.029694, 0.998993]","[0.044220, -0.009125, -0.005432, 0.998962]","[-0.040039, 0.089355, 0.022461]","[[0.998047, -0.059814, 0.009827], [0.058960, 0.996033, 0.065491], [-0.013733, -0.064880, 0.997681]]",0.998047,"[7977, 7956, 7918, 8168]"
37.238075,"[0.128906, 0.308594, -1.292969]","[0.444553, 1.155864, -0.839776]","[0.189999, 0.539999, -0.909185]","[0.226424, 0.986964, -0.705245]","[-0.008789, 0.062744, -0.060791]","[0.031372, -0.005402, -0.030273, 0.999023]","[0.050446, -0.012054, -0.005249, 0.998627]","[-0.215820, 0.071777, 0.010254]","[[0.998047, -0.060913, 0.008850], [0.060181, 0.996094, 0.062927], [-0.012756, -0.062317, 0.997925]]",0.998047,"[7968, 7873, 7820, 8150]"
37.261513,"[0.128906, 0.328125, -1.308594]","[0.448856, 1.175031, -0.853462]","[0.209999, 0.549999, -0.917564]","[0.214027, 0.974613, -0.695388]","[-0.007568, 0.061035, -0.061279]","[0.030457, -0.004791, -0.030579, 0.999054]","[0.050201, -0.011444, -0.005280, 0.998657]","[-0.100342, 0.015381, 0.011475]","[[0.998047, -0.061462, 0.007690], [0.060852, 0.996216, 0.061096], [-0.011475, -0.060608, 0.998047]]",0.998047,"[7985, 7783, 7774, 8224]"
37.29472,"[0.136719, 0.347656, -1.324219]","[0.456715, 1.212575, -0.880209]","[0.259998, 0.689999, -0.889231]","[0.188177, 0.947628, -0.673887]","[-0.006104, 0.061768, -0.062500]","[0.030823, -0.004089, -0.031158, 0.999054]","[0.044586, -0.008759, -0.005463, 0.998932]","[0.039307, 0.063965, -0.069580]","[[0.998108, -0.062622, 0.006226], [0.062012, 0.996216, 0.061829], [-0.010132, -0.061340, 0.998108]]",0.998108,"[7912, 7777, 7768, 8180]"
37.325974,"[0.156250, 0.367188, -1.339844]","[0.463540, 1.249018, -0.906071]","[0.219999, 0.599998, -0.862919]","[0.160983, 0.917686, -0.650097]","[-0.005615, 0.062744, -0.063721]","[0.031342, -0.003876, -0.031830, 0.998993]","[0.049835, -0.009857, -0.005371, 0.998688]","[0.095215, 0.046875, -0.076416]","[[0.997925, -0.063843, 0.005737], [0.063354, 0.995972, 0.062805], [-0.009766, -0.062317, 0.997986]]",0.997925,"[7860, 7827, 7768, 8081]"
37.35918,"[0.156250, 0.386719, -1.355469]","[0.466545, 1.266786, -0.918648]","[0.219999, 0.619999, -0.923447]","[0.146909, 0.901620, -0.637354]","[-0.004883, 0.062256, -0.064941]","[0.031189, -0.003510, -0.032440, 0.998962]","[0.049835, -0.010101, -0.005341, 0.998688]","[0.036133, -0.006104, -0.023682]","[[0.997742, -0.065063, 0.004944], [0.064575, 0.995850, 0.062439], [-0.009094, -0.062073, 0.997925]]",0.997742,"[7869, 7754, 7699, 8133]"
37.394325,"[0.167969, 0.417969, -1.375000]","[0.471722, 1.301347, -0.943023]","[0.269999, 0.769999, -0.891308]","[0.117866, 0.867360, -0.610200]","[-0.003662, 0.062256, -0.066650]","[0.031097, -0.002960, -0.033325, 0.998932]","[0.042725, -0.007202, -0.005554, 0.999023]","[0.078613, -0.057861, -0.090332]","[[0.997620, -0.066833, 0.003845], [0.066345, 0.995728, 0.062256], [-0.007996, -0.061890, 0.997925]]",0.99762,"[7824, 7720, 7683, 8087]"
37.427547,"[0.179688, 0.437500, -1.386719]","[0.475740, 1.334509, -0.966290]","[0.219999, 0.669998, -0.858482]","[0.087729, 0.830364, -0.580906]","[-0.002197, 0.062012, -0.068359]","[0.031097, -0.002197, -0.034210, 0.998932]","[0.048462, -0.009003, -0.005402, 0.998749]","[0.031982, 0.173584, -0.089600]","[[0.997620, -0.068542, 0.002258], [0.068176, 0.995728, 0.062195], [-0.006531, -0.061951, 0.998047]]",0.99762,"[7760, 7730, 7672, 8032]"
37.460732,"[0.179688, 0.468750, -1.402344]","[0.478559, 1.366173, -0.988374]","[0.240000, 0.679998, -0.810188]","[0.056576, 0.790688, -0.549500]","[-0.000488, 0.058838, -0.069824]","[0.029449, -0.001373, -0.034882, 0.998932]","[0.047607, -0.005951, -0.005554, 0.998810]","[-0.061523, -0.050293, -0.009277]","[[0.997437, -0.069824, 0.000671], [0.069580, 0.995728, 0.058838], [-0.004822, -0.058716, 0.998108]]",0.997437,"[7825, 7636, 7605, 8117]"
37.493935,"[0.187500, 0.488281, -1.414062]","[0.479508, 1.381433, -0.998953]","[0.269999, 0.839998, -0.831316]","[0.040654, 0.769910, -0.533038]","[0.000488, 0.060059, -0.071533]","[0.030151, -0.000824, -0.035828, 0.998932]","[0.040497, -0.001709, -0.005768, 0.999146]","[-0.033203, 0.170898, -0.039062]","[[0.997498, -0.071655, -0.000549], [0.071533, 0.995728, 0.060181], [-0.003845, -0.060181, 0.998291]]",0.997498,"[7773, 7686, 7611, 8031]"
37.529091,"[0.199219, 0.519531, -1.425781]","[0.480478, 1.411365, -1.019591]","[0.230000, 0.709999, -0.832596]","[0.007374, 0.725330, -0.497751]","[0.001221, 0.059082, -0.073975]","[0.029602, -0.000427, -0.037018, 0.998871]","[0.046570, 0.003326, -0.006012, 0.998871]","[0.015625, -0.113525, -0.061523]","[[0.997192, -0.074036, -0.001343], [0.073914, 0.995483, 0.059082], [-0.003052, -0.059082, 0.998169]]",0.997192,"[7742, 7734, 7581, 7960]"
37.562298,"[0.207031, 0.546875, -1.437500]","[0.480141, 1.438147, -1.037879]","[0.269999, 0.879999, -0.778069]","[-0.024993, 0.680614, -0.462319]","[0.006836, 0.054443, -0.075928]","[0.027374, 0.002472, -0.038086, 0.998901]","[0.038269, 0.005585, -0.006073, 0.999207]","[-0.168701, 0.470459, -0.038574]","[[0.997070, -0.075989, -0.007019], [0.076233, 0.995605, 0.054443], [0.002747, -0.054932, 0.998474]]",0.99707,"[7773, 7579, 7485, 8051]"
37.597466,"[0.218750, 0.566406, -1.445312]","[0.478506, 1.463797, -1.055199]","[0.219999, 0.749998, -0.647022]","[-0.058823, 0.632498, -0.424170]","[0.010986, 0.053467, -0.078125]","[0.026947, 0.004547, -0.039246, 0.998871]","[0.044495, 0.004150, -0.006042, 0.998962]","[-0.022705, 0.184082, -0.058838]","[[0.996887, -0.078186, -0.011169], [0.078674, 0.995483, 0.053467], [0.006897, -0.054199, 0.998535]]",0.996887,"[7663, 7615, 7554, 7996]"
37.630653,"[0.226562, 0.597656, -1.453125]","[0.477193, 1.475913, -1.063295]","[0.269999, 0.929998, -0.674835]","[-0.075928, 0.607611, -0.404421]","[0.014648, 0.051514, -0.080566]","[0.026154, 0.006287, -0.040497, 0.998840]","[0.035217, 0.007294, -0.006104, 0.999329]","[-0.090088, -0.022705, -0.138184]","[[0.996704, -0.080627, -0.014648], [0.081238, 0.995422, 0.051697], [0.010376, -0.052795, 0.998596]]",0.996704,"[7723, 7606, 7558, 8033]"
37.663857,"[0.238281, 0.628906, -1.457031]","[0.473545, 1.498647, -1.078296]","[0.219999, 0.789999, -0.642216]","[-0.110455, 0.556286, -0.363689]","[0.016602, 0.049805, -0.083008]","[0.025360, 0.007294, -0.041687, 0.998779]","[0.041199, 0.005981, -0.006104, 0.999084]","[-0.044434, 0.106445, -0.034424]","[[0.996399, -0.082947, -0.016663], [0.083679, 0.995178, 0.049988], [0.012390, -0.051208, 0.998535]]",0.996399,"[7678, 7669, 7542, 7959]"
37.697075,"[0.238281, 0.656250, -1.460938]","[0.468554, 1.519343, -1.091682]","[0.230000, 0.809998, -0.541542]","[-0.145361, 0.502972, -0.321301]","[0.020752, 0.043457, -0.085205]","[0.022217, 0.009521, -0.042847, 0.998779]","[0.039612, 0.006927, -0.006134, 0.999146]","[-0.244873, 0.521484, 0.050537]","[[0.996094, -0.085266, -0.020935], [0.085999, 0.995239, 0.043518], [0.017029, -0.045227, 0.998779]]",0.996094,"[7766, 7510, 7447, 8110]"
37.730263,"[0.250000, 0.687500, -1.464844]","[0.465546, 1.528906, -1.097751]","[0.269999, 0.979998, -0.421581]","[-0.162870, 0.475639, -0.299555]","[0.021973, 0.045654, -0.087402]","[0.023346, 0.009979, -0.043976, 0.998718]","[0.030060, 0.010071, -0.006134, 0.999451]","[0.073242, -0.068359, 0.010986]","[[0.995911, -0.087463, -0.021973], [0.088318, 0.995056, 0.045715], [0.017822, -0.047546, 0.998718]]",0.995911,"[7659, 7632, 7518, 8017]"
37.870892,"[0.257812, 0.718750, -1.484375]","[0.429112, 1.585309, -1.130312]","[0.219999, 0.829998, -0.187757]","[-0.302812, 0.243243, -0.113937]","[0.031250, 0.035645, -0.095947]","[0.018585, 0.014771, -0.048187, 0.998566]","[0.037140, 0.011322, -0.006256, 0.999207]","[-0.079346, 0.351807, -0.062988]","[[0.994934, -0.095764, -0.031311], [0.096741, 0.994690, 0.035645], [0.027649, -0.038574, 0.998901]]",0.994934,"[7692, 7710, 7613, 8028]"
37.872845,"[0.277344, 0.789062, -1.468750]","[0.429112, 1.585309, -1.130312]","[0.209999, 0.859999, -0.168005]","[-0.302812, 0.243243, -0.113937]","[0.031494, 0.035400, -0.095947]","[0.018524, 0.014954, -0.048218, 0.998566]","[0.031525, 0.012024, -0.006226, 0.999390]","[-0.019043, 0.061279, -0.027344]","[[0.994934, -0.095764, -0.031677], [0.096863, 0.994690, 0.035522], [0.028015, -0.038452, 0.998901]]",0.994934,"[7686, 7722, 7610, 8034]"
37.874836,"[0.277344, 0.816406, -1.453125]","[0.429112, 1.585309, -1.130312]","[0.240000, 1.059998, -0.117083]","[-0.302812, 0.243243, -0.113937]","[0.031006, 0.035400, -0.096191]","[0.018524, 0.014679, -0.048370, 0.998566]","[0.020294, 0.013550, -0.006134, 0.999664]","[-0.015625, 0.189453, -0.157715]","[[0.994934, -0.096130, -0.031128], [0.097107, 0.994690, 0.035522], [0.027466, -0.038452, 0.998901]]",0.994934,"[7705, 7711, 7611, 8059]"
37.898232,"[0.296875, 0.847656, -1.453125]","[0.423030, 1.589764, -1.132299]","[0.189999, 0.879999, -0.131279]","[-0.319960, 0.212895, -0.089562]","[0.032471, 0.033203, -0.097900]","[0.017426, 0.015381, -0.049194, 0.998535]","[0.027130, 0.013092, -0.006195, 0.999512]","[-0.146973, -0.022705, -0.126953]","[[0.994690, -0.097778, -0.032471], [0.098755, 0.994568, 0.033264], [0.028931, -0.036316, 0.998962]]",0.99469,"[7697, 7708, 7634, 8047]"
38.027145,"[0.296875, 0.878906, -1.460938]","[0.371320, 1.604160, -1.132676]","[0.189999, 0.889997, -0.017887]","[-0.434559, -0.002922, 0.084893]","[0.038330, 0.020508, -0.106201]","[0.011322, 0.018707, -0.053314, 0.998322]","[-0.002289, 0.017548, -0.005798, 0.999817]","[-0.233643, 0.234131, -0.042236]","[[0.993530, -0.106140, -0.038513], [0.106873, 0.993958, 0.020569], [0.036072, -0.024597, 0.998962]]",0.99353,"[7653, 7707, 7548, 7991]"
38.029091,"[0.308594, 0.949219, -1.445312]","[0.371320, 1.604160, -1.132676]","[0.179998, 0.929998, 0.050674]","[-0.434559, -0.002922, 0.084893]","[0.038086, 0.019287, -0.106445]","[0.010742, 0.018585, -0.053345, 0.998322]","[-0.008514, 0.017761, -0.005676, 0.999786]","[-0.159668, -0.129639, -0.102539]","[[0.993469, -0.106201, -0.038208], [0.106934, 0.993958, 0.019409], [0.035889, -0.023438, 0.998962]]",0.993469,"[7655, 7713, 7552, 7999]"
38.034958,"[0.316406, 0.988281, -1.441406]","[0.371320, 1.604160, -1.132676]","[0.219999, 1.099998, 0.062780]","[-0.434559, -0.002922, 0.084893]","[0.038330, 0.018066, -0.106689]","[0.010101, 0.018768, -0.053528, 0.998322]","[-0.019257, 0.020386, -0.005463, 0.999573]","[-0.251709, -0.091797, -0.040771]","[[0.993469, -0.106567, -0.038513], [0.107300, 0.993958, 0.018127], [0.036316, -0.022156, 0.998962]]",0.993469,"[7636, 7707, 7572, 7987]"
38.171673,"[0.328125, 1.046875, -1.429688]","[0.304871, 1.589038, -1.109032]","[0.209999, 1.109999, 0.238199]","[-0.534617, -0.217263, 0.260643]","[0.045654, -0.030762, -0.115723]","[-0.014069, 0.023743, -0.057434, 0.997955]","[-0.025635, 0.026703, -0.005157, 0.999298]","[-0.123535, -0.315918, -0.098145]","[[0.992188, -0.115356, -0.045776], [0.114014, 0.992920, -0.030884], [0.048950, 0.025391, 0.998413]]",0.992188,"[7805, 7679, 7523, 8138]"
38.173622,"[0.339844, 1.109375, -1.410156]","[0.304871, 1.589038, -1.109032]","[0.139999, 0.929998, 0.314064]","[-0.534617, -0.217263, 0.260643]","[0.046875, -0.031982, -0.115723]","[-0.014587, 0.024323, -0.057465, 0.997955]","[-0.020508, 0.024170, -0.005341, 0.999481]","[-0.409668, 0.390137, 0.035645]","[[0.992188, -0.115479, -0.046875], [0.114014, 0.992981, -0.031982], [0.050171, 0.026367, 0.998413]]",0.992188,"[7800, 7695, 7513, 8129]"
38.214642,"[0.339844, 1.148438, -1.398438]","[0.283493, 1.579383, -1.097882]","[0.160000, 1.099998, 0.448626]","[-0.559659, -0.276915, 0.310127]","[0.048340, -0.038330, -0.118164]","[-0.017731, 0.025269, -0.058563, 0.997803]","[-0.032349, 0.027039, -0.004974, 0.999084]","[-0.061279, -0.224854, -0.056641]","[[0.991821, -0.117798, -0.048340], [0.115967, 0.992432, -0.038391], [0.052490, 0.032410, 0.998047]]",0.991821,"[7765, 7781, 7600, 8126]"
38.255657,"[0.347656, 1.187500, -1.382812]","[0.261169, 1.567417, -1.084809]","[0.109999, 0.919998, 0.448143]","[-0.582886, -0.335483, 0.359004]","[0.050049, -0.046387, -0.119873]","[-0.021606, 0.026489, -0.059326, 0.997650]","[-0.027344, 0.027191, -0.005096, 0.999237]","[-0.317139, 0.002197, -0.111572]","[[0.991516, -0.119568, -0.050232], [0.117249, 0.991943, -0.046326], [0.055359, 0.039978, 0.997620]]",0.991516,"[7736, 7791, 7617, 8072]"
38.269325,"[0.359375, 1.226562, -1.375000]","[0.249680, 1.560584, -1.077563]","[0.109999, 1.079998, 0.486166]","[-0.593776, -0.364287, 0.383159]","[0.051025, -0.051514, -0.120361]","[-0.024200, 0.027069, -0.059418, 0.997559]","[-0.038177, 0.028473, -0.004761, 0.998840]","[-0.351318, 0.083008, -0.077393]","[[0.991394, -0.119934, -0.051086], [0.117249, 0.991699, -0.051575], [0.056824, 0.045105, 0.997253]]",0.991394,"[7791, 7755, 7597, 8144]"
38.411907,"[0.367188, 1.347656, -1.339844]","[0.163988, 1.497507, -1.013932]","[0.059999, 0.859999, 0.501698]","[-0.655270, -0.554899, 0.545424]","[0.057373, -0.083984, -0.125244]","[-0.040100, 0.031250, -0.061279, 0.996796]","[-0.042114, 0.034454, -0.004395, 0.998505]","[-0.379883, 0.384766, -0.007324]","[[0.990356, -0.124756, -0.057373], [0.119629, 0.989136, -0.083801], [0.067139, 0.076111, 0.994690]]",0.990356,"[7807, 7745, 7555, 8146]"
38.435345,"[0.367188, 1.367188, -1.316406]","[0.138135, 1.474839, -0.991765]","[0.049999, 0.819998, 0.438366]","[-0.667715, -0.605112, 0.589054]","[0.058105, -0.085693, -0.125488]","[-0.040894, 0.031738, -0.061401, 0.996765]","[-0.042603, 0.035309, -0.004333, 0.998444]","[0.024902, 0.020264, 0.022461]","[[0.990356, -0.125061, -0.058228], [0.119812, 0.989075, -0.085449], [0.068237, 0.077637, 0.994568]]",0.990356,"[7726, 7732, 7563, 8079]"
38.470493,"[0.367188, 1.398438, -1.300781]","[0.125049, 1.462789, -0.980059]","[0.039999, 0.969997, 0.514002]","[-0.673021, -0.629380, 0.610310]","[0.056641, -0.088623, -0.126221]","[-0.042419, 0.031097, -0.061798, 0.996704]","[-0.054169, 0.036865, -0.003845, 0.997833]","[-0.209473, -0.124756, -0.108398]","[[0.990356, -0.125916, -0.056763], [0.120544, 0.988708, -0.088440], [0.067139, 0.080750, 0.994446]]",0.990356,"[7705, 7811, 7541, 7954]"
38.5037,"[0.367188, 1.429688, -1.285156]","[0.098575, 1.437277, -0.955400]","[0.009998, 0.789999, 0.562977]","[-0.681766, -0.676204, 0.651689]","[0.057129, -0.095215, -0.127441]","[-0.045624, 0.031525, -0.062225, 0.996521]","[-0.049286, 0.037231, -0.003998, 0.998077]","[-0.091797, 0.104736, 0.008301]","[[0.990234, -0.126953, -0.057129], [0.121094, 0.988037, -0.094910], [0.068481, 0.086975, 0.993774]]",0.990234,"[7740, 7803, 7538, 8019]"
38.654095,"[0.367188, 1.476562, -1.234375]","[-0.009191, 1.318462, -0.841645]","[-0.029999, 0.739998, 0.738073]","[-0.690515, -0.837295, 0.799345]","[0.056885, -0.116699, -0.131836]","[-0.056335, 0.032257, -0.064056, 0.995819]","[-0.060974, 0.044067, -0.003143, 0.997131]","[-0.132324, -0.063232, -0.174316]","[[0.989563, -0.131287, -0.057007], [0.123962, 0.985352, -0.116394], [0.071411, 0.108093, 0.991455]]",0.989563,"[7821, 7900, 7520, 8046]"
38.656044,"[0.367188, 1.539062, -1.218750]","[-0.009191, 1.318462, -0.841645]","[-0.039999, 0.819998, 0.778351]","[-0.690515, -0.837295, 0.799345]","[0.058105, -0.117432, -0.131592]","[-0.056702, 0.032837, -0.063934, 0.995789]","[-0.068634, 0.043823, -0.002808, 0.996674]","[-0.421143, 0.518555, 0.105469]","[[0.989563, -0.131165, -0.058167], [0.123596, 0.985291, -0.117188], [0.072571, 0.108765, 0.991272]]",0.989563,"[7834, 7915, 7524, 8039]"
38.66972,"[0.359375, 1.566406, -1.207031]","[-0.022659, 1.301942, -0.825874]","[-0.049999, 0.659998, 0.858698]","[-0.688549, -0.854192, 0.815560]","[0.058350, -0.118164, -0.131836]","[-0.057007, 0.033051, -0.064026, 0.995758]","[-0.063782, 0.043701, -0.003052, 0.996979]","[-0.070557, 0.328613, -0.026855]","[[0.989502, -0.131348, -0.058533], [0.123779, 0.985168, -0.117859], [0.073059, 0.109314, 0.991211]]",0.989502,"[7811, 7917, 7568, 8079]"
38.706825,"[0.359375, 1.589844, -1.191406]","[-0.036077, 1.285106, -0.809797]","[-0.059999, 0.619999, 0.872126]","[-0.685888, -0.870309, 0.831227]","[0.059326, -0.121582, -0.132568]","[-0.058655, 0.033600, -0.064331, 0.995636]","[-0.066315, 0.045288, -0.002838, 0.996735]","[-0.161621, -0.153320, 0.015869]","[[0.989380, -0.132080, -0.059387], [0.124146, 0.984741, -0.121155], [0.074402, 0.112488, 0.990784]]",0.98938,"[7825, 8015, 7677, 8087]"
38.736122,"[0.367188, 1.609375, -1.160156]","[-0.062736, 1.250512, -0.776737]","[-0.089998, 0.709999, 0.972691]","[-0.678464, -0.900183, 0.860903]","[0.059570, -0.128418, -0.133301]","[-0.062073, 0.033997, -0.064484, 0.995422]","[-0.074341, 0.045898, -0.002411, 0.996155]","[-0.053467, 0.035400, -0.034912]","[[0.989380, -0.132690, -0.059631], [0.124146, 0.983948, -0.127991], [0.075623, 0.119202, 0.989990]]",0.98938,"[7976, 8000, 7657, 8170]"
38.771278,"[0.359375, 1.628906, -1.132812]","[-0.089048, 1.214819, -0.742566]","[-0.099998, 0.559999, 1.029812]","[-0.668228, -0.926797, 0.888270]","[0.060303, -0.132080, -0.133789]","[-0.063843, 0.034454, -0.064728, 0.995270]","[-0.071442, 0.046753, -0.002472, 0.996338]","[-0.265869, -0.143555, -0.071533]","[[0.989197, -0.133301, -0.060303], [0.124390, 0.983398, -0.131653], [0.076782, 0.122620, 0.989441]]",0.989197,"[7873, 8112, 7774, 8140]"
38.804497,"[0.347656, 1.648438, -1.109375]","[-0.102040, 1.196598, -0.725091]","[-0.129999, 0.619999, 1.041937]","[-0.662053, -0.938853, 0.901063]","[0.061768, -0.139893, -0.134277]","[-0.067627, 0.035431, -0.064789, 0.994965]","[-0.078339, 0.046387, -0.002197, 0.995819]","[-0.241455, 0.163086, -0.018799]","[[0.988953, -0.133789, -0.061768], [0.124146, 0.982361, -0.139221], [0.079224, 0.129944, 0.988220]]",0.988953,"[8056, 8062, 7744, 8265]"
38.945114,"[0.347656, 1.656250, -1.046875]","[-0.200239, 1.044075, -0.577532]","[-0.109999, 0.489998, 0.964510]","[-0.587469, -1.004045, 0.980887]","[0.062500, -0.157227, -0.135254]","[-0.076294, 0.036469, -0.064880, 0.994293]","[-0.085602, 0.054474, -0.001160, 0.994812]","[-0.063232, -0.010742, 0.076172]","[[0.988831, -0.134644, -0.062622], [0.123413, 0.979858, -0.156494], [0.082397, 0.146973, 0.985596]]",0.988831,"[8005, 8227, 7845, 8205]"
38.94706,"[0.339844, 1.707031, -1.031250]","[-0.200239, 1.044075, -0.577532]","[-0.179998, 0.359999, 1.014339]","[-0.587469, -1.004045, 0.980887]","[0.062500, -0.157959, -0.135010]","[-0.076569, 0.036469, -0.064758, 0.994263]","[-0.082336, 0.050781, -0.001648, 0.995300]","[-0.313721, 0.011963, 0.046875]","[[0.988831, -0.134399, -0.062622], [0.123169, 0.979736, -0.157043], [0.082397, 0.147522, 0.985474]]",0.988831,"[8004, 8226, 7815, 8208]"
39.087692,"[0.328125, 1.718750, -0.960938]","[-0.274034, 0.905620, -0.440637]","[-0.219999, 0.389999, 1.026968]","[-0.486743, -1.013918, 1.016177]","[0.064453, -0.169678, -0.133301]","[-0.082367, 0.037689, -0.063599, 0.993866]","[-0.097351, 0.053894, -0.000580, 0.993774]","[-0.181641, -0.001221, 0.001953]","[[0.989075, -0.132690, -0.064453], [0.120239, 0.978333, -0.168579], [0.085327, 0.158936, 0.983582]]",0.989075,"[8043, 8281, 7912, 8225]"
