t,p,p_d,v,v_d,Angles,q,q_sp,w,R,T_sp,rpm
66.554237,"[0.046875, 0.046875, -1.101562]","[-0.000000, 0.000000, -0.000000]","[-0.019999, 0.000000, -0.076521]","[-0.000003, 0.000001, -0.000002]","[0.011230, -0.024414, -0.017578]","[-0.012177, 0.005798, -0.008789, 0.999878]","[0.000000, 0.000336, -0.009247, 0.999939]","[-0.371826, 0.343262, 0.077393]","[[0.999756, -0.017761, -0.011353], [0.017395, 0.999573, -0.024475], [0.011719, 0.024231, 0.999634]]",0.999756,"[7877, 7735, 7778, 7914]"
66.647995,"[0.046875, 0.046875, -1.101562]","[-0.000005, 0.000001, -0.000003]","[0.009998, 0.000000, 0.021296]","[-0.000222, 0.000048, -0.000114]","[0.000977, -0.018555, -0.017822]","[-0.009247, 0.000641, -0.008972, 0.999939]","[0.000000, 0.001556, -0.009247, 0.999939]","[-0.115479, 0.048584, 0.011719]","[[0.999878, -0.018005, -0.001099], [0.017883, 0.999756, -0.018555], [0.001343, 0.018433, 0.999878]]",0.999878,"[7893, 7865, 7765, 7769]"
66.649948,"[0.058594, 0.046875, -1.101562]","[-0.000005, 0.000001, -0.000003]","[0.000000, 0.000000, 0.002914]","[-0.000222, 0.000048, -0.000114]","[0.000000, -0.018066, -0.018066]","[-0.009033, 0.000153, -0.009003, 0.999939]","[0.000000, 0.001801, -0.009247, 0.999939]","[0.249756, -0.482422, -0.043701]","[[0.999878, -0.018066, -0.000122], [0.017944, 0.999756, -0.018127], [0.000366, 0.018005, 0.999878]]",0.999878,"[7918, 7849, 7745, 7785]"
66.667526,"[0.058594, 0.046875, -1.097656]","[-0.000011, 0.000002, -0.000006]","[0.009998, 0.000000, 0.051895]","[-0.000400, 0.000087, -0.000207]","[-0.000244, -0.017090, -0.018066]","[-0.008606, -0.000061, -0.009094, 0.999939]","[0.000000, 0.002289, -0.009247, 0.999939]","[0.207764, 0.132080, 0.035400]","[[0.999878, -0.018188, 0.000244], [0.018188, 0.999756, -0.017212], [0.000000, 0.017212, 0.999878]]",0.999878,"[7931, 7855, 7783, 7803]"
66.712448,"[0.058594, 0.046875, -1.097656]","[-0.000063, 0.000014, -0.000033]","[0.019999, 0.000000, -0.011780]","[-0.001545, 0.000336, -0.000799]","[-0.000488, -0.016113, -0.018555]","[-0.008118, -0.000244, -0.009277, 0.999939]","[0.000000, 0.002777, -0.009247, 0.999939]","[0.195068, -0.294434, -0.052246]","[[0.999878, -0.018555, 0.000610], [0.018555, 0.999756, -0.016235], [-0.000366, 0.016235, 0.999878]]",0.999878,"[7927, 7904, 7790, 7858]"
66.735878,"[0.058594, 0.046875, -1.097656]","[-0.000099, 0.000022, -0.000051]","[0.009998, 0.000000, -0.017565]","[-0.002205, 0.000481, -0.001141]","[-0.002441, -0.013672, -0.018799]","[-0.006927, -0.001190, -0.009491, 0.999939]","[0.000000, 0.002167, -0.009247, 0.999939]","[0.173828, -0.052490, 0.019287]","[[0.999817, -0.018982, 0.002502], [0.018982, 0.999756, -0.013855], [-0.002258, 0.013855, 0.999878]]",0.999817,"[7944, 7938, 7782, 7834]"
66.812065,"[0.058594, 0.046875, -1.097656]","[-0.000430, 0.000094, -0.000223]","[0.019999, 0.000000, -0.044420]","[-0.006872, 0.001512, -0.003570]","[-0.003418, -0.013672, -0.020020]","[-0.006866, -0.001648, -0.010010, 0.999939]","[0.000000, 0.002899, -0.009247, 0.999939]","[0.096680, 0.072510, 0.018311]","[[0.999817, -0.020020, 0.003418], [0.020020, 0.999756, -0.013733], [-0.003174, 0.013733, 0.999939]]",0.999817,"[7959, 7886, 7787, 7880]"
66.964401,"[0.058594, 0.046875, -1.101562]","[-0.003067, 0.000681, -0.001599]","[0.029999, 0.009998, -0.028591]","[-0.030691, 0.006887, -0.016074]","[-0.003662, -0.012451, -0.024658]","[-0.006226, -0.001801, -0.012390, 0.999908]","[-0.000641, 0.003510, -0.009247, 0.999939]","[0.027344, 0.207520, 0.000977]","[[0.999695, -0.024780, 0.003723], [0.024780, 0.999634, -0.012451], [-0.003479, 0.012451, 0.999939]]",0.999695,"[7932, 7893, 7785, 7902]"
66.966354,"[0.066406, 0.046875, -1.097656]","[-0.003067, 0.000681, -0.001599]","[0.049999, 0.009998, -0.000490]","[-0.030691, 0.006887, -0.016074]","[-0.003662, -0.012695, -0.024902]","[-0.006378, -0.001770, -0.012482, 0.999908]","[-0.000641, 0.004974, -0.009247, 0.999939]","[-0.152588, 0.008545, -0.091553]","[[0.999695, -0.024963, 0.003662], [0.024963, 0.999634, -0.012756], [-0.003418, 0.012756, 0.999939]]",0.999695,"[7922, 7899, 7808, 7913]"
66.970261,"[0.066406, 0.046875, -1.093750]","[-0.003067, 0.000681, -0.001599]","[0.029999, 0.029999, -0.008474]","[-0.030691, 0.006887, -0.016074]","[-0.004150, -0.012451, -0.025146]","[-0.006287, -0.002075, -0.012573, 0.999908]","[-0.001617, 0.003998, -0.009247, 0.999939]","[0.158936, -0.084961, -0.011719]","[[0.999695, -0.025146, 0.004272], [0.025146, 0.999634, -0.012573], [-0.004028, 0.012573, 0.999939]]",0.999695,"[7928, 7899, 7813, 7906]"
67.118698,"[0.078125, 0.046875, -1.097656]","[-0.009914, 0.002235, -0.005203]","[0.059999, 0.029999, -0.018053]","[-0.073265, 0.016771, -0.038697]","[-0.002930, -0.014160, -0.033203]","[-0.007141, -0.001434, -0.016632, 0.999847]","[-0.001404, 0.006927, -0.009247, 0.999908]","[0.016357, -0.226318, -0.108154]","[[0.999451, -0.033264, 0.003052], [0.033264, 0.999390, -0.014282], [-0.002686, 0.014282, 0.999939]]",0.999451,"[7956, 7971, 7861, 7976]"
67.120651,"[0.078125, 0.046875, -1.097656]","[-0.011423, 0.002581, -0.006000]","[0.059999, 0.039999, -0.031328]","[-0.081234, 0.018653, -0.042963]","[-0.004150, -0.013428, -0.033203]","[-0.006775, -0.002075, -0.016663, 0.999817]","[-0.001892, 0.006927, -0.009247, 0.999908]","[0.338135, -0.485596, -0.045410]","[[0.999329, -0.033325, 0.004333], [0.033325, 0.999268, -0.013489], [-0.003967, 0.013611, 0.999817]]",0.999329,"[7985, 7985, 7820, 7958]"
67.173378,"[0.078125, 0.058594, -1.093750]","[-0.014929, 0.003389, -0.007857]","[0.070000, 0.059999, -0.026741]","[-0.098613, 0.022788, -0.052296]","[-0.002197, -0.013916, -0.036377]","[-0.007050, -0.001007, -0.018188, 0.999817]","[-0.003601, 0.007874, -0.009247, 0.999908]","[0.218994, -0.374268, -0.037842]","[[0.999329, -0.036377, 0.002258], [0.036377, 0.999268, -0.014099], [-0.001770, 0.014099, 0.999878]]",0.999329,"[7998, 8015, 7857, 7993]"
67.206581,"[0.078125, 0.058594, -1.093750]","[-0.019152, 0.004368, -0.010100]","[0.070000, 0.029999, -0.005346]","[-0.117910, 0.027428, -0.062707]","[0.000488, -0.016846, -0.038574]","[-0.008423, 0.000519, -0.019257, 0.999786]","[-0.002014, 0.008148, -0.009247, 0.999908]","[-0.357178, 0.404541, -0.083252]","[[0.999268, -0.038574, -0.000671], [0.038452, 0.999146, -0.016907], [0.001282, 0.016785, 0.999878]]",0.999268,"[8008, 7948, 7871, 8039]"
67.24369,"[0.097656, 0.058594, -1.093750]","[-0.024165, 0.005538, -0.012770]","[0.080000, 0.039999, -0.040808]","[-0.139087, 0.032578, -0.074190]","[0.001465, -0.016113, -0.040527]","[-0.008118, 0.000946, -0.020325, 0.999756]","[-0.002533, 0.010345, -0.009247, 0.999878]","[-0.151611, 0.427246, -0.096191]","[[0.999146, -0.040710, -0.001526], [0.040588, 0.999023, -0.016296], [0.002136, 0.016174, 0.999817]]",0.999146,"[8010, 8023, 7867, 8033]"
67.272987,"[0.097656, 0.058594, -1.097656]","[-0.026991, 0.006201, -0.014278]","[0.080000, 0.059999, -0.056078]","[-0.150368, 0.035346, -0.080330]","[0.001465, -0.015137, -0.041748]","[-0.007629, 0.000916, -0.020935, 0.999756]","[-0.003510, 0.010803, -0.009216, 0.999878]","[0.081543, 0.290527, 0.086670]","[[0.999084, -0.041931, -0.001465], [0.041809, 0.999023, -0.015320], [0.002075, 0.015198, 0.999878]]",0.999084,"[8009, 8070, 7855, 7944]"
67.421432,"[0.097656, 0.066406, -1.101562]","[-0.058387, 0.013704, -0.031172]","[0.080000, 0.080000, -0.107496]","[-0.255734, 0.062015, -0.138491]","[0.007324, -0.017578, -0.049561]","[-0.008667, 0.003937, -0.024719, 0.999664]","[-0.004272, 0.013611, -0.009216, 0.999847]","[0.131592, 0.241699, 0.045166]","[[0.998779, -0.049561, -0.007385], [0.049316, 0.998657, -0.017578], [0.008240, 0.017090, 0.999878]]",0.998779,"[8034, 8038, 7891, 8073]"
67.423386,"[0.109375, 0.066406, -1.101562]","[-0.058387, 0.013704, -0.031172]","[0.099998, 0.070000, -0.087149]","[-0.255734, 0.062015, -0.138491]","[0.008057, -0.017822, -0.049561]","[-0.008789, 0.004272, -0.024750, 0.999664]","[-0.003784, 0.015320, -0.009186, 0.999817]","[-0.161865, 0.285156, -0.052002]","[[0.998779, -0.049622, -0.008057], [0.049377, 0.998657, -0.017822], [0.008911, 0.017334, 0.999878]]",0.998779,"[8031, 8062, 7884, 8066]"
67.440964,"[0.117188, 0.066406, -1.101562]","[-0.063526, 0.014953, -0.033958]","[0.080000, 0.049999, -0.098742]","[-0.270582, 0.065895, -0.146807]","[0.008789, -0.018311, -0.050781]","[-0.009064, 0.004639, -0.025421, 0.999634]","[-0.002808, 0.015228, -0.009216, 0.999817]","[-0.041504, -0.232178, -0.142334]","[[0.998657, -0.050964, -0.008789], [0.050720, 0.998535, -0.018372], [0.009644, 0.017883, 0.999817]]",0.998657,"[8035, 8072, 7898, 8087]"
67.562057,"[0.117188, 0.066406, -1.109375]","[-0.100715, 0.024138, -0.054262]","[0.080000, 0.059999, -0.181952]","[-0.365653, 0.091509, -0.200815]","[0.013672, -0.017822, -0.058350]","[-0.008789, 0.007202, -0.029114, 0.999512]","[-0.002472, 0.018890, -0.009216, 0.999756]","[0.389160, -0.097168, 0.083008]","[[0.998169, -0.058411, -0.013855], [0.058044, 0.998108, -0.018005], [0.014832, 0.017151, 0.999695]]",0.998169,"[8080, 8110, 7918, 8146]"
67.564011,"[0.117188, 0.078125, -1.109375]","[-0.100715, 0.024138, -0.054262]","[0.089998, 0.070000, -0.181952]","[-0.365653, 0.091509, -0.200815]","[0.013672, -0.017822, -0.058350]","[-0.008789, 0.007202, -0.029114, 0.999512]","[-0.003693, 0.019348, -0.009186, 0.999756]","[0.389160, -0.097168, 0.083008]","[[0.998169, -0.058411, -0.013855], [0.058044, 0.998108, -0.018005], [0.014832, 0.017151, 0.999695]]",0.998169,"[8058, 8097, 7939, 8142]"
67.579636,"[0.117188, 0.078125, -1.109375]","[-0.108016, 0.025970, -0.058276]","[0.089998, 0.059999, -0.262470]","[-0.382306, 0.096141, -0.210419]","[0.015625, -0.019775, -0.058838]","[-0.009735, 0.008118, -0.029419, 0.999512]","[-0.003113, 0.020111, -0.009186, 0.999725]","[-0.502441, 0.300049, -0.053955]","[[0.998230, -0.059021, -0.015625], [0.058655, 0.998169, -0.019958], [0.016724, 0.018982, 0.999756]]",0.99823,"[8086, 8173, 7925, 8076]"
67.724159,"[0.128906, 0.078125, -1.125000]","[-0.168457, 0.041457, -0.091827]","[0.099998, 0.080000, -0.271317]","[-0.502708, 0.131121, -0.281335]","[0.025879, -0.020508, -0.066650]","[-0.009857, 0.013275, -0.033173, 0.999298]","[-0.002930, 0.027191, -0.009186, 0.999573]","[0.162842, 0.197021, 0.015381]","[[0.997375, -0.066650, -0.025879], [0.066040, 0.997498, -0.020630], [0.027100, 0.018799, 0.999390]]",0.997375,"[8108, 8118, 7896, 8155]"
67.728088,"[0.128906, 0.089844, -1.125000]","[-0.178446, 0.044070, -0.097424]","[0.080000, 0.059999, -0.250591]","[-0.520200, 0.136445, -0.291877]","[0.026855, -0.020996, -0.066895]","[-0.010010, 0.013794, -0.033264, 0.999298]","[-0.002533, 0.026459, -0.009186, 0.999603]","[-0.167236, 0.060303, -0.111572]","[[0.997375, -0.066833, -0.026917], [0.066223, 0.997559, -0.020996], [0.028137, 0.019043, 0.999390]]",0.997375,"[8067, 8108, 7930, 8163]"
67.730026,"[0.128906, 0.089844, -1.125000]","[-0.178446, 0.044070, -0.097424]","[0.059999, 0.070000, -0.256531]","[-0.520200, 0.136445, -0.291877]","[0.026367, -0.020752, -0.066895]","[-0.009979, 0.013580, -0.033356, 0.999298]","[-0.003021, 0.025482, -0.009186, 0.999603]","[0.059570, -0.198730, -0.106934]","[[0.997375, -0.067017, -0.026489], [0.066406, 0.997559, -0.020874], [0.027710, 0.019043, 0.999390]]",0.997375,"[8091, 8101, 7937, 8152]"
67.741745,"[0.136719, 0.097656, -1.128906]","[-0.178446, 0.044070, -0.097424]","[0.070000, 0.080000, -0.268648]","[-0.520200, 0.136445, -0.291877]","[0.028076, -0.020996, -0.067627]","[-0.010101, 0.014435, -0.033661, 0.999268]","[-0.003784, 0.026917, -0.009155, 0.999573]","[-0.252441, 0.251221, -0.080078]","[[0.997253, -0.067627, -0.028137], [0.067017, 0.997437, -0.021179], [0.029480, 0.019226, 0.999329]]",0.997253,"[8060, 8112, 7945, 8163]"
67.77494,"[0.148438, 0.097656, -1.136719]","[-0.199450, 0.049611, -0.109241]","[0.089998, 0.080000, -0.296772]","[-0.555196, 0.147305, -0.313177]","[0.031006, -0.020264, -0.069824]","[-0.009552, 0.015900, -0.034790, 0.999237]","[-0.003571, 0.030334, -0.009155, 0.999481]","[0.226318, -0.128418, -0.062500]","[[0.997070, -0.069885, -0.031128], [0.069275, 0.997437, -0.020264], [0.032349, 0.017944, 0.999329]]",0.99707,"[8091, 8162, 7941, 8175]"
67.810097,"[0.148438, 0.097656, -1.144531]","[-0.221824, 0.055583, -0.121897]","[0.059999, 0.070000, -0.329096]","[-0.590084, 0.158432, -0.334710]","[0.034912, -0.021240, -0.071533]","[-0.010071, 0.017883, -0.035645, 0.999146]","[-0.002594, 0.030487, -0.009155, 0.999481]","[0.044678, -0.182129, -0.112061]","[[0.996765, -0.071655, -0.035034], [0.070923, 0.997192, -0.021423], [0.036377, 0.018860, 0.999084]]",0.996765,"[8074, 8131, 7989, 8223]"
67.841354,"[0.136719, 0.097656, -1.148438]","[-0.233527, 0.058735, -0.128545]","[0.089998, 0.070000, -0.376192]","[-0.607447, 0.164090, -0.345547]","[0.036621, -0.020752, -0.073486]","[-0.009705, 0.018738, -0.036560, 0.999115]","[-0.002228, 0.033051, -0.009186, 0.999390]","[0.297607, -0.334473, -0.081787]","[[0.996643, -0.073425, -0.036743], [0.072693, 0.997131, -0.020813], [0.038086, 0.018005, 0.999084]]",0.996643,"[8104, 8148, 7956, 8211]"
67.88237,"[0.148438, 0.109375, -1.160156]","[-0.270623, 0.068851, -0.149741]","[0.049999, 0.059999, -0.403875]","[-0.658898, 0.181377, -0.378176]","[0.040039, -0.020752, -0.075684]","[-0.009644, 0.020477, -0.037659, 0.999054]","[-0.002014, 0.034149, -0.009186, 0.999359]","[-0.240234, 0.186768, -0.016846]","[[0.996399, -0.075684, -0.040222], [0.074829, 0.997009, -0.020874], [0.041565, 0.017700, 0.999023]]",0.996399,"[8067, 8173, 7947, 8170]"
68.009331,"[0.148438, 0.109375, -1.191406]","[-0.353684, 0.092189, -0.197885]","[0.009998, 0.080000, -0.483904]","[-0.757658, 0.217180, -0.443424]","[0.049805, -0.019531, -0.080811]","[-0.008728, 0.025299, -0.040192, 0.998840]","[-0.000854, 0.039886, -0.009216, 0.999146]","[0.097168, -0.151367, -0.053955]","[[0.995483, -0.080811, -0.049866], [0.079834, 0.996582, -0.019531], [0.051208, 0.015381, 0.998535]]",0.995483,"[8068, 8177, 7930, 8162]"
68.011284,"[0.148438, 0.117188, -1.183594]","[-0.353684, 0.092189, -0.197885]","[0.029999, 0.080000, -0.465363]","[-0.757658, 0.217180, -0.443424]","[0.050293, -0.019043, -0.081055]","[-0.008575, 0.025604, -0.040222, 0.998840]","[-0.001221, 0.041229, -0.009186, 0.999084]","[0.096680, 0.355957, -0.044922]","[[0.995483, -0.080872, -0.050476], [0.079895, 0.996643, -0.019226], [0.051819, 0.015076, 0.998596]]",0.995483,"[8081, 8163, 7939, 8172]"
68.161674,"[0.148438, 0.117188, -1.222656]","[-0.481549, 0.129966, -0.273839]","[-0.009998, 0.070000, -0.494186]","[-0.875984, 0.266594, -0.528124]","[0.063721, -0.019287, -0.084229]","[-0.008362, 0.032288, -0.041779, 0.998566]","[0.001953, 0.049805, -0.009338, 0.998688]","[-0.145508, 0.037842, -0.002930]","[[0.994385, -0.084045, -0.063782], [0.082947, 0.996338, -0.019470], [0.065125, 0.013977, 0.997742]]",0.994385,"[8165, 8229, 7984, 8207]"
68.163628,"[0.148438, 0.128906, -1.222656]","[-0.481549, 0.129966, -0.273839]","[-0.029999, 0.070000, -0.494186]","[-0.875984, 0.266594, -0.528124]","[0.063721, -0.019287, -0.084229]","[-0.008362, 0.032288, -0.041779, 0.998566]","[0.001221, 0.049164, -0.009277, 0.998718]","[-0.145508, 0.037842, -0.002930]","[[0.994385, -0.084045, -0.063782], [0.082947, 0.996338, -0.019470], [0.065125, 0.013977, 0.997742]]",0.994385,"[8178, 8238, 7956, 8179]"
68.165565,"[0.148438, 0.128906, -1.222656]","[-0.481549, 0.129966, -0.273839]","[-0.049999, 0.089998, -0.510824]","[-0.875984, 0.266594, -0.528124]","[0.063232, -0.018799, -0.084229]","[-0.008118, 0.032074, -0.041779, 0.998566]","[0.000275, 0.048309, -0.009247, 0.998779]","[0.016113, 0.338379, -0.064697]","[[0.994385, -0.084045, -0.063354], [0.082947, 0.996277, -0.018921], [0.064697, 0.013550, 0.997742]]",0.994385,"[8190, 8225, 7965, 8198]"
68.177284,"[0.148438, 0.136719, -1.226562]","[-0.498797, 0.135236, -0.284259]","[-0.070000, 0.089998, -0.547356]","[-0.889417, 0.272849, -0.538387]","[0.064209, -0.019287, -0.084473]","[-0.008331, 0.032593, -0.041992, 0.998535]","[0.000031, 0.048187, -0.009247, 0.998779]","[0.086914, -0.126953, -0.040283]","[[0.994263, -0.084412, -0.064392], [0.083313, 0.996216, -0.019409], [0.065735, 0.013916, 0.997620]]",0.994263,"[8176, 8205, 7985, 8237]"
68.210487,"[0.136719, 0.128906, -1.238281]","[-0.516289, 0.140624, -0.294869]","[-0.080000, 0.080000, -0.568153]","[-0.902494, 0.279109, -0.548551]","[0.067627, -0.018555, -0.085205]","[-0.007843, 0.034271, -0.042297, 0.998474]","[0.001587, 0.049408, -0.009308, 0.998718]","[-0.193848, 0.274658, 0.001221]","[[0.994019, -0.085022, -0.067810], [0.083923, 0.996216, -0.018616], [0.069031, 0.012756, 0.997437]]",0.994019,"[8117, 8175, 7980, 8213]"
68.302299,"[0.136719, 0.136719, -1.269531]","[-0.607429, 0.169412, -0.350867]","[-0.109999, 0.080000, -0.631498]","[-0.962454, 0.310461, -0.597814]","[0.073730, -0.017578, -0.086426]","[-0.007233, 0.037262, -0.042938, 0.998352]","[0.003235, 0.055420, -0.009399, 0.998413]","[0.261230, -0.235352, -0.010010]","[[0.993469, -0.086304, -0.073730], [0.085205, 0.996155, -0.017700], [0.074951, 0.011230, 0.997070]]",0.993469,"[8172, 8194, 7944, 8214]"
68.304253,"[0.136719, 0.136719, -1.277344]","[-0.607429, 0.169412, -0.350867]","[-0.139999, 0.109999, -0.649715]","[-0.962454, 0.310461, -0.597814]","[0.074707, -0.017578, -0.086426]","[-0.007202, 0.037720, -0.042938, 0.998352]","[0.001801, 0.054047, -0.009308, 0.998474]","[-0.001953, 0.435791, 0.009033]","[[0.993469, -0.086304, -0.074646], [0.085205, 0.996216, -0.017700], [0.075867, 0.011108, 0.997070]]",0.993469,"[8184, 8209, 7935, 8175]"
68.312057,"[0.128906, 0.148438, -1.281250]","[-0.626341, 0.175539, -0.362641]","[-0.139999, 0.089998, -0.675619]","[-0.973285, 0.316723, -0.607316]","[0.074951, -0.017090, -0.086670]","[-0.006958, 0.037903, -0.042999, 0.998322]","[0.002411, 0.054169, -0.009338, 0.998474]","[-0.028564, 0.473145, -0.004395]","[[0.993347, -0.086426, -0.075073], [0.085327, 0.996155, -0.017212], [0.076172, 0.010620, 0.996948]]",0.993347,"[8159, 8177, 7947, 8176]"
68.427292,"[0.128906, 0.148438, -1.320312]","[-0.723801, 0.207989, -0.424192]","[-0.179998, 0.099998, -0.663872]","[-1.021079, 0.347831, -0.652756]","[0.082520, -0.014404, -0.086670]","[-0.005402, 0.041626, -0.042999, 0.998199]","[0.004761, 0.062012, -0.009491, 0.998016]","[0.208740, -0.095459, -0.002441]","[[0.992798, -0.086365, -0.082642], [0.085388, 0.996216, -0.014404], [0.083496, 0.007202, 0.996460]]",0.992798,"[8190, 8247, 7940, 8163]"
68.429237,"[0.109375, 0.156250, -1.320312]","[-0.743833, 0.214845, -0.437031]","[-0.189999, 0.080000, -0.663872]","[-1.029303, 0.353998, -0.661398]","[0.082520, -0.014404, -0.086670]","[-0.005402, 0.041626, -0.042999, 0.998199]","[0.005493, 0.060425, -0.009552, 0.998108]","[0.208740, -0.095459, -0.002441]","[[0.992798, -0.086365, -0.082642], [0.085388, 0.996216, -0.014404], [0.083496, 0.007202, 0.996460]]",0.992798,"[8198, 8241, 7946, 8163]"
68.446815,"[0.109375, 0.156250, -1.332031]","[-0.743833, 0.214845, -0.437031]","[-0.259998, 0.109999, -0.691545]","[-1.029303, 0.353998, -0.661398]","[0.084717, -0.014648, -0.086670]","[-0.005524, 0.042633, -0.042969, 0.998169]","[0.004547, 0.058594, -0.009491, 0.998199]","[-0.071533, -0.005615, -0.010254]","[[0.992676, -0.086304, -0.084656], [0.085327, 0.996277, -0.014771], [0.085510, 0.007324, 0.996338]]",0.992676,"[8164, 8237, 7926, 8169]"
68.480026,"[0.097656, 0.167969, -1.351562]","[-0.784339, 0.228913, -0.463197]","[-0.240000, 0.099998, -0.744980]","[-1.044337, 0.366242, -0.678179]","[0.087402, -0.014404, -0.086426]","[-0.005341, 0.044037, -0.042816, 0.998108]","[0.005127, 0.061523, -0.009521, 0.998016]","[0.069336, 0.305908, 0.040527]","[[0.992432, -0.085999, -0.087463], [0.085022, 0.996277, -0.014465], [0.088318, 0.006897, 0.996094]]",0.992432,"[8169, 8159, 7941, 8188]"
68.513222,"[0.089844, 0.167969, -1.367188]","[-0.825389, 0.243453, -0.489999]","[-0.299999, 0.119999, -0.765289]","[-1.057431, 0.378357, -0.694261]","[0.088379, -0.013672, -0.086182]","[-0.005005, 0.044525, -0.042725, 0.998077]","[0.005127, 0.061157, -0.009521, 0.998047]","[0.001221, -0.258789, -0.031738]","[[0.992310, -0.085815, -0.088440], [0.084839, 0.996216, -0.013855], [0.089294, 0.006165, 0.995911]]",0.99231,"[8162, 8219, 7943, 8156]"
68.653854,"[0.078125, 0.167969, -1.425781]","[-0.972280, 0.298017, -0.588465]","[-0.259998, 0.089998, -0.857374]","[-1.086902, 0.419387, -0.744396]","[0.093994, -0.010254, -0.084717]","[-0.003235, 0.047180, -0.042023, 0.997986]","[0.010712, 0.074493, -0.009979, 0.997101]","[0.195801, 0.035156, 0.021729]","[[0.991943, -0.084290, -0.093872], [0.083557, 0.996338, -0.010437], [0.094360, 0.002502, 0.995422]]",0.991943,"[8189, 8220, 7846, 8107]"
68.6558,"[0.066406, 0.167969, -1.425781]","[-0.972280, 0.298017, -0.588465]","[-0.299999, 0.089998, -0.857374]","[-1.086902, 0.419387, -0.744396]","[0.093994, -0.010254, -0.084717]","[-0.003235, 0.047180, -0.042023, 0.997986]","[0.010742, 0.072052, -0.009979, 0.997284]","[0.195801, 0.035156, 0.021729]","[[0.991943, -0.084290, -0.093872], [0.083557, 0.996338, -0.010437], [0.094360, 0.002502, 0.995422]]",0.991943,"[8195, 8219, 7836, 8112]"
68.657761,"[0.046875, 0.179688, -1.425781]","[-0.972280, 0.298017, -0.588465]","[-0.349998, 0.099998, -0.846775]","[-1.086902, 0.419387, -0.744396]","[0.094238, -0.010010, -0.084473]","[-0.002991, 0.047302, -0.041992, 0.997986]","[0.009674, 0.068634, -0.009857, 0.997528]","[-0.135254, 0.272949, -0.059570]","[[0.991943, -0.084167, -0.094116], [0.083557, 0.996399, -0.010010], [0.094604, 0.001953, 0.995422]]",0.991943,"[8165, 8195, 7842, 8106]"
68.679245,"[0.027344, 0.187500, -1.433594]","[-0.993530, 0.306264, -0.603066]","[-0.369999, 0.109999, -0.852184]","[-1.088899, 0.425025, -0.750691]","[0.096191, -0.008301, -0.083984]","[-0.002136, 0.048218, -0.041718, 0.997986]","[0.009552, 0.068268, -0.009857, 0.997559]","[0.014893, 0.236816, 0.037354]","[[0.991943, -0.083557, -0.096069], [0.083069, 0.996582, -0.008301], [0.096313, 0.000244, 0.995422]]",0.991943,"[8134, 8188, 7882, 8083]"
68.798393,"[0.019531, 0.199219, -1.488281]","[-1.121325, 0.357992, -0.693039]","[-0.459999, 0.139999, -0.865170]","[-1.088654, 0.457409, -0.783466]","[0.100830, -0.005127, -0.083252]","[-0.000519, 0.050568, -0.041443, 0.997864]","[0.011322, 0.073883, -0.010040, 0.997131]","[0.025146, 0.135498, -0.043457]","[[0.991455, -0.082825, -0.100891], [0.082703, 0.996521, -0.005249], [0.100891, -0.003174, 0.994873]]",0.991455,"[8198, 8220, 7822, 8067]"
68.800339,"[-0.007812, 0.199219, -1.500000]","[-1.142570, 0.366979, -0.708391]","[-0.519999, 0.150000, -0.908527]","[-1.086536, 0.462540, -0.788055]","[0.101074, -0.004883, -0.083252]","[-0.000427, 0.050690, -0.041443, 0.997864]","[0.010986, 0.069366, -0.009949, 0.997467]","[0.074463, 0.164307, 0.011963]","[[0.991455, -0.082825, -0.101135], [0.082703, 0.996582, -0.005066], [0.101135, -0.003357, 0.994873]]",0.991455,"[8204, 8216, 7821, 8062]"
68.815956,"[-0.019531, 0.207031, -1.511719]","[-1.142570, 0.366979, -0.708391]","[-0.459999, 0.129999, -0.947702]","[-1.086536, 0.462540, -0.788055]","[0.102295, -0.004395, -0.082764]","[-0.000092, 0.051270, -0.041229, 0.997833]","[0.011932, 0.073029, -0.010071, 0.997192]","[0.019287, 0.158936, 0.059570]","[[0.991333, -0.082397, -0.102295], [0.082275, 0.996582, -0.004456], [0.102295, -0.004089, 0.994690]]",0.991333,"[8140, 8198, 7854, 8085]"
68.864792,"[-0.046875, 0.207031, -1.535156]","[-1.205962, 0.394519, -0.754942]","[-0.480000, 0.129999, -0.827080]","[-1.076468, 0.477406, -0.800259]","[0.104004, -0.003906, -0.081787]","[0.000183, 0.052094, -0.040802, 0.997803]","[0.013855, 0.074646, -0.010223, 0.997040]","[0.031494, 0.209473, -0.052002]","[[0.991211, -0.081482, -0.104004], [0.081482, 0.996582, -0.003967], [0.103882, -0.004578, 0.994507]]",0.991211,"[8202, 8179, 7792, 8063]"
68.880417,"[-0.058594, 0.218750, -1.546875]","[-1.226935, 0.403887, -0.770601]","[-0.609999, 0.179998, -0.865479]","[-1.071918, 0.482184, -0.803798]","[0.104004, -0.003174, -0.081543]","[0.000549, 0.052094, -0.040680, 0.997803]","[0.011383, 0.068787, -0.009979, 0.997498]","[0.028320, 0.075439, -0.060791]","[[0.991211, -0.081238, -0.104004], [0.081238, 0.996582, -0.003235], [0.103882, -0.005310, 0.994507]]",0.991211,"[8217, 8191, 7804, 8035]"
69.009315,"[-0.117188, 0.226562, -1.601562]","[-1.350436, 0.461996, -0.865816]","[-0.579998, 0.160000, -0.881674]","[-1.032172, 0.508908, -0.819510]","[0.103760, -0.000977, -0.078369]","[0.001495, 0.051941, -0.039093, 0.997894]","[0.016602, 0.077118, -0.010468, 0.996826]","[-0.030762, 0.323242, 0.071289]","[[0.991577, -0.077942, -0.103760], [0.078186, 0.996948, -0.001160], [0.103516, -0.007019, 0.994629]]",0.991577,"[8218, 8227, 7794, 8015]"
69.017128,"[-0.136719, 0.238281, -1.609375]","[-1.370504, 0.471972, -0.881833]","[-0.729998, 0.189999, -0.895233]","[-1.023516, 0.513020, -0.821205]","[0.103760, -0.001221, -0.078125]","[0.001373, 0.051910, -0.038971, 0.997894]","[0.014893, 0.069427, -0.010223, 0.997406]","[-0.090576, -0.171387, 0.003906]","[[0.991577, -0.077698, -0.103699], [0.077942, 0.996948, -0.001404], [0.103455, -0.006775, 0.994568]]",0.991577,"[8201, 8214, 7816, 8027]"
69.050331,"[-0.167969, 0.250000, -1.632812]","[-1.390405, 0.482031, -0.897886]","[-0.629999, 0.169998, -0.927553]","[-1.014285, 0.517032, -0.822637]","[0.104004, -0.000977, -0.076904]","[0.001495, 0.052002, -0.038391, 0.997925]","[0.016388, 0.074921, -0.010406, 0.996979]","[0.197510, 0.091797, 0.054688]","[[0.991699, -0.076538, -0.103882], [0.076782, 0.997070, -0.001099], [0.103638, -0.006958, 0.994629]]",0.991699,"[8192, 8140, 7817, 8063]"
69.083534,"[-0.179688, 0.257812, -1.652344]","[-1.429655, 0.502388, -0.930077]","[-0.639999, 0.169998, -0.954790]","[-0.994123, 0.524750, -0.824710]","[0.103027, -0.001221, -0.075684]","[0.001343, 0.051514, -0.037750, 0.997955]","[0.017120, 0.076141, -0.010498, 0.996887]","[-0.151855, 0.036621, 0.002930]","[[0.991821, -0.075256, -0.102905], [0.075500, 0.997070, -0.001282], [0.102661, -0.006531, 0.994629]]",0.991821,"[8246, 8212, 7735, 7962]"
69.116737,"[-0.207031, 0.257812, -1.671875]","[-1.468065, 0.523034, -0.962322]","[-0.789999, 0.219999, -1.012909]","[-0.971738, 0.532043, -0.825728]","[0.103516, 0.000977, -0.074219]","[0.002441, 0.051727, -0.037109, 0.997955]","[0.016205, 0.069550, -0.010315, 0.997375]","[0.258789, -0.125000, 0.094727]","[[0.991821, -0.073853, -0.103394], [0.074341, 0.997131, 0.000977], [0.103027, -0.008667, 0.994568]]",0.991821,"[8195, 8151, 7718, 7961]"
69.261276,"[-0.269531, 0.277344, -1.726562]","[-1.594691, 0.597336, -1.075028]","[-0.869999, 0.240000, -0.920757]","[-0.876536, 0.554085, -0.821055]","[0.102051, 0.006592, -0.067871]","[0.005157, 0.050934, -0.034088, 0.998108]","[0.019836, 0.071777, -0.010620, 0.997162]","[0.280029, -0.079346, -0.006104]","[[0.992432, -0.067566, -0.101990], [0.068542, 0.997620, 0.006775], [0.101257, -0.013733, 0.994751]]",0.992432,"[8204, 8124, 7678, 7933]"
69.263222,"[-0.308594, 0.289062, -1.738281]","[-1.594691, 0.597336, -1.075028]","[-0.759998, 0.209999, -0.951416]","[-0.876536, 0.554085, -0.821055]","[0.102295, 0.007080, -0.067871]","[0.005371, 0.051025, -0.034088, 0.998108]","[0.020752, 0.074738, -0.010742, 0.996918]","[0.176758, 0.161621, 0.035645]","[[0.992432, -0.067566, -0.102173], [0.068542, 0.997620, 0.007202], [0.101440, -0.014160, 0.994751]]",0.992432,"[8204, 8114, 7668, 7927]"
69.284706,"[-0.347656, 0.296875, -1.746094]","[-1.611659, 0.608184, -1.091048]","[-0.919998, 0.249998, -0.949841]","[-0.860872, 0.556776, -0.819351]","[0.103027, 0.009033, -0.066895]","[0.006317, 0.051361, -0.033722, 0.998108]","[0.019287, 0.066071, -0.010468, 0.997559]","[0.200684, 0.110596, 0.038330]","[[0.992493, -0.066711, -0.102905], [0.067932, 0.997681, 0.009094], [0.102051, -0.016052, 0.994690]]",0.992493,"[8132, 8122, 7753, 7919]"
69.407761,"[-0.367188, 0.308594, -1.804688]","[-1.721201, 0.685431, -1.201908]","[-0.799999, 0.219999, -0.838774]","[-0.737731, 0.572235, -0.800309]","[0.093506, 0.012451, -0.062988]","[0.007843, 0.046509, -0.031708, 0.998383]","[0.024963, 0.077332, -0.011108, 0.996613]","[-0.136963, 0.219482, 0.012939]","[[0.993652, -0.062683, -0.093384], [0.064026, 0.997803, 0.012634], [0.092285, -0.018616, 0.995483]]",0.993652,"[8192, 8166, 7664, 7807]"
69.409714,"[-0.437500, 0.316406, -1.812500]","[-1.721201, 0.685431, -1.201908]","[-0.839998, 0.230000, -0.849926]","[-0.737731, 0.572235, -0.800309]","[0.093750, 0.012695, -0.062744]","[0.007874, 0.046631, -0.031677, 0.998383]","[0.024445, 0.071472, -0.010956, 0.997070]","[0.090088, 0.112061, 0.069580]","[[0.993652, -0.062561, -0.093628], [0.064026, 0.997864, 0.012695], [0.092529, -0.018677, 0.995483]]",0.993652,"[8193, 8175, 7655, 7808]"
69.419472,"[-0.468750, 0.328125, -1.820312]","[-1.721201, 0.685431, -1.201908]","[-0.859999, 0.240000, -0.898420]","[-0.737731, 0.572235, -0.800309]","[0.093750, 0.013428, -0.062500]","[0.008270, 0.046631, -0.031494, 0.998352]","[0.023621, 0.069031, -0.010834, 0.997253]","[0.165039, -0.266113, 0.073486]","[[0.993530, -0.062195, -0.093628], [0.063660, 0.997742, 0.013489], [0.092529, -0.019470, 0.995361]]",0.99353,"[8194, 8176, 7660, 7835]"
69.480019,"[-0.500000, 0.339844, -1.851562]","[-1.762701, 0.719105, -1.248463]","[-1.039999, 0.309999, -0.976522]","[-0.678146, 0.576996, -0.788416]","[0.095459, 0.013672, -0.060303]","[0.008362, 0.047546, -0.030487, 0.998352]","[0.022156, 0.061218, -0.010559, 0.997803]","[0.006348, -0.078125, 0.078613]","[[0.993530, -0.060120, -0.095459], [0.061707, 0.997925, 0.013733], [0.094360, -0.019592, 0.995239]]",0.99353,"[8172, 8082, 7682, 7955]"
69.485878,"[-0.527344, 0.359375, -1.859375]","[-1.775739, 0.730383, -1.263813]","[-0.899998, 0.269999, -0.987576]","[-0.657443, 0.578327, -0.783967]","[0.095215, 0.014160, -0.060303]","[0.008545, 0.047424, -0.030518, 0.998383]","[0.023163, 0.066589, -0.010742, 0.997437]","[-0.093262, 0.230225, 0.109131]","[[0.993652, -0.060181, -0.095215], [0.061768, 0.997986, 0.014099], [0.094116, -0.019958, 0.995361]]",0.993652,"[8157, 8073, 7697, 7922]"
69.519081,"[-0.566406, 0.359375, -1.878906]","[-1.788379, 0.741695, -1.279085]","[-1.099998, 0.329998, -1.003199]","[-0.636314, 0.579531, -0.779275]","[0.092285, 0.014893, -0.059814]","[0.008881, 0.045898, -0.030273, 0.998444]","[0.021729, 0.055969, -0.010437, 0.998138]","[0.123535, -0.336670, 0.016357]","[[0.993896, -0.059692, -0.092163], [0.061279, 0.997986, 0.014893], [0.091064, -0.020508, 0.995605]]",0.993896,"[8150, 8079, 7653, 7869]"
69.552292,"[-0.589844, 0.367188, -1.898438]","[-1.812392, 0.764374, -1.309331]","[-0.929998, 0.279999, -1.019243]","[-0.592875, 0.581546, -0.769183]","[0.089844, 0.015381, -0.059082]","[0.009125, 0.044739, -0.029877, 0.998535]","[0.024780, 0.063934, -0.010803, 0.997559]","[-0.007812, 0.175293, 0.037109]","[[0.994263, -0.058899, -0.089844], [0.060486, 0.998108, 0.015503], [0.088745, -0.020874, 0.995911]]",0.994263,"[8093, 8021, 7649, 7851]"
69.585487,"[-0.628906, 0.386719, -1.914062]","[-1.834673, 0.787117, -1.339160]","[-0.919998, 0.289999, -1.020658]","[-0.547909, 0.583036, -0.758158]","[0.086914, 0.013428, -0.058350]","[0.008087, 0.043274, -0.029419, 0.998596]","[0.024780, 0.063324, -0.010773, 0.997620]","[-0.169434, -0.243652, -0.004639]","[[0.994507, -0.058105, -0.086914], [0.059448, 0.998108, 0.013550], [0.085938, -0.018677, 0.996094]]",0.994507,"[8143, 8022, 7576, 7856]"
69.620644,"[-0.667969, 0.386719, -1.937500]","[-1.855178, 0.809917, -1.368550]","[-1.159998, 0.369999, -1.014942]","[-0.501464, 0.583997, -0.746212]","[0.085693, 0.014160, -0.056885]","[0.008423, 0.042725, -0.028809, 0.998657]","[0.022522, 0.050354, -0.010376, 0.998413]","[-0.282227, 0.548340, 0.065430]","[[0.994751, -0.056885, -0.085815], [0.058228, 0.998230, 0.014282], [0.084839, -0.019287, 0.996277]]",0.994751,"[8139, 7994, 7550, 7814]"
69.653854,"[-0.699219, 0.398438, -1.953125]","[-1.864737, 0.821322, -1.383058]","[-0.969997, 0.309999, -1.051445]","[-0.477730, 0.584277, -0.739904]","[0.085205, 0.016846, -0.055664]","[0.009644, 0.042450, -0.028198, 0.998657]","[0.026306, 0.058350, -0.010742, 0.997864]","[-0.398682, 0.440430, 0.097900]","[[0.994812, -0.055542, -0.085327], [0.057129, 0.998230, 0.016785], [0.084229, -0.021667, 0.996216]]",0.994812,"[7951, 8003, 7671, 7846]"
69.68705,"[-0.738281, 0.417969, -1.976562]","[-1.882455, 0.844150, -1.411704]","[-1.169998, 0.379999, -1.128145]","[-0.429241, 0.584434, -0.726621]","[0.078369, 0.017822, -0.053711]","[0.010010, 0.038940, -0.027252, 0.998840]","[0.023041, 0.047089, -0.010315, 0.998566]","[0.485840, -0.507568, 0.151123]","[[0.995544, -0.053711, -0.078308], [0.055176, 0.998352, 0.017822], [0.077209, -0.022095, 0.996826]]",0.995544,"[8100, 7951, 7508, 7799]"
69.722214,"[-0.769531, 0.429688, -1.992188]","[-1.898255, 0.866974, -1.439814]","[-0.989998, 0.329998, -1.053078]","[-0.379481, 0.584051, -0.712469]","[0.074219, 0.018555, -0.052002]","[0.010284, 0.036926, -0.026398, 0.998932]","[0.026123, 0.054810, -0.010651, 0.998077]","[-0.135254, -0.069580, -0.013672]","[[0.995911, -0.052063, -0.074280], [0.053528, 0.998413, 0.018555], [0.073181, -0.022461, 0.997070]]",0.995911,"[7996, 7974, 7519, 7672]"
69.755409,"[-0.808594, 0.437500, -2.011719]","[-1.905419, 0.878377, -1.453657]","[-0.999998, 0.339998, -1.070076]","[-0.354150, 0.583656, -0.705074]","[0.071777, 0.016357, -0.050537]","[0.009216, 0.035675, -0.025574, 0.998993]","[0.026642, 0.052246, -0.010620, 0.998199]","[-0.035156, -0.060059, 0.118164]","[[0.996094, -0.050537, -0.071716], [0.051758, 0.998474, 0.016541], [0.070740, -0.020203, 0.997253]]",0.996094,"[8122, 7912, 7427, 7742]"
69.788612,"[-0.847656, 0.457031, -2.027344]","[-1.918253, 0.901159, -1.480906]","[-1.229998, 0.419998, -1.061762]","[-0.302623, 0.582456, -0.689657]","[0.070557, 0.018799, -0.049805]","[0.010345, 0.035095, -0.025269, 0.999023]","[0.023132, 0.039032, -0.010162, 0.998901]","[0.090088, -0.086182, 0.036621]","[[0.996277, -0.049866, -0.070618], [0.051208, 0.998535, 0.018799], [0.069519, -0.022461, 0.997314]]",0.996277,"[8016, 7906, 7477, 7721]"
69.821815,"[-0.878906, 0.468750, -2.039062]","[-1.929051, 0.923879, -1.507532]","[-1.019999, 0.359999, -1.042696]","[-0.250037, 0.580710, -0.673431]","[0.068359, 0.016113, -0.049316]","[0.008972, 0.034027, -0.024902, 0.999084]","[0.026703, 0.047729, -0.010498, 0.998444]","[-0.114502, 0.074219, -0.045654]","[[0.996460, -0.049194, -0.068420], [0.050415, 0.998596, 0.016174], [0.067444, -0.019592, 0.997559]]",0.99646,"[7985, 7821, 7517, 7810]"
69.855019,"[-0.917969, 0.488281, -2.050781]","[-1.937775, 0.946520, -1.533508]","[-1.229998, 0.429998, -1.072716]","[-0.196465, 0.578415, -0.656416]","[0.063965, 0.016846, -0.048828]","[0.009338, 0.031799, -0.024689, 0.999176]","[0.023682, 0.035248, -0.010071, 0.999023]","[0.003174, -0.213379, 0.078613]","[[0.996826, -0.048828, -0.064026], [0.049927, 0.998718, 0.017029], [0.063049, -0.020203, 0.997864]]",0.996826,"[8047, 7893, 7454, 7756]"
69.888222,"[-0.949219, 0.488281, -2.070312]","[-1.941347, 0.957804, -1.546243]","[-1.039999, 0.389999, -1.044851]","[-0.169336, 0.577062, -0.647621]","[0.058594, 0.017578, -0.048340]","[0.009552, 0.029175, -0.024445, 0.999237]","[0.026764, 0.042603, -0.010376, 0.998657]","[0.219727, -0.921631, -0.050781]","[[0.997070, -0.048340, -0.058777], [0.049438, 0.998596, 0.017578], [0.057800, -0.020508, 0.998108]]",0.99707,"[8007, 7893, 7476, 7679]"
69.921425,"[-1.000000, 0.507812, -2.082031]","[-1.946892, 0.980287, -1.571188]","[-1.029999, 0.379999, -1.127531]","[-0.114443, 0.573943, -0.629470]","[0.055176, 0.018311, -0.048096]","[0.009857, 0.027405, -0.024292, 0.999298]","[0.027649, 0.039795, -0.010345, 0.998749]","[0.198486, 0.104004, 0.044678]","[[0.997375, -0.048096, -0.055237], [0.049072, 0.998657, 0.018311], [0.054260, -0.020996, 0.998352]]",0.997375,"[8032, 7915, 7412, 7676]"
69.956604,"[-1.039062, 0.527344, -2.089844]","[-1.950278, 1.002632, -1.595406]","[-1.249998, 0.489998, -1.154526]","[-0.058788, 0.570275, -0.610599]","[0.052490, 0.017334, -0.047607]","[0.009430, 0.026123, -0.024017, 0.999329]","[0.022797, 0.014252, -0.009583, 0.999573]","[0.005859, -0.175537, 0.027100]","[[0.997437, -0.047546, -0.052673], [0.048523, 0.998657, 0.017517], [0.051697, -0.020081, 0.998413]]",0.997437,"[7953, 7797, 7360, 7729]"
69.989784,"[-1.066406, 0.539062, -2.105469]","[-1.951152, 1.013751, -1.607237]","[-1.039999, 0.419998, -1.134768]","[-0.030692, 0.568235, -0.600897]","[0.043945, 0.019775, -0.047119]","[0.010498, 0.021759, -0.023773, 0.999420]","[0.026672, 0.015747, -0.009674, 0.999451]","[0.358154, -0.924316, 0.018555]","[[0.997864, -0.047119, -0.044006], [0.047974, 0.998596, 0.019897], [0.042908, -0.021973, 0.998779]]",0.997864,"[7788, 7804, 7478, 7643]"
70.02494,"[-1.109375, 0.558594, -2.117188]","[-1.951245, 1.035861, -1.630323]","[-1.249998, 0.509998, -1.099867]","[0.025970, 0.563744, -0.580985]","[0.032227, 0.015137, -0.047607]","[0.008026, 0.015961, -0.023926, 0.999542]","[0.022614, -0.004059, -0.009186, 0.999664]","[-0.371582, -0.096680, -0.041748]","[[0.998291, -0.047607, -0.032288], [0.048096, 0.998657, 0.015198], [0.031433, -0.016785, 0.999268]]",0.998291,"[8006, 7741, 7323, 7644]"
70.05619,"[-1.148438, 0.566406, -2.136719]","[-1.949116, 1.057786, -1.652618]","[-1.039999, 0.419998, -1.090614]","[0.083187, 0.558706, -0.560417]","[0.020508, 0.013916, -0.048340]","[0.007355, 0.010132, -0.024261, 0.999634]","[0.027771, 0.003540, -0.009369, 0.999542]","[-0.317383, -0.033447, 0.015869]","[[0.998596, -0.048401, -0.020569], [0.048645, 0.998718, 0.014099], [0.019836, -0.015198, 0.999695]]",0.998596,"[7958, 7763, 7314, 7656]"
70.089394,"[-1.179688, 0.589844, -2.140625]","[-1.944740, 1.079507, -1.674102]","[-1.029999, 0.429998, -0.965265]","[0.140882, 0.553121, -0.539217]","[0.007568, 0.014893, -0.048828]","[0.007568, 0.003632, -0.024445, 0.999664]","[0.027313, 0.001831, -0.009308, 0.999573]","[0.235840, -0.924316, -0.026855]","[[0.998718, -0.048889, -0.007629], [0.048889, 0.998657, 0.014893], [0.006775, -0.015259, 0.999817]]",0.998718,"[8058, 7851, 7267, 7575]"
70.12455,"[-1.218750, 0.597656, -2.144531]","[-1.941705, 1.090281, -1.684528]","[-1.219997, 0.539999, -0.993801]","[0.169871, 0.550126, -0.528392]","[-0.001221, 0.020264, -0.049316]","[0.010162, -0.000885, -0.024689, 0.999664]","[0.022797, -0.010529, -0.009033, 0.999634]","[0.050049, -0.038818, -0.055176]","[[0.998840, -0.049438, 0.001221], [0.049316, 0.998657, 0.020264], [-0.002319, -0.020264, 0.999817]]",0.99884,"[7958, 7929, 7378, 7532]"
70.157753,"[-1.250000, 0.617188, -2.164062]","[-1.933935, 1.111643, -1.704735]","[-1.009998, 0.459999, -1.014744]","[0.228076, 0.543733, -0.506315]","[-0.009033, 0.017334, -0.049316]","[0.008667, -0.004791, -0.024689, 0.999664]","[0.026733, -0.003143, -0.009186, 0.999573]","[-0.131104, 0.002441, -0.100342]","[[0.998779, -0.049500, 0.009094], [0.049255, 0.998657, 0.017456], [-0.010071, -0.017090, 0.999817]]",0.998779,"[7951, 7785, 7353, 7673]"
70.190956,"[-1.296875, 0.636719, -2.156250]","[-1.923883, 1.132753, -1.724076]","[-1.209997, 0.569998, -0.902258]","[0.286548, 0.536800, -0.483675]","[-0.017090, 0.017334, -0.049316]","[0.008545, -0.008820, -0.024628, 0.999634]","[0.021484, -0.016632, -0.008911, 0.999573]","[-0.158203, 0.141846, -0.000977]","[[0.998657, -0.049438, 0.017212], [0.049072, 0.998657, 0.017456], [-0.018066, -0.016602, 0.999695]]",0.998657,"[8051, 7848, 7279, 7618]"
70.226112,"[-1.316406, 0.656250, -2.164062]","[-1.911547, 1.153574, -1.742516]","[-0.959999, 0.469999, -0.910137]","[0.345151, 0.529336, -0.460522]","[-0.025879, 0.018799, -0.049316]","[0.009125, -0.013245, -0.024567, 0.999573]","[0.026398, -0.006836, -0.009094, 0.999573]","[0.188965, -0.490479, -0.010498]","[[0.998413, -0.049377, 0.026001], [0.048889, 0.998596, 0.018799], [-0.026978, -0.017578, 0.999451]]",0.998413,"[7948, 7876, 7414, 7645]"
