t,p,p_d,v,v_d,Angles,q,q_sp,w,R,T_sp,rpm
65.658775,"[0.039062, 0.019531, -1.210938]","[0.000000, 0.000000, -0.000000]","[-0.009998, -0.009998, -0.046259]","[0.000000, 0.000001, -0.000001]","[0.011719, -0.018799, -0.038818]","[-0.009308, 0.006104, -0.019348, 0.999756]","[-0.000366, 0.001068, -0.018158, 0.999817]","[-0.208984, 0.458984, 0.020020]","[[0.999146, -0.038818, -0.011841], [0.038574, 0.999084, -0.018860], [0.012451, 0.018372, 0.999756]]",0.999146,"[7831, 7728, 7685, 7801]"
65.660728,"[0.027344, 0.019531, -1.207031]","[0.000000, 0.000000, -0.000000]","[0.000000, -0.009998, -0.040874]","[0.000000, 0.000001, -0.000001]","[0.011719, -0.018555, -0.038818]","[-0.009247, 0.006104, -0.019348, 0.999756]","[-0.000366, 0.000824, -0.018158, 0.999817]","[0.072754, -0.040283, 0.010498]","[[0.999146, -0.038818, -0.011841], [0.038574, 0.999084, -0.018738], [0.012451, 0.018250, 0.999756]]",0.999146,"[7780, 7747, 7706, 7855]"
65.727119,"[0.027344, 0.019531, -1.203125]","[0.000000, 0.000000, -0.000000]","[0.000000, 0.000000, -0.052258]","[0.000001, 0.000008, -0.000009]","[0.002197, -0.013916, -0.042480]","[-0.007019, 0.001251, -0.021301, 0.999756]","[-0.000732, 0.000336, -0.018158, 0.999817]","[-0.316895, 0.483398, -0.020752]","[[0.999084, -0.042664, -0.002197], [0.042542, 0.999023, -0.014099], [0.002686, 0.013977, 0.999878]]",0.999084,"[7847, 7919, 7663, 7736]"
65.760323,"[0.027344, 0.019531, -1.203125]","[0.000000, 0.000001, -0.000001]","[0.009998, 0.000000, -0.073782]","[0.000002, 0.000023, -0.000024]","[0.002441, -0.016357, -0.043945]","[-0.008118, 0.001434, -0.022003, 0.999725]","[-0.000732, 0.000946, -0.018158, 0.999817]","[-0.385742, 0.345703, -0.037354]","[[0.999023, -0.044067, -0.002502], [0.043945, 0.998901, -0.016357], [0.003113, 0.016113, 0.999817]]",0.999023,"[7841, 7857, 7683, 7797]"
65.826736,"[0.027344, 0.019531, -1.203125]","[0.000000, 0.000003, -0.000004]","[0.019999, 0.000000, -0.026058]","[0.000005, 0.000070, -0.000074]","[0.000000, -0.015137, -0.047852]","[-0.007568, 0.000153, -0.023926, 0.999695]","[-0.000732, 0.001434, -0.018158, 0.999817]","[0.048340, 0.057373, -0.065430]","[[0.998840, -0.047913, 0.000061], [0.047791, 0.998779, -0.015198], [0.000549, 0.015076, 0.999878]]",0.99884,"[7846, 7854, 7735, 7824]"
65.85994,"[0.039062, 0.019531, -1.203125]","[0.000000, 0.000007, -0.000008]","[0.029999, 0.000000, -0.017546]","[0.000008, 0.000126, -0.000135]","[-0.000488, -0.015869, -0.050049]","[-0.008026, -0.000122, -0.025085, 0.999664]","[-0.000641, 0.002533, -0.018158, 0.999817]","[-0.143555, -0.012207, -0.070801]","[[0.998779, -0.050171, 0.000610], [0.050171, 0.998657, -0.016052], [0.000122, 0.016052, 0.999878]]",0.998779,"[7888, 7852, 7741, 7882]"
65.895096,"[0.039062, 0.019531, -1.195312]","[0.000001, 0.000014, -0.000014]","[0.039999, 0.000000, 0.006418]","[0.000014, 0.000211, -0.000225]","[-0.001465, -0.015137, -0.052734]","[-0.007599, -0.000549, -0.026428, 0.999634]","[-0.000641, 0.003021, -0.018158, 0.999817]","[0.068604, 0.139648, -0.050537]","[[0.998596, -0.052856, 0.001465], [0.052856, 0.998535, -0.015198], [-0.000732, 0.015198, 0.999878]]",0.998596,"[7900, 7894, 7741, 7887]"
65.930252,"[0.039062, 0.019531, -1.195312]","[0.000001, 0.000018, -0.000019]","[0.039999, 0.009998, 0.006512]","[0.000017, 0.000266, -0.000284]","[-0.001709, -0.014893, -0.055420]","[-0.007507, -0.000763, -0.027802, 0.999603]","[-0.001129, 0.003021, -0.018158, 0.999817]","[0.064209, -0.262695, -0.106934]","[[0.998474, -0.055603, 0.001892], [0.055603, 0.998413, -0.015015], [-0.001160, 0.015015, 0.999939]]",0.998474,"[7887, 7915, 7786, 7900]"
65.961494,"[0.027344, 0.019531, -1.191406]","[0.000002, 0.000031, -0.000033]","[0.049999, 0.000000, 0.025389]","[0.000026, 0.000407, -0.000434]","[-0.002197, -0.014648, -0.058105]","[-0.007385, -0.000946, -0.029144, 0.999542]","[-0.000641, 0.002777, -0.018158, 0.999817]","[0.197266, -0.234619, -0.093750]","[[0.998230, -0.058289, 0.002319], [0.058289, 0.998169, -0.014771], [-0.001465, 0.014771, 0.999817]]",0.99823,"[7902, 7929, 7783, 7916]"
65.994705,"[0.039062, 0.019531, -1.187500]","[0.000003, 0.000051, -0.000054]","[0.059999, 0.009998, 0.042294]","[0.000037, 0.000594, -0.000634]","[-0.000977, -0.015137, -0.061279]","[-0.007660, -0.000275, -0.030731, 0.999512]","[-0.001160, 0.004120, -0.018158, 0.999817]","[-0.255371, 0.394531, -0.100586]","[[0.998108, -0.061462, 0.000977], [0.061462, 0.998047, -0.015320], [-0.000122, 0.015320, 0.999878]]",0.998108,"[7898, 7925, 7788, 7950]"
66.027908,"[0.039062, 0.019531, -1.183594]","[0.000004, 0.000063, -0.000068]","[0.070000, 0.009998, 0.042900]","[0.000044, 0.000708, -0.000755]","[-0.002686, -0.014893, -0.064209]","[-0.007477, -0.001129, -0.032196, 0.999451]","[-0.001160, 0.004608, -0.018158, 0.999817]","[0.214844, -0.617188, -0.103271]","[[0.997864, -0.064392, 0.002686], [0.064392, 0.997803, -0.014893], [-0.001831, 0.015015, 0.999817]]",0.997864,"[7919, 8008, 7794, 7919]"
66.129471,"[0.046875, 0.019531, -1.175781]","[0.000012, 0.000200, -0.000214]","[0.080000, 0.019999, 0.053585]","[0.000103, 0.001741, -0.001856]","[0.000244, -0.016113, -0.072266]","[-0.008087, 0.000458, -0.036194, 0.999329]","[-0.001556, 0.005707, -0.018158, 0.999817]","[-0.293457, 0.529297, -0.105957]","[[0.997437, -0.072449, -0.000305], [0.072327, 0.997314, -0.016235], [0.001404, 0.016113, 0.999878]]",0.997437,"[7949, 7984, 7791, 8003]"
66.229073,"[0.058594, 0.027344, -1.171875]","[0.000026, 0.000436, -0.000465]","[0.109999, 0.029999, 0.049633]","[0.000180, 0.003183, -0.003389]","[0.001709, -0.016113, -0.079834]","[-0.008087, 0.001251, -0.039917, 0.999146]","[-0.002563, 0.007874, -0.018158, 0.999786]","[-0.165283, 0.062012, -0.081543]","[[0.996704, -0.079834, -0.001831], [0.079712, 0.996582, -0.016296], [0.003052, 0.016052, 0.999756]]",0.996704,"[7915, 7977, 7813, 8001]"
66.262283,"[0.066406, 0.027344, -1.171875]","[0.000030, 0.000502, -0.000535]","[0.089998, 0.029999, 0.039146]","[0.000199, 0.003547, -0.003776]","[0.001465, -0.016113, -0.082764]","[-0.007996, 0.001068, -0.041351, 0.999084]","[-0.002686, 0.007385, -0.018158, 0.999786]","[0.176025, -0.213867, -0.087891]","[[0.996460, -0.082703, -0.001465], [0.082581, 0.996338, -0.016113], [0.002686, 0.015869, 0.999756]]",0.99646,"[7922, 8006, 7800, 8019]"
66.295486,"[0.066406, 0.027344, -1.167969]","[0.000038, 0.000656, -0.000699]","[0.109999, 0.039999, 0.034086]","[0.000240, 0.004362, -0.004641]","[0.003662, -0.017090, -0.085693]","[-0.008514, 0.002289, -0.042847, 0.999054]","[-0.003082, 0.008484, -0.018158, 0.999786]","[-0.239258, 0.368652, -0.074463]","[[0.996338, -0.085693, -0.003845], [0.085571, 0.996216, -0.017273], [0.005188, 0.016785, 0.999878]]",0.996338,"[7895, 7960, 7809, 8029]"
66.330643,"[0.066406, 0.027344, -1.167969]","[0.000048, 0.000844, -0.000899]","[0.099998, 0.039999, 0.009859]","[0.000287, 0.005297, -0.005634]","[0.003662, -0.017090, -0.088623]","[-0.008453, 0.002289, -0.044312, 0.998993]","[-0.003052, 0.007996, -0.018158, 0.999786]","[-0.122803, 0.452148, -0.101562]","[[0.996094, -0.088623, -0.003784], [0.088501, 0.995972, -0.017151], [0.005249, 0.016663, 0.999878]]",0.996094,"[7909, 7991, 7801, 8032]"
66.363846,"[0.078125, 0.039062, -1.167969]","[0.000061, 0.001071, -0.001140]","[0.129999, 0.039999, 0.003069]","[0.000338, 0.006361, -0.006763]","[0.004639, -0.018066, -0.091309]","[-0.008972, 0.002838, -0.045624, 0.998932]","[-0.003845, 0.010284, -0.018127, 0.999756]","[-0.178711, 0.262695, -0.045166]","[[0.995850, -0.091248, -0.004822], [0.091125, 0.995728, -0.018250], [0.006409, 0.017639, 0.999878]]",0.99585,"[7899, 8014, 7783, 7983]"
66.397041,"[0.078125, 0.039062, -1.167969]","[0.000067, 0.001201, -0.001279]","[0.119999, 0.039999, -0.021416]","[0.000365, 0.006944, -0.007381]","[0.005127, -0.018066, -0.093750]","[-0.008911, 0.003082, -0.046844, 0.998871]","[-0.003815, 0.009796, -0.018127, 0.999756]","[0.456055, -0.492188, 0.028564]","[[0.995605, -0.093689, -0.005310], [0.093567, 0.995483, -0.018127], [0.006897, 0.017517, 0.999817]]",0.995605,"[7900, 8022, 7750, 8080]"
66.430252,"[0.078125, 0.046875, -1.167969]","[0.000083, 0.001497, -0.001593]","[0.109999, 0.049999, 0.018517]","[0.000423, 0.008217, -0.008730]","[0.007324, -0.018555, -0.095459]","[-0.009064, 0.004211, -0.047699, 0.998810]","[-0.004669, 0.009430, -0.018127, 0.999756]","[-0.471924, 0.567139, -0.047363]","[[0.995361, -0.095459, -0.007507], [0.095215, 0.995239, -0.018555], [0.009216, 0.017700, 0.999756]]",0.995361,"[7893, 8021, 7797, 7991]"
66.465408,"[0.089844, 0.046875, -1.164062]","[0.000101, 0.001845, -0.001963]","[0.139999, 0.049999, -0.009232]","[0.000486, 0.009638, -0.010235]","[0.007812, -0.018311, -0.097412]","[-0.008972, 0.004425, -0.048645, 0.998779]","[-0.004700, 0.011627, -0.018127, 0.999756]","[0.077148, -0.037109, -0.062256]","[[0.995239, -0.097351, -0.007935], [0.097107, 0.995117, -0.018433], [0.009644, 0.017456, 0.999817]]",0.995239,"[7909, 8028, 7812, 8041]"
66.498611,"[0.089844, 0.046875, -1.164062]","[0.000121, 0.002252, -0.002394]","[0.119999, 0.039999, 0.006950]","[0.000553, 0.011215, -0.011904]","[0.009521, -0.020996, -0.099365]","[-0.010284, 0.005341, -0.049622, 0.998688]","[-0.004211, 0.010651, -0.018127, 0.999756]","[-0.188232, 0.034424, -0.055420]","[[0.994934, -0.099243, -0.009644], [0.098999, 0.994751, -0.021118], [0.011597, 0.020020, 0.999634]]",0.994934,"[7932, 7966, 7783, 8056]"
66.529861,"[0.097656, 0.046875, -1.164062]","[0.000132, 0.002479, -0.002636]","[0.150000, 0.059999, -0.005814]","[0.000588, 0.012063, -0.012801]","[0.010498, -0.020996, -0.101074]","[-0.010223, 0.005768, -0.050537, 0.998627]","[-0.005219, 0.012695, -0.018097, 0.999725]","[0.001953, -0.152100, -0.071289]","[[0.994690, -0.101074, -0.010498], [0.100830, 0.994568, -0.021057], [0.012451, 0.019836, 0.999573]]",0.99469,"[7882, 7969, 7791, 8044]"
66.565018,"[0.097656, 0.046875, -1.164062]","[0.000156, 0.002985, -0.003173]","[0.129999, 0.009998, -0.006798]","[0.000661, 0.013886, -0.014729]","[0.011963, -0.021240, -0.103027]","[-0.010284, 0.006622, -0.051453, 0.998596]","[-0.002899, 0.011902, -0.018127, 0.999756]","[-0.172852, 0.268066, 0.005859]","[[0.994568, -0.102966, -0.012146], [0.102600, 0.994446, -0.021301], [0.014221, 0.019836, 0.999634]]",0.994568,"[7890, 8004, 7798, 8017]"
66.596268,"[0.097656, 0.046875, -1.164062]","[0.000184, 0.003566, -0.003789]","[0.119999, 0.080000, -0.054844]","[0.000737, 0.015881, -0.016837]","[0.013184, -0.021973, -0.104492]","[-0.010590, 0.007202, -0.052155, 0.998535]","[-0.006165, 0.011353, -0.018097, 0.999725]","[0.018555, -0.270752, -0.035645]","[[0.994324, -0.104370, -0.013245], [0.104004, 0.994202, -0.021973], [0.015442, 0.020386, 0.999573]]",0.994324,"[7873, 7941, 7803, 8059]"
66.631424,"[0.117188, 0.058594, -1.167969]","[0.000198, 0.003887, -0.004128]","[0.150000, 0.059999, -0.053707]","[0.000777, 0.016945, -0.017959]","[0.013428, -0.021484, -0.106201]","[-0.010376, 0.007385, -0.053040, 0.998505]","[-0.005981, 0.014038, -0.018097, 0.999695]","[-0.144531, 0.386230, -0.019287]","[[0.994202, -0.106140, -0.013611], [0.105774, 0.994080, -0.021545], [0.015808, 0.019958, 0.999634]]",0.994202,"[7885, 8004, 7771, 8007]"
66.664635,"[0.117188, 0.058594, -1.167969]","[0.000230, 0.004592, -0.004876]","[0.129999, 0.049999, -0.082485]","[0.000858, 0.019208, -0.020348]","[0.014160, -0.022949, -0.107666]","[-0.011139, 0.007690, -0.053772, 0.998444]","[-0.005463, 0.013184, -0.018097, 0.999725]","[0.077148, -0.379395, 0.006348]","[[0.994019, -0.107605, -0.014160], [0.107239, 0.993835, -0.023132], [0.016479, 0.021423, 0.999512]]",0.994019,"[7889, 7970, 7759, 8034]"
66.69783,"[0.117188, 0.058594, -1.167969]","[0.000265, 0.005389, -0.005720]","[0.129999, 0.059999, -0.082983]","[0.000940, 0.021655, -0.022929]","[0.014648, -0.021973, -0.109375]","[-0.010559, 0.007996, -0.054596, 0.998413]","[-0.005951, 0.013306, -0.018097, 0.999725]","[0.037109, 0.138672, -0.090576]","[[0.993835, -0.109253, -0.014832], [0.108887, 0.993774, -0.022034], [0.017029, 0.020203, 0.999573]]",0.993835,"[7866, 7983, 7751, 7975]"
66.731041,"[0.128906, 0.058594, -1.167969]","[0.000284, 0.005825, -0.006182]","[0.169998, 0.059999, -0.100811]","[0.000983, 0.022950, -0.024293]","[0.016357, -0.024414, -0.110107]","[-0.011719, 0.008942, -0.054962, 0.998383]","[-0.006012, 0.015991, -0.018066, 0.999664]","[-0.099365, -0.037109, 0.053467]","[[0.993774, -0.110046, -0.016541], [0.109558, 0.993652, -0.024475], [0.019104, 0.022400, 0.999512]]",0.993774,"[7885, 7942, 7752, 8037]"
66.764236,"[0.128906, 0.066406, -1.167969]","[0.000324, 0.006774, -0.007186]","[0.129999, 0.059999, -0.084019]","[0.001067, 0.025685, -0.027174]","[0.018066, -0.024414, -0.111328]","[-0.011749, 0.009735, -0.055603, 0.998322]","[-0.006348, 0.014160, -0.018066, 0.999695]","[-0.115723, 0.246094, -0.109619]","[[0.993530, -0.111267, -0.018127], [0.110779, 0.993469, -0.024597], [0.020691, 0.022400, 0.999451]]",0.99353,"[7863, 7962, 7778, 8018]"
66.799385,"[0.136719, 0.066406, -1.167969]","[0.000368, 0.007834, -0.008307]","[0.150000, 0.059999, -0.094654]","[0.001153, 0.028614, -0.030256]","[0.019531, -0.024902, -0.111816]","[-0.011902, 0.010529, -0.055725, 0.998322]","[-0.006500, 0.015747, -0.018066, 0.999664]","[0.164307, -0.271240, -0.040039]","[[0.993530, -0.111572, -0.019714], [0.110962, 0.993469, -0.025024], [0.022278, 0.022583, 0.999451]]",0.99353,"[7878, 7943, 7788, 8028]"
66.832588,"[0.136719, 0.066406, -1.167969]","[0.000414, 0.009012, -0.009553]","[0.139999, 0.049999, -0.040188]","[0.001237, 0.031742, -0.033545]","[0.020752, -0.024902, -0.113037]","[-0.011810, 0.011047, -0.056366, 0.998260]","[-0.005890, 0.015381, -0.018066, 0.999695]","[-0.185547, 0.214844, -0.027832]","[[0.993286, -0.112854, -0.020752], [0.112244, 0.993225, -0.024902], [0.023315, 0.022339, 0.999390]]",0.993286,"[7872, 8008, 7794, 8012]"
66.865799,"[0.136719, 0.066406, -1.167969]","[0.000439, 0.009648, -0.010224]","[0.119999, 0.049999, -0.068251]","[0.001279, 0.033381, -0.035268]","[0.021240, -0.025635, -0.113525]","[-0.012146, 0.011353, -0.056610, 0.998260]","[-0.005615, 0.014526, -0.018097, 0.999695]","[0.112793, -0.153076, 0.049316]","[[0.993286, -0.113342, -0.021301], [0.112732, 0.993286, -0.025635], [0.023987, 0.022949, 0.999451]]",0.993286,"[7897, 7993, 7767, 8068]"
66.899002,"[0.156250, 0.066406, -1.167969]","[0.000490, 0.011018, -0.011672]","[0.160000, 0.029999, -0.044506]","[0.001361, 0.036812, -0.038870]","[0.021729, -0.024902, -0.113770]","[-0.011871, 0.011658, -0.056702, 0.998260]","[-0.004700, 0.017731, -0.018066, 0.999664]","[-0.191895, 0.162598, -0.056885]","[[0.993286, -0.113525, -0.021912], [0.112915, 0.993286, -0.025085], [0.024597, 0.022400, 0.999451]]",0.993286,"[7892, 8017, 7804, 8044]"
66.932205,"[0.156250, 0.078125, -1.167969]","[0.000545, 0.012527, -0.013264]","[0.119999, 0.080000, -0.061432]","[0.001440, 0.040447, -0.042683]","[0.022949, -0.024902, -0.114014]","[-0.011841, 0.012177, -0.056824, 0.998260]","[-0.007843, 0.015839, -0.018036, 0.999664]","[0.040283, 0.044434, 0.044922]","[[0.993286, -0.113770, -0.022949], [0.113159, 0.993286, -0.025085], [0.025635, 0.022278, 0.999451]]",0.993286,"[7914, 8009, 7807, 8054]"
66.967361,"[0.167969, 0.078125, -1.167969]","[0.000603, 0.014182, -0.015010]","[0.150000, 0.059999, -0.044922]","[0.001515, 0.044289, -0.046709]","[0.023682, -0.025635, -0.114014]","[-0.012115, 0.012604, -0.056885, 0.998230]","[-0.006775, 0.018188, -0.018036, 0.999634]","[-0.067871, -0.249512, -0.096924]","[[0.993164, -0.113953, -0.023804], [0.113220, 0.993225, -0.025696], [0.026489, 0.022766, 0.999390]]",0.993164,"[7893, 7976, 7826, 8060]"
67.000557,"[0.167969, 0.078125, -1.171875]","[0.000633, 0.015065, -0.015942]","[0.129999, 0.049999, -0.086847]","[0.001550, 0.046285, -0.048799]","[0.024170, -0.026855, -0.114258]","[-0.012695, 0.012878, -0.056976, 0.998199]","[-0.006287, 0.017334, -0.018066, 0.999664]","[0.243164, 0.051514, 0.062988]","[[0.993103, -0.114136, -0.024292], [0.113403, 0.993103, -0.026917], [0.027100, 0.023865, 0.999268]]",0.993103,"[7946, 7990, 7801, 8089]"
67.066971,"[0.179688, 0.078125, -1.175781]","[0.000759, 0.019009, -0.020097]","[0.139999, 0.070000, -0.168612]","[0.001676, 0.054790, -0.057695]","[0.022705, -0.024902, -0.113770]","[-0.011841, 0.012115, -0.056763, 0.998260]","[-0.006927, 0.018646, -0.018036, 0.999634]","[0.445312, -0.397949, 0.051758]","[[0.993286, -0.113647, -0.022827], [0.113037, 0.993286, -0.025085], [0.025513, 0.022278, 0.999451]]",0.993286,"[7913, 8026, 7800, 8002]"
67.100174,"[0.187500, 0.089844, -1.179688]","[0.000792, 0.020101, -0.021246]","[0.119999, 0.049999, -0.094826]","[0.001702, 0.057045, -0.060051]","[0.024658, -0.026611, -0.113525]","[-0.012604, 0.013153, -0.056580, 0.998230]","[-0.006531, 0.018311, -0.018036, 0.999634]","[-0.481934, 0.234375, -0.048584]","[[0.993225, -0.113342, -0.024841], [0.112610, 0.993225, -0.026733], [0.027649, 0.023682, 0.999268]]",0.993225,"[7895, 8032, 7810, 7963]"
67.133377,"[0.187500, 0.089844, -1.179688]","[0.000859, 0.022419, -0.023686]","[0.129999, 0.019999, -0.139874]","[0.001748, 0.061708, -0.064916]","[0.025879, -0.028076, -0.112305]","[-0.013306, 0.013763, -0.056000, 0.998230]","[-0.004974, 0.018951, -0.018066, 0.999634]","[0.160645, -0.139893, 0.058350]","[[0.993225, -0.112244, -0.026001], [0.111389, 0.993286, -0.028198], [0.028931, 0.025024, 0.999146]]",0.993225,"[7957, 7990, 7804, 8083]"
67.166573,"[0.187500, 0.089844, -1.183594]","[0.000928, 0.024924, -0.026321]","[0.129999, 0.089998, -0.130220]","[0.001783, 0.066575, -0.069991]","[0.026855, -0.027344, -0.111328]","[-0.012939, 0.014160, -0.055511, 0.998291]","[-0.008270, 0.019012, -0.018005, 0.999603]","[-0.111084, 0.312256, 0.003662]","[[0.993469, -0.111267, -0.026855], [0.110413, 0.993530, -0.027466], [0.029663, 0.024292, 0.999268]]",0.993469,"[7913, 7969, 7785, 8040]"
67.199776,"[0.187500, 0.089844, -1.187500]","[0.000963, 0.026249, -0.027713]","[0.109999, 0.039999, -0.131659]","[0.001796, 0.069084, -0.072604]","[0.026611, -0.026855, -0.110840]","[-0.012726, 0.014130, -0.055237, 0.998291]","[-0.005554, 0.017944, -0.018066, 0.999634]","[-0.004883, -0.222412, -0.036865]","[[0.993469, -0.110657, -0.026794], [0.109924, 0.993530, -0.027039], [0.029602, 0.023865, 0.999207]]",0.993469,"[7880, 8003, 7829, 7994]"
67.232979,"[0.207031, 0.089844, -1.187500]","[0.001034, 0.029047, -0.030653]","[0.129999, 0.059999, -0.138664]","[0.001813, 0.074252, -0.077982]","[0.027344, -0.027344, -0.109863]","[-0.012939, 0.014496, -0.054688, 0.998322]","[-0.006439, 0.020142, -0.018036, 0.999603]","[0.083008, 0.341309, 0.043945]","[[0.993591, -0.109619, -0.027527], [0.108765, 0.993652, -0.027466], [0.030334, 0.024292, 0.999268]]",0.993591,"[7937, 7964, 7793, 8020]"
67.26619,"[0.207031, 0.089844, -1.191406]","[0.001105, 0.032052, -0.033808]","[0.089998, 0.039999, -0.147266]","[0.001814, 0.079618, -0.083559]","[0.028564, -0.027832, -0.109131]","[-0.013123, 0.015045, -0.054352, 0.998352]","[-0.005310, 0.018433, -0.018066, 0.999634]","[0.048340, -0.207520, -0.038330]","[[0.993713, -0.109009, -0.028625], [0.108154, 0.993835, -0.027893], [0.031433, 0.024597, 0.999268]]",0.993713,"[7903, 7971, 7814, 8042]"
67.299385,"[0.199219, 0.097656, -1.191406]","[0.001175, 0.035271, -0.037185]","[0.109999, 0.049999, -0.155277]","[0.001800, 0.085181, -0.089334]","[0.028564, -0.027344, -0.108154]","[-0.012878, 0.015076, -0.053802, 0.998383]","[-0.006195, 0.019043, -0.018036, 0.999634]","[0.269775, 0.109375, 0.020020]","[[0.993835, -0.107910, -0.028748], [0.107056, 0.993958, -0.027405], [0.031433, 0.024109, 0.999268]]",0.993835,"[7926, 7974, 7809, 8028]"
67.334549,"[0.207031, 0.097656, -1.195312]","[0.001210, 0.036962, -0.038958]","[0.129999, 0.029999, -0.185955]","[0.001786, 0.088032, -0.092290]","[0.029785, -0.027832, -0.107178]","[-0.013153, 0.015625, -0.053314, 0.998352]","[-0.004883, 0.020660, -0.018066, 0.999603]","[0.160645, -0.373535, 0.051758]","[[0.993713, -0.106934, -0.029846], [0.106079, 0.993896, -0.028015], [0.032532, 0.024597, 0.999084]]",0.993713,"[7919, 7987, 7830, 8066]"
67.36776,"[0.218750, 0.097656, -1.195312]","[0.001280, 0.040515, -0.042681]","[0.080000, 0.049999, -0.155403]","[0.001745, 0.093878, -0.098347]","[0.029785, -0.026855, -0.105713]","[-0.012665, 0.015594, -0.052673, 0.998413]","[-0.005707, 0.018921, -0.018066, 0.999634]","[0.020752, 0.466553, 0.000977]","[[0.993958, -0.105652, -0.029846], [0.104797, 0.994080, -0.026978], [0.032410, 0.023682, 0.999146]]",0.993958,"[7952, 7967, 7812, 8033]"
67.40097,"[0.226562, 0.097656, -1.199219]","[0.001347, 0.044298, -0.046643]","[0.089998, 0.080000, -0.161098]","[0.001683, 0.099907, -0.104584]","[0.031250, -0.027100, -0.104004]","[-0.012695, 0.016296, -0.051758, 0.998444]","[-0.006805, 0.020020, -0.018036, 0.999603]","[-0.255371, 0.179688, 0.010010]","[[0.994080, -0.103821, -0.031250], [0.102966, 0.994263, -0.027100], [0.033813, 0.023682, 0.999084]]",0.99408,"[7915, 7998, 7850, 8006]"
67.434158,"[0.218750, 0.109375, -1.199219]","[0.001379, 0.046279, -0.048717]","[0.099998, 0.059999, -0.204493]","[0.001643, 0.102990, -0.107770]","[0.030273, -0.025879, -0.102295]","[-0.012146, 0.015839, -0.050995, 0.998505]","[-0.006561, 0.020142, -0.018036, 0.999603]","[0.300537, -0.243164, 0.070068]","[[0.994263, -0.102295, -0.030396], [0.101440, 0.994507, -0.025940], [0.032837, 0.022644, 0.999207]]",0.994263,"[7954, 7998, 7842, 8039]"
67.467354,"[0.226562, 0.109375, -1.203125]","[0.001441, 0.050425, -0.053053]","[0.089998, 0.049999, -0.173058]","[0.001548, 0.109289, -0.114272]","[0.030762, -0.026367, -0.101074]","[-0.012360, 0.016083, -0.050323, 0.998535]","[-0.005615, 0.020264, -0.018036, 0.999603]","[-0.183838, 0.096680, 0.058838]","[[0.994446, -0.100952, -0.030884], [0.100098, 0.994629, -0.026367], [0.033325, 0.023071, 0.999146]]",0.994446,"[7961, 7970, 7853, 8014]"
67.500565,"[0.226562, 0.109375, -1.207031]","[0.001500, 0.054821, -0.057647]","[0.099998, 0.059999, -0.182579]","[0.001427, 0.115760, -0.120943]","[0.030762, -0.026367, -0.099854]","[-0.012451, 0.016083, -0.049774, 0.998566]","[-0.005981, 0.020874, -0.018036, 0.999573]","[0.140869, -0.084473, 0.020020]","[[0.994568, -0.099854, -0.030884], [0.098999, 0.994751, -0.026550], [0.033325, 0.023254, 0.999207]]",0.994568,"[7969, 7962, 7830, 8032]"
67.533768,"[0.238281, 0.109375, -1.210938]","[0.001553, 0.059472, -0.062504]","[0.080000, 0.039999, -0.179506]","[0.001280, 0.122397, -0.127773]","[0.031494, -0.025879, -0.098877]","[-0.012207, 0.016449, -0.049225, 0.998566]","[-0.004517, 0.020782, -0.018066, 0.999603]","[-0.092529, 0.126953, 0.048096]","[[0.994507, -0.098755, -0.031677], [0.097900, 0.994751, -0.026062], [0.033997, 0.022766, 0.999084]]",0.994507,"[7962, 7979, 7831, 8033]"
67.566963,"[0.238281, 0.109375, -1.210938]","[0.001577, 0.061896, -0.065035]","[0.070000, 0.039999, -0.184032]","[0.001195, 0.125777, -0.131247]","[0.031494, -0.025391, -0.097900]","[-0.011871, 0.016418, -0.048798, 0.998596]","[-0.004395, 0.020416, -0.018066, 0.999603]","[0.084473, -0.219238, 0.010010]","[[0.994629, -0.097900, -0.031677], [0.097046, 0.994873, -0.025391], [0.033875, 0.022095, 0.999146]]",0.994629,"[7928, 8001, 7872, 8030]"
67.600189,"[0.238281, 0.109375, -1.210938]","[0.001620, 0.066941, -0.070297]","[0.070000, 0.049999, -0.172026]","[0.001005, 0.132649, -0.138302]","[0.032227, -0.025391, -0.097168]","[-0.011871, 0.016693, -0.048431, 0.998627]","[-0.004517, 0.020538, -0.018066, 0.999603]","[-0.109375, 0.319092, 0.000000]","[[0.994751, -0.097168, -0.032227], [0.096313, 0.995056, -0.025391], [0.034424, 0.022095, 0.999146]]",0.994751,"[7984, 7976, 7850, 8034]"
67.633377,"[0.238281, 0.117188, -1.214844]","[0.001655, 0.072261, -0.075841]","[0.070000, 0.039999, -0.205847]","[0.000782, 0.139676, -0.145504]","[0.032227, -0.025146, -0.096436]","[-0.011780, 0.016785, -0.048035, 0.998627]","[-0.004395, 0.020660, -0.018066, 0.999603]","[0.129639, -0.486328, 0.006836]","[[0.994751, -0.096375, -0.032410], [0.095520, 0.995056, -0.025208], [0.034607, 0.021912, 0.999084]]",0.994751,"[7973, 8010, 7871, 8085]"
67.666573,"[0.238281, 0.117188, -1.218750]","[0.001669, 0.075022, -0.078717]","[0.059999, 0.039999, -0.149845]","[0.000659, 0.143241, -0.149153]","[0.032959, -0.024658, -0.095459]","[-0.011536, 0.017120, -0.047577, 0.998627]","[-0.003906, 0.020294, -0.018097, 0.999603]","[0.037598, 0.347900, 0.060303]","[[0.994751, -0.095459, -0.033142], [0.094604, 0.995056, -0.024719], [0.035217, 0.021423, 0.999023]]",0.994751,"[7983, 7967, 7855, 8074]"
67.699776,"[0.250000, 0.117188, -1.222656]","[0.001689, 0.080759, -0.084687]","[0.070000, 0.029999, -0.189606]","[0.000387, 0.150479, -0.156551]","[0.032715, -0.024170, -0.094727]","[-0.011322, 0.016998, -0.047180, 0.998688]","[-0.002930, 0.021545, -0.018097, 0.999573]","[-0.040527, 0.087646, 0.060303]","[[0.994995, -0.094666, -0.032898], [0.093811, 0.995300, -0.024292], [0.034973, 0.020996, 0.999146]]",0.994995,"[7960, 8027, 7850, 8047]"
67.73494,"[0.250000, 0.117188, -1.226562]","[0.001699, 0.086781, -0.090950]","[0.049999, 0.080000, -0.204426]","[0.000078, 0.157851, -0.164071]","[0.031250, -0.021729, -0.093994]","[-0.010162, 0.016144, -0.046783, 0.998749]","[-0.005005, 0.020782, -0.018066, 0.999603]","[-0.178711, 0.428223, 0.002686]","[[0.995178, -0.093872, -0.031311], [0.093140, 0.995483, -0.021851], [0.033142, 0.018799, 0.999329]]",0.995178,"[7975, 8072, 7835, 8039]"
67.768135,"[0.250000, 0.117188, -1.234375]","[0.001695, 0.093093, -0.097508]","[0.070000, 0.059999, -0.223669]","[-0.000269, 0.165346, -0.171703]","[0.030762, -0.021240, -0.093018]","[-0.009857, 0.015900, -0.046356, 0.998749]","[-0.003784, 0.021759, -0.018066, 0.999573]","[0.061523, -0.172363, 0.004639]","[[0.995178, -0.093018, -0.030884], [0.092285, 0.995483, -0.021240], [0.032593, 0.018188, 0.999268]]",0.995178,"[7977, 8052, 7868, 7994]"
67.801346,"[0.250000, 0.128906, -1.238281]","[0.001688, 0.096359, -0.100898]","[0.059999, 0.039999, -0.234875]","[-0.000457, 0.169136, -0.175557]","[0.031250, -0.021973, -0.092529]","[-0.010223, 0.016174, -0.046051, 0.998749]","[-0.003052, 0.021545, -0.018097, 0.999573]","[0.047852, 0.004150, -0.010742]","[[0.995178, -0.092407, -0.031372], [0.091675, 0.995483, -0.021973], [0.033203, 0.018921, 0.999207]]",0.995178,"[8006, 7999, 7828, 8043]"
67.834564,"[0.250000, 0.128906, -1.242188]","[0.001662, 0.103115, -0.107907]","[0.049999, 0.039999, -0.232580]","[-0.000864, 0.176804, -0.183340]","[0.031982, -0.022217, -0.092041]","[-0.010437, 0.016541, -0.045837, 0.998749]","[-0.002563, 0.021179, -0.018097, 0.999603]","[-0.089844, -0.054688, 0.036865]","[[0.995178, -0.091980, -0.032104], [0.091248, 0.995483, -0.022400], [0.033936, 0.019348, 0.999146]]",0.995178,"[7993, 7975, 7840, 8074]"
67.867744,"[0.250000, 0.128906, -1.246094]","[0.001620, 0.110174, -0.115224]","[0.049999, 0.059999, -0.244917]","[-0.001314, 0.184578, -0.191215]","[0.031982, -0.020752, -0.091797]","[-0.009674, 0.016510, -0.045685, 0.998749]","[-0.003174, 0.021301, -0.018097, 0.999603]","[0.147217, 0.035889, -0.025146]","[[0.995178, -0.091675, -0.032104], [0.090942, 0.995483, -0.020874], [0.033813, 0.017822, 0.999146]]",0.995178,"[7989, 8016, 7841, 8045]"
67.900948,"[0.250000, 0.128906, -1.250000]","[0.001592, 0.113817, -0.118997]","[0.029999, 0.039999, -0.257448]","[-0.001556, 0.188501, -0.195182]","[0.032227, -0.020508, -0.091309]","[-0.009583, 0.016602, -0.045532, 0.998779]","[-0.001709, 0.020355, -0.018127, 0.999603]","[-0.104248, -0.007812, 0.028564]","[[0.995300, -0.091370, -0.032288], [0.090637, 0.995667, -0.020691], [0.033997, 0.017639, 0.999207]]",0.9953,"[7974, 8023, 7865, 8016]"
67.936104,"[0.257812, 0.136719, -1.253906]","[0.001521, 0.121335, -0.126777]","[0.039999, 0.059999, -0.228615]","[-0.002074, 0.196415, -0.203172]","[0.031494, -0.020508, -0.091309]","[-0.009583, 0.016266, -0.045471, 0.998779]","[-0.002563, 0.021545, -0.018097, 0.999573]","[-0.135010, 0.351562, -0.006348]","[[0.995300, -0.091248, -0.031616], [0.090515, 0.995605, -0.020691], [0.033325, 0.017639, 0.999207]]",0.9953,"[8013, 7981, 7831, 8012]"
67.969307,"[0.257812, 0.136719, -1.257812]","[0.001429, 0.129167, -0.134874]","[0.019999, 0.049999, -0.232098]","[-0.002639, 0.204416, -0.211229]","[0.031494, -0.020264, -0.091064]","[-0.009399, 0.016235, -0.045410, 0.998779]","[-0.001587, 0.020721, -0.018127, 0.999603]","[0.154785, -0.537842, 0.003662]","[[0.995239, -0.091125, -0.031616], [0.090393, 0.995605, -0.020325], [0.033203, 0.017273, 0.999207]]",0.995239,"[7978, 8017, 7863, 8078]"
68.035713,"[0.257812, 0.136719, -1.269531]","[0.001248, 0.141494, -0.147602]","[0.029999, 0.070000, -0.191786]","[-0.003580, 0.216546, -0.223407]","[0.031006, -0.018555, -0.091064]","[-0.008545, 0.015930, -0.045410, 0.998810]","[-0.001587, 0.021332, -0.018127, 0.999603]","[-0.035645, 0.074951, 0.032715]","[[0.995361, -0.091064, -0.031067], [0.090454, 0.995728, -0.018555], [0.032532, 0.015625, 0.999329]]",0.995361,"[8019, 8072, 7891, 8086]"
68.068932,"[0.257812, 0.148438, -1.273438]","[0.001094, 0.150112, -0.156489]","[0.019999, 0.059999, -0.222036]","[-0.004272, 0.224714, -0.231581]","[0.029541, -0.017578, -0.090576]","[-0.008118, 0.015259, -0.045166, 0.998810]","[-0.001343, 0.021088, -0.018127, 0.999603]","[0.187744, -0.306396, 0.004639]","[[0.995361, -0.090576, -0.029724], [0.089966, 0.995667, -0.017639], [0.031189, 0.014832, 0.999268]]",0.995361,"[8028, 8099, 7874, 8076]"
68.13533,"[0.269531, 0.148438, -1.281250]","[0.000811, 0.163642, -0.170420]","[0.019999, 0.070000, -0.235153]","[-0.005412, 0.237064, -0.243897]","[0.029297, -0.017822, -0.090088]","[-0.008301, 0.015106, -0.044952, 0.998840]","[-0.000519, 0.022064, -0.018158, 0.999573]","[0.096680, -0.104736, -0.031494]","[[0.995483, -0.090149, -0.029419], [0.089539, 0.995789, -0.018005], [0.030884, 0.015198, 0.999390]]",0.995483,"[8048, 8073, 7873, 8091]"
68.168526,"[0.269531, 0.148438, -1.292969]","[0.000584, 0.173062, -0.180106]","[0.009998, 0.070000, -0.262716]","[-0.006242, 0.245345, -0.252125]","[0.029541, -0.017090, -0.090088]","[-0.007935, 0.015228, -0.044891, 0.998871]","[0.000000, 0.021729, -0.018158, 0.999573]","[-0.085938, 0.055664, 0.019287]","[[0.995605, -0.089966, -0.029724], [0.089478, 0.995911, -0.017273], [0.031067, 0.014465, 0.999512]]",0.995605,"[8037, 8072, 7880, 8063]"
68.201736,"[0.269531, 0.156250, -1.300781]","[0.000323, 0.182810, -0.190118]","[0.019999, 0.080000, -0.280941]","[-0.007131, 0.253659, -0.260361]","[0.029053, -0.016602, -0.089844]","[-0.007629, 0.014893, -0.044861, 0.998871]","[-0.000275, 0.022308, -0.018158, 0.999573]","[0.101074, -0.131836, -0.018555]","[[0.995544, -0.089905, -0.029053], [0.089417, 0.995911, -0.016602], [0.030396, 0.013916, 0.999451]]",0.995544,"[8031, 8067, 7857, 8062]"
68.236885,"[0.269531, 0.156250, -1.304688]","[0.000026, 0.192879, -0.200447]","[0.009998, 0.029999, -0.290939]","[-0.008079, 0.261990, -0.268588]","[0.029541, -0.016846, -0.089844]","[-0.007721, 0.015198, -0.044861, 0.998871]","[0.002747, 0.022003, -0.018219, 0.999573]","[0.047852, -0.310059, -0.008545]","[[0.995544, -0.089905, -0.029663], [0.089417, 0.995911, -0.016846], [0.031006, 0.014038, 0.999451]]",0.995544,"[8003, 8044, 7878, 8058]"
68.270088,"[0.257812, 0.156250, -1.312500]","[-0.000137, 0.198039, -0.205735]","[0.000000, 0.089998, -0.304058]","[-0.008576, 0.266163, -0.272699]","[0.029297, -0.016357, -0.089844]","[-0.007507, 0.015045, -0.044830, 0.998871]","[0.000580, 0.020874, -0.018158, 0.999603]","[-0.026123, 0.277588, -0.008545]","[[0.995544, -0.089844, -0.029358], [0.089355, 0.995911, -0.016418], [0.030701, 0.013611, 0.999451]]",0.995544,"[8046, 8030, 7846, 8069]"
68.303299,"[0.269531, 0.167969, -1.316406]","[-0.000492, 0.208597, -0.216545]","[0.000000, 0.080000, -0.278307]","[-0.009618, 0.274509, -0.280898]","[0.029297, -0.014648, -0.089600]","[-0.006714, 0.014984, -0.044739, 0.998871]","[0.001068, 0.021606, -0.018188, 0.999573]","[-0.231201, 0.471680, 0.072510]","[[0.995544, -0.089661, -0.029358], [0.089172, 0.995911, -0.014771], [0.030457, 0.012085, 0.999451]]",0.995544,"[7990, 8063, 7873, 8047]"
68.369705,"[0.269531, 0.167969, -1.335938]","[-0.001104, 0.225048, -0.233363]","[0.000000, 0.059999, -0.328543]","[-0.011300, 0.287023, -0.293137]","[0.025879, -0.012207, -0.088867]","[-0.005524, 0.013214, -0.044342, 0.998901]","[0.003235, 0.022034, -0.018219, 0.999573]","[-0.188721, 0.294678, 0.064209]","[[0.995605, -0.088806, -0.025879], [0.088440, 0.995911, -0.012268], [0.026855, 0.009827, 0.999512]]",0.995605,"[8038, 8157, 7827, 7960]"
68.402901,"[0.269531, 0.179688, -1.343750]","[-0.001569, 0.236423, -0.244972]","[-0.019999, 0.119999, -0.358946]","[-0.012504, 0.295348, -0.301240]","[0.027344, -0.013184, -0.088135]","[-0.006042, 0.014038, -0.044037, 0.998901]","[0.000458, 0.021118, -0.018158, 0.999603]","[0.179199, -0.209717, -0.010254]","[[0.995667, -0.088196, -0.027527], [0.087830, 0.995972, -0.013367], [0.028503, 0.010803, 0.999451]]",0.995667,"[8043, 7998, 7826, 8107]"
68.436104,"[0.269531, 0.179688, -1.351562]","[-0.002082, 0.248124, -0.256899]","[0.000000, 0.080000, -0.369677]","[-0.013777, 0.303650, -0.309288]","[0.028564, -0.012207, -0.087646]","[-0.005524, 0.014587, -0.043732, 0.998901]","[0.003235, 0.022278, -0.018219, 0.999573]","[-0.140869, 0.103027, 0.034424]","[[0.995605, -0.087585, -0.028687], [0.087219, 0.995972, -0.012329], [0.029541, 0.009766, 0.999390]]",0.995605,"[7990, 8022, 7866, 8030]"
68.469322,"[0.257812, 0.179688, -1.359375]","[-0.002357, 0.254093, -0.262976]","[-0.019999, 0.070000, -0.381199]","[-0.014438, 0.307787, -0.313286]","[0.028320, -0.012695, -0.087158]","[-0.005768, 0.014465, -0.043488, 0.998932]","[0.004486, 0.020691, -0.018250, 0.999603]","[0.083984, -0.130371, -0.004395]","[[0.995789, -0.087097, -0.028381], [0.086731, 0.996094, -0.012817], [0.029358, 0.010254, 0.999451]]",0.995789,"[8032, 8035, 7827, 8061]"
68.50251,"[0.269531, 0.187500, -1.371094]","[-0.002948, 0.266277, -0.275370]","[-0.009998, 0.099998, -0.404911]","[-0.015814, 0.316033, -0.321229]","[0.028564, -0.011719, -0.086670]","[-0.005280, 0.014587, -0.043304, 0.998932]","[0.003357, 0.022034, -0.018219, 0.999573]","[-0.029297, 0.186523, 0.041260]","[[0.995728, -0.086731, -0.028687], [0.086365, 0.996094, -0.011841], [0.029541, 0.009277, 0.999451]]",0.995728,"[8026, 8012, 7823, 8039]"
68.535713,"[0.257812, 0.187500, -1.378906]","[-0.003594, 0.278785, -0.288074]","[-0.029999, 0.080000, -0.427679]","[-0.017261, 0.324236, -0.329094]","[0.028564, -0.010986, -0.086182]","[-0.004883, 0.014526, -0.043030, 0.998962]","[0.005096, 0.020844, -0.018280, 0.999573]","[0.142578, -0.337891, -0.020264]","[[0.995850, -0.086182, -0.028625], [0.085815, 0.996216, -0.011047], [0.029358, 0.008484, 0.999512]]",0.99585,"[8020, 8030, 7817, 8020]"
68.568916,"[0.269531, 0.199219, -1.386719]","[-0.004297, 0.291607, -0.301079]","[-0.019999, 0.109999, -0.418716]","[-0.018780, 0.332381, -0.336866]","[0.029785, -0.010742, -0.085693]","[-0.004730, 0.015137, -0.042786, 0.998962]","[0.003601, 0.022156, -0.018250, 0.999573]","[-0.138184, 0.396240, 0.034912]","[[0.995850, -0.085693, -0.029846], [0.085327, 0.996277, -0.010803], [0.030579, 0.008118, 0.999451]]",0.99585,"[8028, 7972, 7823, 8036]"
68.602135,"[0.269531, 0.199219, -1.394531]","[-0.004672, 0.298138, -0.307696]","[-0.019999, 0.089998, -0.423172]","[-0.019567, 0.336431, -0.340716]","[0.030518, -0.009766, -0.085449]","[-0.004211, 0.015533, -0.042694, 0.998962]","[0.005554, 0.022186, -0.018280, 0.999542]","[0.053223, -0.164307, 0.011719]","[[0.995850, -0.085510, -0.030701], [0.085144, 0.996277, -0.009766], [0.031311, 0.007080, 0.999451]]",0.99585,"[7951, 8002, 7856, 8033]"
68.635323,"[0.269531, 0.199219, -1.402344]","[-0.005468, 0.311438, -0.321154]","[-0.029999, 0.089998, -0.428036]","[-0.021197, 0.344478, -0.348336]","[0.028809, -0.009033, -0.085449]","[-0.003967, 0.014587, -0.042725, 0.998993]","[0.006165, 0.021942, -0.018311, 0.999542]","[0.046631, 0.116455, -0.071777]","[[0.995972, -0.085510, -0.028809], [0.085266, 0.996338, -0.009216], [0.029419, 0.006653, 0.999573]]",0.995972,"[8046, 8040, 7799, 8002]"
68.670479,"[0.257812, 0.199219, -1.414062]","[-0.006329, 0.325053, -0.334911]","[-0.029999, 0.129999, -0.449043]","[-0.022903, 0.352452, -0.355844]","[0.029785, -0.008545, -0.084717]","[-0.003723, 0.015106, -0.042267, 0.998962]","[0.005463, 0.021332, -0.018280, 0.999573]","[0.123291, -0.233643, 0.027832]","[[0.995850, -0.084595, -0.029846], [0.084351, 0.996277, -0.008728], [0.030457, 0.006165, 0.999390]]",0.99585,"[8005, 7994, 7821, 8050]"
68.70369,"[0.257812, 0.199219, -1.421875]","[-0.006785, 0.331973, -0.341895]","[-0.029999, 0.109999, -0.438274]","[-0.023783, 0.356405, -0.359551]","[0.029541, -0.006836, -0.084229]","[-0.002869, 0.014923, -0.042053, 0.999023]","[0.007294, 0.021484, -0.018311, 0.999573]","[-0.028809, 0.067871, -0.012695]","[[0.996094, -0.084167, -0.029602], [0.083923, 0.996521, -0.007019], [0.029968, 0.004456, 0.999573]]",0.996094,"[8016, 8023, 7838, 8007]"
68.736893,"[0.257812, 0.207031, -1.433594]","[-0.007749, 0.346051, -0.356086]","[-0.049999, 0.129999, -0.450394]","[-0.025603, 0.364251, -0.366874]","[0.030029, -0.007812, -0.083740]","[-0.003357, 0.015167, -0.041779, 0.999023]","[0.006683, 0.020752, -0.018311, 0.999573]","[-0.040527, -0.027100, 0.048584]","[[0.996094, -0.083618, -0.030029], [0.083374, 0.996521, -0.007996], [0.030518, 0.005432, 0.999573]]",0.996094,"[8038, 7987, 7814, 8041]"
68.770096,"[0.257812, 0.207031, -1.441406]","[-0.008786, 0.360428, -0.370555]","[-0.029999, 0.109999, -0.453732]","[-0.027499, 0.371998, -0.374059]","[0.030029, -0.006592, -0.083252]","[-0.002716, 0.015137, -0.041626, 0.999023]","[0.008484, 0.021881, -0.018341, 0.999542]","[0.083984, -0.055908, 0.001465]","[[0.996094, -0.083313, -0.030029], [0.083069, 0.996521, -0.006714], [0.030396, 0.004150, 0.999512]]",0.996094,"[7991, 8001, 7830, 8026]"
68.803291,"[0.257812, 0.218750, -1.449219]","[-0.009899, 0.375112, -0.385307]","[-0.039999, 0.119999, -0.472692]","[-0.029475, 0.379645, -0.381105]","[0.030273, -0.005859, -0.082764]","[-0.002289, 0.015259, -0.041382, 0.999023]","[0.008514, 0.021393, -0.018341, 0.999542]","[0.018066, -0.054688, 0.057129]","[[0.996094, -0.082825, -0.030273], [0.082581, 0.996521, -0.005859], [0.030640, 0.003296, 0.999512]]",0.996094,"[8025, 7987, 7820, 8025]"
68.838463,"[0.257812, 0.218750, -1.460938]","[-0.010484, 0.382561, -0.392782]","[-0.049999, 0.150000, -0.477736]","[-0.030491, 0.383426, -0.384569]","[0.030518, -0.004883, -0.082031]","[-0.001801, 0.015411, -0.041046, 0.999054]","[0.007782, 0.021118, -0.018311, 0.999573]","[0.006348, 0.222656, 0.021973]","[[0.996216, -0.082092, -0.030640], [0.081970, 0.996643, -0.004883], [0.030884, 0.002319, 0.999573]]",0.996216,"[8017, 7986, 7848, 8026]"
68.871651,"[0.250000, 0.226562, -1.468750]","[-0.011716, 0.397685, -0.407938]","[-0.049999, 0.119999, -0.441792]","[-0.032585, 0.390904, -0.391384]","[0.029785, -0.003906, -0.081299]","[-0.001312, 0.015045, -0.040680, 0.999054]","[0.009857, 0.020813, -0.018372, 0.999542]","[-0.065186, 0.160400, 0.069336]","[[0.996216, -0.081360, -0.029968], [0.081238, 0.996643, -0.003906], [0.030090, 0.001343, 0.999512]]",0.996216,"[8019, 8012, 7834, 8012]"
68.904854,"[0.250000, 0.226562, -1.476562]","[-0.013031, 0.413101, -0.423359]","[-0.059999, 0.160000, -0.464863]","[-0.034760, 0.398262, -0.398038]","[0.027588, -0.002930, -0.080566]","[-0.000977, 0.013855, -0.040283, 0.999115]","[0.008881, 0.020538, -0.018341, 0.999573]","[-0.003174, 0.090332, -0.026123]","[[0.996460, -0.080566, -0.027588], [0.080444, 0.996826, -0.003113], [0.027710, 0.000793, 0.999695]]",0.99646,"[8058, 7986, 7795, 8015]"
68.938057,"[0.250000, 0.238281, -1.488281]","[-0.013721, 0.420916, -0.431166]","[-0.049999, 0.129999, -0.508228]","[-0.035877, 0.401893, -0.401301]","[0.027100, -0.001953, -0.079834]","[-0.000519, 0.013672, -0.039978, 0.999115]","[0.010712, 0.021423, -0.018402, 0.999542]","[0.134521, -0.164795, 0.081543]","[[0.996460, -0.079956, -0.027283], [0.079834, 0.996826, -0.002136], [0.027283, -0.000061, 0.999634]]",0.99646,"[8028, 8016, 7820, 7999]"
