t,p,p_d,v,v_d,Angles,q,q_sp,w,R,T_sp,rpm
43.625324,"[-0.007812, 0.078125, -1.218750]","[-0.000000, 0.000000, -0.000000]","[0.000000, 0.019999, -0.018707]","[-0.000002, 0.000001, -0.000001]","[0.008301, -0.029541, -0.054199]","[-0.014679, 0.004669, -0.027069, 0.999512]","[-0.000671, -0.001221, -0.026703, 0.999634]","[0.113037, -0.352783, -0.076416]","[[0.998474, -0.054321, -0.008484], [0.053955, 0.998047, -0.029663], [0.010071, 0.029053, 0.999512]]",0.998474,"[7947, 7847, 7837, 7971]"
43.648762,"[-0.007812, 0.078125, -1.218750]","[-0.000000, 0.000000, -0.000000]","[0.009998, 0.009998, -0.027136]","[-0.000011, 0.000005, -0.000005]","[0.005371, -0.027100, -0.054932]","[-0.013550, 0.003082, -0.027496, 0.999512]","[-0.000702, -0.000732, -0.026703, 0.999634]","[0.223877, -0.524658, -0.039795]","[[0.998413, -0.055115, -0.005371], [0.054871, 0.998047, -0.027283], [0.006836, 0.026917, 0.999512]]",0.998413,"[7955, 7902, 7852, 7929]"
43.681965,"[-0.007812, 0.078125, -1.218750]","[-0.000001, 0.000000, -0.000000]","[0.009998, 0.029999, -0.043486]","[-0.000036, 0.000016, -0.000015]","[0.000977, -0.023682, -0.056396]","[-0.011902, 0.000916, -0.028168, 0.999512]","[-0.001556, -0.000641, -0.026703, 0.999634]","[0.122803, 0.106201, -0.006104]","[[0.998291, -0.056396, -0.001160], [0.056274, 0.998047, -0.023865], [0.002380, 0.023743, 0.999573]]",0.998291,"[7979, 7970, 7789, 7833]"
43.715168,"[-0.007812, 0.078125, -1.218750]","[-0.000004, 0.000002, -0.000002]","[0.009998, 0.009998, -0.036791]","[-0.000174, 0.000080, -0.000073]","[-0.000244, -0.025391, -0.057861]","[-0.012726, 0.000244, -0.028931, 0.999512]","[-0.000580, -0.000610, -0.026703, 0.999634]","[-0.230957, 0.004639, -0.096680]","[[0.998352, -0.057922, 0.000305], [0.057800, 0.998047, -0.025513], [0.001160, 0.025391, 0.999695]]",0.998352,"[7955, 7874, 7781, 7898]"
43.750324,"[0.000000, 0.078125, -1.214844]","[-0.000017, 0.000008, -0.000007]","[0.009998, 0.029999, -0.013859]","[-0.000528, 0.000245, -0.000224]","[-0.002441, -0.024170, -0.059326]","[-0.012115, -0.000977, -0.029724, 0.999481]","[-0.001556, -0.000275, -0.026703, 0.999634]","[0.033203, 0.225830, 0.011475]","[[0.998169, -0.059448, 0.002625], [0.059448, 0.997925, -0.024231], [-0.001282, 0.024231, 0.999634]]",0.998169,"[7977, 7876, 7781, 7930]"
43.783531,"[0.000000, 0.078125, -1.214844]","[-0.000050, 0.000023, -0.000021]","[0.009998, 0.019999, 0.002800]","[-0.001241, 0.000577, -0.000526]","[-0.004395, -0.023193, -0.061523]","[-0.011688, -0.001953, -0.030762, 0.999451]","[-0.001068, -0.000244, -0.026703, 0.999634]","[-0.140869, 0.070068, -0.049316]","[[0.998047, -0.061523, 0.004578], [0.061523, 0.997803, -0.023315], [-0.003235, 0.023438, 0.999695]]",0.998047,"[7956, 7902, 7784, 7940]"
43.81673,"[0.000000, 0.078125, -1.214844]","[-0.000079, 0.000037, -0.000034]","[0.019999, 0.019999, -0.002352]","[-0.001783, 0.000829, -0.000755]","[-0.007812, -0.021240, -0.062988]","[-0.010712, -0.003601, -0.031525, 0.999420]","[-0.001099, 0.000336, -0.026703, 0.999634]","[0.438721, -0.814209, -0.073730]","[[0.997864, -0.062988, 0.007874], [0.063110, 0.997681, -0.021240], [-0.006531, 0.021606, 0.999634]]",0.997864,"[7956, 7894, 7768, 7928]"
43.849934,"[0.000000, 0.089844, -1.210938]","[-0.000177, 0.000082, -0.000075]","[0.029999, 0.039999, -0.006704]","[-0.003343, 0.001558, -0.001418]","[-0.007324, -0.019775, -0.064453]","[-0.010010, -0.003448, -0.032318, 0.999420]","[-0.002808, 0.000763, -0.026703, 0.999634]","[-0.425781, 0.555176, -0.089111]","[[0.997864, -0.064575, 0.007507], [0.064697, 0.997681, -0.019836], [-0.006287, 0.020203, 0.999756]]",0.997864,"[7946, 7992, 7815, 7883]"
43.883141,"[0.000000, 0.089844, -1.210938]","[-0.000351, 0.000163, -0.000149]","[0.029999, 0.029999, -0.036261]","[-0.005697, 0.002662, -0.002418]","[-0.010010, -0.020264, -0.066162]","[-0.010345, -0.004700, -0.033203, 0.999390]","[-0.002319, 0.000885, -0.026703, 0.999634]","[-0.087891, -0.003662, -0.083984]","[[0.997742, -0.066345, 0.010071], [0.066467, 0.997559, -0.020386], [-0.008728, 0.020996, 0.999756]]",0.997742,"[7974, 7965, 7796, 7959]"
43.918297,"[0.000000, 0.089844, -1.214844]","[-0.000635, 0.000296, -0.000269]","[0.039999, 0.049999, -0.034027]","[-0.009031, 0.004231, -0.003838]","[-0.009766, -0.020752, -0.067871]","[-0.010559, -0.004639, -0.034058, 0.999359]","[-0.003326, 0.001495, -0.026703, 0.999634]","[-0.344238, 0.348877, -0.072266]","[[0.997620, -0.068054, 0.009949], [0.068176, 0.997437, -0.020813], [-0.008606, 0.021423, 0.999756]]",0.99762,"[7953, 7933, 7773, 7931]"
43.951496,"[0.000000, 0.089844, -1.214844]","[-0.000831, 0.000388, -0.000353]","[0.029999, 0.039999, 0.032202]","[-0.011125, 0.005219, -0.004730]","[-0.009766, -0.021973, -0.070312]","[-0.011139, -0.004517, -0.035217, 0.999298]","[-0.002808, 0.000763, -0.026703, 0.999634]","[0.016357, -0.006348, -0.067383]","[[0.997437, -0.070374, 0.009766], [0.070496, 0.997192, -0.021973], [-0.008301, 0.022583, 0.999634]]",0.997437,"[7948, 7924, 7768, 7940]"
43.984699,"[0.000000, 0.089844, -1.218750]","[-0.001362, 0.000638, -0.000579]","[0.049999, 0.039999, 0.017593]","[-0.016286, 0.007660, -0.006931]","[-0.009277, -0.022217, -0.072021]","[-0.011322, -0.004242, -0.036102, 0.999268]","[-0.002960, 0.001862, -0.026703, 0.999634]","[0.133789, 0.090332, -0.072266]","[[0.997314, -0.072144, 0.009277], [0.072266, 0.997070, -0.022339], [-0.007690, 0.022949, 0.999634]]",0.997314,"[7977, 7915, 7782, 7966]"
44.017918,"[0.000000, 0.089844, -1.218750]","[-0.002123, 0.000996, -0.000902]","[0.059999, 0.049999, 0.041361]","[-0.022890, 0.010796, -0.009752]","[-0.008545, -0.022217, -0.074463]","[-0.011322, -0.003876, -0.037323, 0.999237]","[-0.003357, 0.002472, -0.026703, 0.999634]","[-0.192627, -0.071289, -0.129639]","[[0.997192, -0.074585, 0.008545], [0.074707, 0.996948, -0.022400], [-0.006958, 0.022888, 0.999695]]",0.997192,"[7956, 7953, 7819, 7950]"
44.051102,"[0.007812, 0.089844, -1.214844]","[-0.002607, 0.001224, -0.001109]","[0.049999, 0.039999, 0.020117]","[-0.026788, 0.012652, -0.011419]","[-0.009033, -0.022705, -0.076904]","[-0.011536, -0.004150, -0.038483, 0.999207]","[-0.002869, 0.002594, -0.026703, 0.999634]","[0.224854, -0.100098, -0.006836]","[[0.997070, -0.076843, 0.009155], [0.076965, 0.996826, -0.022766], [-0.007446, 0.023376, 0.999756]]",0.99707,"[7991, 7963, 7769, 8000]"
44.086258,"[0.019531, 0.097656, -1.218750]","[-0.003825, 0.001801, -0.001628]","[0.049999, 0.070000, 0.026413]","[-0.035878, 0.016994, -0.015312]","[-0.008545, -0.022461, -0.079346]","[-0.011444, -0.003906, -0.039795, 0.999146]","[-0.004852, 0.003387, -0.026703, 0.999603]","[-0.008789, -0.173340, -0.110596]","[[0.996826, -0.079468, 0.008667], [0.079590, 0.996582, -0.022583], [-0.006958, 0.023193, 0.999695]]",0.996826,"[7968, 7954, 7801, 7957]"
44.11948,"[0.019531, 0.097656, -1.218750]","[-0.005434, 0.002564, -0.002316]","[0.059999, 0.049999, 0.023525]","[-0.046819, 0.022243, -0.020004]","[-0.008545, -0.022217, -0.082031]","[-0.011261, -0.003876, -0.041077, 0.999084]","[-0.003754, 0.004028, -0.026703, 0.999603]","[0.256836, 0.132812, -0.053467]","[[0.996582, -0.082031, 0.008667], [0.082153, 0.996338, -0.022217], [-0.006836, 0.022827, 0.999695]]",0.996582,"[7965, 7986, 7795, 7958]"
44.152664,"[0.019531, 0.097656, -1.218750]","[-0.007509, 0.003551, -0.003203]","[0.109999, 0.049999, 0.068029]","[-0.059739, 0.028470, -0.025555]","[-0.005127, -0.024658, -0.084717]","[-0.012451, -0.002075, -0.042358, 0.999023]","[-0.003937, 0.006714, -0.026672, 0.999603]","[-0.436279, 0.469727, -0.076416]","[[0.996399, -0.084656, 0.005188], [0.084656, 0.996094, -0.024780], [-0.003113, 0.025024, 0.999634]]",0.996399,"[7976, 7938, 7816, 8029]"
44.185871,"[0.019531, 0.097656, -1.214844]","[-0.008745, 0.004141, -0.003732]","[0.049999, 0.070000, 0.044630]","[-0.066977, 0.031970, -0.028670]","[-0.006836, -0.023193, -0.087158]","[-0.011780, -0.002960, -0.043671, 0.998993]","[-0.004730, 0.003998, -0.026703, 0.999603]","[0.440918, -0.611816, -0.104004]","[[0.996216, -0.087219, 0.006897], [0.087341, 0.995972, -0.023315], [-0.004944, 0.023804, 0.999756]]",0.996216,"[8026, 8024, 7809, 8046]"
44.221024,"[0.019531, 0.109375, -1.222656]","[-0.011669, 0.005539, -0.004984]","[0.080000, 0.059999, 0.039341]","[-0.083078, 0.039785, -0.035606]","[-0.004150, -0.023193, -0.089600]","[-0.011749, -0.001587, -0.044830, 0.998901]","[-0.004791, 0.005707, -0.026672, 0.999603]","[-0.223877, 0.126465, -0.047607]","[[0.995850, -0.089600, 0.004211], [0.089600, 0.995605, -0.023376], [-0.002136, 0.023621, 0.999573]]",0.99585,"[7926, 8032, 7864, 8039]"
44.254238,"[0.019531, 0.109375, -1.222656]","[-0.015265, 0.007264, -0.006526]","[0.119999, 0.059999, -0.004763]","[-0.101406, 0.048728, -0.043519]","[-0.004639, -0.022949, -0.091309]","[-0.011597, -0.001801, -0.045624, 0.998871]","[-0.004730, 0.008026, -0.026672, 0.999573]","[0.388184, -0.153320, 0.068604]","[[0.995728, -0.091187, 0.004639], [0.091187, 0.995483, -0.023071], [-0.002563, 0.023315, 0.999634]]",0.995728,"[7999, 8016, 7814, 8075]"
44.28743,"[0.027344, 0.109375, -1.222656]","[-0.017342, 0.008263, -0.007418]","[0.099998, 0.059999, 0.009130]","[-0.111424, 0.053634, -0.047850]","[-0.002441, -0.023926, -0.093262]","[-0.012024, -0.000732, -0.046600, 0.998840]","[-0.004700, 0.007782, -0.026672, 0.999573]","[-0.291992, 0.256348, -0.065186]","[[0.995605, -0.093140, 0.002563], [0.093140, 0.995361, -0.023987], [-0.000366, 0.024109, 0.999695]]",0.995605,"[7985, 8027, 7819, 8004]"
44.320633,"[0.027344, 0.109375, -1.226562]","[-0.022112, 0.010563, -0.009468]","[0.080000, 0.049999, -0.014027]","[-0.133200, 0.064345, -0.057281]","[-0.002441, -0.023926, -0.094971]","[-0.011993, -0.000702, -0.047485, 0.998779]","[-0.004089, 0.007446, -0.026672, 0.999603]","[0.179199, -0.118164, -0.022217]","[[0.995361, -0.094910, 0.002502], [0.094910, 0.995117, -0.023926], [-0.000305, 0.024048, 0.999573]]",0.995361,"[7992, 8024, 7813, 8044]"
44.355804,"[0.039062, 0.109375, -1.230469]","[-0.027778, 0.013306, -0.011906]","[0.099998, 0.080000, -0.022871]","[-0.157312, 0.076274, -0.067746]","[-0.000488, -0.025146, -0.097168]","[-0.012543, 0.000305, -0.048645, 0.998718]","[-0.005371, 0.009491, -0.026672, 0.999573]","[-0.077148, -0.169189, -0.098145]","[[0.995178, -0.097229, 0.000610], [0.097107, 0.994873, -0.025146], [0.001709, 0.025024, 0.999573]]",0.995178,"[7977, 7997, 7827, 8066]"
44.387043,"[0.039062, 0.117188, -1.230469]","[-0.034433, 0.016539, -0.014774]","[0.109999, 0.049999, -0.066097]","[-0.183765, 0.089442, -0.079255]","[-0.000488, -0.024658, -0.099365]","[-0.012360, 0.000366, -0.049652, 0.998688]","[-0.004059, 0.010498, -0.026672, 0.999573]","[0.290771, -0.501221, -0.043457]","[[0.995056, -0.099243, 0.000549], [0.099121, 0.994751, -0.024780], [0.001892, 0.024658, 0.999634]]",0.995056,"[7996, 8041, 7823, 8063]"
44.420246,"[0.046875, 0.117188, -1.234375]","[-0.038158, 0.018354, -0.016382]","[0.119999, 0.080000, -0.068108]","[-0.197858, 0.096491, -0.085398]","[0.002197, -0.025635, -0.101318]","[-0.012756, 0.001831, -0.050659, 0.998627]","[-0.005554, 0.012177, -0.026642, 0.999542]","[-0.394287, 0.597900, -0.062500]","[[0.994812, -0.101257, -0.002319], [0.101135, 0.994507, -0.025757], [0.004883, 0.025269, 0.999634]]",0.994812,"[8013, 8044, 7819, 8091]"
44.453445,"[0.046875, 0.117188, -1.238281]","[-0.046464, 0.022412, -0.019969]","[0.080000, 0.070000, -0.116426]","[-0.227770, 0.111527, -0.098461]","[0.003662, -0.026123, -0.102783]","[-0.012909, 0.002563, -0.051422, 0.998596]","[-0.004791, 0.010834, -0.026672, 0.999573]","[0.268555, -0.820068, -0.108887]","[[0.994690, -0.102844, -0.003784], [0.102600, 0.994385, -0.026123], [0.006348, 0.025513, 0.999634]]",0.99469,"[7968, 8004, 7833, 8116]"
44.488602,"[0.046875, 0.117188, -1.242188]","[-0.055982, 0.027083, -0.024087]","[0.109999, 0.070000, -0.119574]","[-0.259924, 0.127805, -0.112541]","[0.006348, -0.024414, -0.104736]","[-0.012054, 0.003845, -0.052277, 0.998566]","[-0.004242, 0.013306, -0.026642, 0.999542]","[-0.465576, 0.583984, -0.015869]","[[0.994507, -0.104553, -0.006409], [0.104309, 0.994263, -0.024536], [0.008850, 0.023682, 0.999695]]",0.994507,"[7964, 8060, 7847, 8080]"
44.521805,"[0.046875, 0.128906, -1.250000]","[-0.061223, 0.029662, -0.026357]","[0.129999, 0.089998, -0.183445]","[-0.276819, 0.136405, -0.119955]","[0.005127, -0.022705, -0.105957]","[-0.011200, 0.003265, -0.052887, 0.998535]","[-0.005768, 0.014984, -0.026611, 0.999512]","[0.362061, -0.468262, -0.047119]","[[0.994385, -0.105774, -0.005310], [0.105530, 0.994141, -0.022766], [0.007629, 0.022034, 0.999695]]",0.994385,"[7969, 8065, 7800, 8067]"
44.555008,"[0.066406, 0.128906, -1.253906]","[-0.072720, 0.035340, -0.031344]","[0.109999, 0.070000, -0.154936]","[-0.312188, 0.154514, -0.135511]","[0.008545, -0.024414, -0.106934]","[-0.012024, 0.004944, -0.053375, 0.998505]","[-0.004578, 0.015991, -0.026642, 0.999481]","[-0.228271, 0.308350, -0.035400]","[[0.994263, -0.106750, -0.008545], [0.106506, 0.994019, -0.024597], [0.011108, 0.023499, 0.999695]]",0.994263,"[7997, 8018, 7820, 8056]"
44.621414,"[0.066406, 0.136719, -1.261719]","[-0.100058, 0.048936, -0.043232]","[0.119999, 0.089998, -0.167337]","[-0.388841, 0.194257, -0.169388]","[0.013916, -0.026367, -0.109375]","[-0.012817, 0.007690, -0.054565, 0.998413]","[-0.005127, 0.018768, -0.026611, 0.999451]","[-0.186768, 0.306885, -0.026367]","[[0.993958, -0.109253, -0.013977], [0.108765, 0.993713, -0.026489], [0.016663, 0.024780, 0.999573]]",0.993958,"[8020, 7989, 7854, 8139]"
44.654625,"[0.066406, 0.136719, -1.265625]","[-0.107848, 0.052832, -0.046627]","[0.089998, 0.080000, -0.198870]","[-0.409132, 0.204894, -0.178393]","[0.014404, -0.024902, -0.110352]","[-0.012024, 0.007904, -0.055023, 0.998383]","[-0.004028, 0.018433, -0.026642, 0.999451]","[0.194092, -0.445801, -0.054688]","[[0.993774, -0.110168, -0.014465], [0.109680, 0.993652, -0.024963], [0.017029, 0.023132, 0.999573]]",0.993774,"[7995, 8081, 7877, 8048]"
44.687824,"[0.078125, 0.136719, -1.269531]","[-0.124640, 0.061263, -0.053956]","[0.139999, 0.089998, -0.204950]","[-0.450942, 0.226970, -0.197001]","[0.017334, -0.025635, -0.111816]","[-0.012299, 0.009430, -0.055756, 0.998322]","[-0.003876, 0.022827, -0.026611, 0.999359]","[-0.129395, 0.440430, 0.008789]","[[0.993530, -0.111572, -0.017456], [0.111084, 0.993408, -0.025696], [0.020142, 0.023499, 0.999451]]",0.99353,"[8027, 8041, 7875, 8091]"
44.722977,"[0.078125, 0.136719, -1.277344]","[-0.143096, 0.070577, -0.062027]","[0.089998, 0.070000, -0.249796]","[-0.494248, 0.250067, -0.216348]","[0.019043, -0.024902, -0.112793]","[-0.011932, 0.010254, -0.056244, 0.998291]","[-0.002533, 0.022125, -0.026642, 0.999390]","[0.175293, 0.122070, -0.100342]","[[0.993408, -0.112610, -0.019165], [0.112000, 0.993347, -0.025024], [0.021729, 0.022705, 0.999451]]",0.993408,"[8023, 8059, 7838, 8063]"
44.756195,"[0.078125, 0.148438, -1.281250]","[-0.152965, 0.075577, -0.066349]","[0.119999, 0.089998, -0.292446]","[-0.516403, 0.261978, -0.226277]","[0.022217, -0.025146, -0.113281]","[-0.011963, 0.011810, -0.056519, 0.998260]","[-0.003571, 0.025177, -0.026611, 0.999298]","[-0.219238, 0.324951, 0.059570]","[[0.993286, -0.113159, -0.022217], [0.112549, 0.993286, -0.025269], [0.024902, 0.022583, 0.999390]]",0.993286,"[8017, 8049, 7836, 8116]"
44.789387,"[0.089844, 0.148438, -1.285156]","[-0.174016, 0.086286, -0.075583]","[0.089998, 0.089998, -0.320372]","[-0.561595, 0.286482, -0.246596]","[0.023926, -0.023926, -0.114014]","[-0.011292, 0.012726, -0.056885, 0.998230]","[-0.002869, 0.026031, -0.026611, 0.999298]","[0.162598, -0.159668, -0.104736]","[[0.993164, -0.113892, -0.024109], [0.113281, 0.993225, -0.024048], [0.026672, 0.021118, 0.999390]]",0.993164,"[7993, 8052, 7838, 8080]"
44.822586,"[0.097656, 0.148438, -1.292969]","[-0.196853, 0.097969, -0.085621]","[0.089998, 0.080000, -0.330191]","[-0.607796, 0.311833, -0.267464]","[0.027588, -0.025146, -0.114746]","[-0.011780, 0.014496, -0.057220, 0.998199]","[-0.001587, 0.028259, -0.026642, 0.999237]","[-0.108643, 0.187500, 0.009277]","[[0.993042, -0.114624, -0.027588], [0.113892, 0.993164, -0.025269], [0.030273, 0.021851, 0.999329]]",0.993042,"[8024, 8023, 7851, 8113]"
44.857742,"[0.097656, 0.156250, -1.296875]","[-0.221510, 0.110658, -0.096484]","[0.109999, 0.089998, -0.337667]","[-0.654791, 0.337953, -0.288797]","[0.031006, -0.024658, -0.115479]","[-0.011444, 0.016174, -0.057495, 0.998169]","[-0.001556, 0.031189, -0.026642, 0.999146]","[0.062500, 0.201904, -0.093506]","[[0.992920, -0.115234, -0.031006], [0.114380, 0.993164, -0.024780], [0.033569, 0.020996, 0.999268]]",0.99292,"[8022, 8029, 7849, 8123]"
44.890945,"[0.097656, 0.156250, -1.304688]","[-0.234533, 0.117390, -0.102232]","[0.080000, 0.080000, -0.354269]","[-0.678523, 0.351277, -0.299612]","[0.032471, -0.023682, -0.115967]","[-0.010895, 0.016968, -0.057770, 0.998138]","[-0.000092, 0.031738, -0.026672, 0.999115]","[0.094971, -0.193115, 0.048828]","[[0.992737, -0.115784, -0.032593], [0.114929, 0.993103, -0.023804], [0.035034, 0.019775, 0.999207]]",0.992737,"[8053, 8089, 7869, 8106]"
44.924149,"[0.097656, 0.167969, -1.312500]","[-0.261970, 0.131639, -0.114361]","[0.099998, 0.099998, -0.360645]","[-0.726296, 0.378392, -0.321473]","[0.035400, -0.023193, -0.116455]","[-0.010559, 0.018372, -0.057983, 0.998108]","[-0.001038, 0.034760, -0.026642, 0.999023]","[-0.080811, 0.275879, -0.083984]","[[0.992615, -0.116211, -0.035400], [0.115356, 0.993103, -0.023254], [0.037842, 0.018982, 0.999146]]",0.992615,"[8064, 8094, 7897, 8106]"
44.959309,"[0.097656, 0.167969, -1.320312]","[-0.291278, 0.146959, -0.127350]","[0.059999, 0.080000, -0.401169]","[-0.774298, 0.406059, -0.343572]","[0.038086, -0.022217, -0.116699]","[-0.010010, 0.019714, -0.058167, 0.998077]","[0.001129, 0.035309, -0.026703, 0.998993]","[0.132812, -0.187256, -0.001953]","[[0.992493, -0.116577, -0.038147], [0.115723, 0.993042, -0.022339], [0.040466, 0.017700, 0.999023]]",0.992493,"[8029, 8107, 7858, 8106]"
44.992508,"[0.109375, 0.167969, -1.328125]","[-0.322462, 0.163369, -0.141205]","[0.089998, 0.099998, -0.457232]","[-0.822299, 0.434189, -0.365813]","[0.042236, -0.022217, -0.117920]","[-0.009888, 0.021790, -0.058624, 0.998016]","[0.001129, 0.039703, -0.026703, 0.998840]","[-0.027832, 0.375000, 0.026123]","[[0.992249, -0.117554, -0.042358], [0.116577, 0.992981, -0.022339], [0.044556, 0.017212, 0.998901]]",0.992249,"[8060, 8071, 7855, 8116]"
45.025711,"[0.109375, 0.179688, -1.335938]","[-0.338756, 0.171988, -0.148458]","[0.029999, 0.099998, -0.516052]","[-0.846225, 0.448397, -0.376956]","[0.044922, -0.020508, -0.118408]","[-0.008942, 0.023041, -0.058899, 0.997986]","[0.001617, 0.039459, -0.026703, 0.998840]","[0.051514, 0.007324, -0.010498]","[[0.992065, -0.118042, -0.044922], [0.117188, 0.992981, -0.020630], [0.046997, 0.015137, 0.998840]]",0.992065,"[8019, 8099, 7846, 8088]"
45.058914,"[0.109375, 0.179688, -1.347656]","[-0.372739, 0.190060, -0.163617]","[0.039999, 0.099998, -0.521584]","[-0.893773, 0.477038, -0.399225]","[0.048340, -0.020996, -0.119141]","[-0.009003, 0.024780, -0.059296, 0.997894]","[0.002747, 0.042175, -0.026764, 0.998718]","[-0.035400, 0.072754, -0.050781]","[[0.991699, -0.118835, -0.048401], [0.117859, 0.992798, -0.020996], [0.050476, 0.015015, 0.998596]]",0.991699,"[8035, 8058, 7855, 8124]"
45.092117,"[0.109375, 0.179688, -1.355469]","[-0.408571, 0.209257, -0.179645]","[0.019999, 0.119999, -0.530130]","[-0.940732, 0.505906, -0.421395]","[0.052002, -0.020264, -0.119629]","[-0.008606, 0.026550, -0.059509, 0.997833]","[0.003082, 0.044006, -0.026764, 0.998657]","[0.080566, 0.189209, 0.080811]","[[0.991455, -0.119263, -0.052002], [0.118286, 0.992737, -0.020386], [0.053955, 0.014038, 0.998413]]",0.991455,"[8053, 8067, 7839, 8130]"
45.125336,"[0.109375, 0.187500, -1.363281]","[-0.427172, 0.219280, -0.187983]","[0.009998, 0.099998, -0.518269]","[-0.963914, 0.520393, -0.432411]","[0.054688, -0.019043, -0.120361]","[-0.007874, 0.027924, -0.059937, 0.997803]","[0.004852, 0.046387, -0.026855, 0.998535]","[0.095459, 0.122803, -0.064697]","[[0.991333, -0.120117, -0.054749], [0.119141, 0.992737, -0.019104], [0.056580, 0.012390, 0.998352]]",0.991333,"[8057, 8104, 7880, 8114]"
45.160477,"[0.109375, 0.187500, -1.375000]","[-0.465719, 0.240175, -0.205301]","[0.009998, 0.109999, -0.538271]","[-1.009539, 0.549415, -0.454245]","[0.058105, -0.017334, -0.120361]","[-0.006897, 0.029633, -0.059906, 0.997742]","[0.005981, 0.049591, -0.026917, 0.998383]","[-0.147949, 0.260498, -0.062012]","[[0.991028, -0.119995, -0.058289], [0.119141, 0.992676, -0.017395], [0.059875, 0.010193, 0.998108]]",0.991028,"[8059, 8117, 7874, 8089]"
45.191727,"[0.097656, 0.199219, -1.382812]","[-0.506031, 0.262205, -0.223468]","[-0.039999, 0.109999, -0.533648]","[-1.053995, 0.578422, -0.475737]","[0.062500, -0.016846, -0.121094]","[-0.006500, 0.031769, -0.060272, 0.997681]","[0.006592, 0.049103, -0.026947, 0.998383]","[-0.029053, 0.352539, -0.046631]","[[0.990784, -0.120728, -0.062622], [0.119873, 0.992737, -0.016846], [0.064087, 0.009155, 0.997986]]",0.990784,"[8090, 8109, 7889, 8129]"
45.258137,"[0.109375, 0.207031, -1.398438]","[-0.569676, 0.297364, -0.252266]","[-0.070000, 0.139999, -0.524242]","[-1.117973, 0.621683, -0.507115]","[0.067871, -0.013672, -0.122314]","[-0.004761, 0.034363, -0.060913, 0.997559]","[0.007660, 0.054504, -0.027008, 0.998108]","[0.034912, 0.094971, -0.063232]","[[0.990234, -0.121948, -0.067993], [0.121216, 0.992554, -0.013733], [0.069092, 0.005310, 0.997620]]",0.990234,"[8130, 8169, 7886, 8134]"
45.293289,"[0.097656, 0.207031, -1.410156]","[-0.614145, 0.322207, -0.272473]","[-0.059999, 0.119999, -0.547890]","[-1.158519, 0.650227, -0.527333]","[0.072266, -0.012695, -0.123047]","[-0.004120, 0.036499, -0.061279, 0.997467]","[0.010620, 0.058014, -0.027191, 0.997864]","[-0.056885, 0.001465, -0.109863]","[[0.989868, -0.122559, -0.072266], [0.121948, 0.992493, -0.012756], [0.073242, 0.003723, 0.997375]]",0.989868,"[8101, 8176, 7917, 8182]"
45.326492,"[0.097656, 0.207031, -1.417969]","[-0.660160, 0.348159, -0.293456]","[-0.099998, 0.129999, -0.580526]","[-1.197141, 0.678428, -0.546884]","[0.075928, -0.011719, -0.123779]","[-0.003510, 0.038269, -0.061584, 0.997375]","[0.011780, 0.059387, -0.027283, 0.997772]","[0.109375, 0.135986, 0.069092]","[[0.989502, -0.123169, -0.075867], [0.122559, 0.992371, -0.011780], [0.076721, 0.002258, 0.997070]]",0.989502,"[8140, 8155, 7905, 8188]"
45.359699,"[0.097656, 0.207031, -1.429688]","[-0.683728, 0.361548, -0.304232]","[-0.129999, 0.160000, -0.579329]","[-1.215670, 0.692374, -0.556385]","[0.079590, -0.010498, -0.124512]","[-0.002747, 0.040131, -0.061951, 0.997284]","[0.011963, 0.061218, -0.027313, 0.997650]","[-0.085205, 0.182373, -0.088135]","[[0.989136, -0.123840, -0.079712], [0.123352, 0.992310, -0.010498], [0.080322, 0.000488, 0.996765]]",0.989136,"[8131, 8167, 7919, 8153]"
45.392918,"[0.089844, 0.218750, -1.441406]","[-0.731909, 0.389131, -0.326326]","[-0.139999, 0.129999, -0.600452]","[-1.251034, 0.719890, -0.574775]","[0.082520, -0.007812, -0.124512]","[-0.001404, 0.041473, -0.061981, 0.997223]","[0.014465, 0.063843, -0.027466, 0.997467]","[0.122803, -0.104248, 0.047363]","[[0.988892, -0.123779, -0.082581], [0.123535, 0.992310, -0.007996], [0.082825, -0.002380, 0.996521]]",0.988892,"[8137, 8196, 7917, 8165]"
45.428055,"[0.089844, 0.226562, -1.453125]","[-0.781434, 0.417782, -0.349125]","[-0.169998, 0.189999, -0.588598]","[-1.284013, 0.746852, -0.592298]","[0.086182, -0.006348, -0.124268]","[-0.000519, 0.043304, -0.061920, 0.997162]","[0.013184, 0.066010, -0.027405, 0.997345]","[0.022705, 0.245117, 0.018066]","[[0.988647, -0.123596, -0.086243], [0.123474, 0.992371, -0.006409], [0.086365, -0.004333, 0.996277]]",0.988647,"[8146, 8194, 7886, 8162]"
45.461258,"[0.078125, 0.226562, -1.464844]","[-0.832188, 0.447469, -0.372586]","[-0.169998, 0.139999, -0.608307]","[-1.314424, 0.773169, -0.608870]","[0.089355, -0.003906, -0.124268]","[0.000793, 0.044769, -0.061981, 0.997070]","[0.017578, 0.068939, -0.027740, 0.997070]","[0.056152, -0.041016, -0.061523]","[[0.988281, -0.123596, -0.089355], [0.123718, 0.992249, -0.004028], [0.089111, -0.007080, 0.995911]]",0.988281,"[8142, 8221, 7893, 8156]"
45.494476,"[0.078125, 0.238281, -1.476562]","[-0.858006, 0.462700, -0.384558]","[-0.199999, 0.160000, -0.657606]","[-1.328628, 0.786068, -0.616781]","[0.093262, -0.003662, -0.124023]","[0.001038, 0.046661, -0.061920, 0.997009]","[0.017761, 0.071136, -0.027771, 0.996918]","[0.028564, 0.321533, 0.091553]","[[0.988037, -0.123413, -0.093201], [0.123535, 0.992371, -0.003784], [0.092834, -0.007812, 0.995667]]",0.988037,"[8178, 8170, 7877, 8157]"
45.527664,"[0.066406, 0.250000, -1.488281]","[-0.910423, 0.493897, -0.408946]","[-0.269999, 0.199999, -0.656557]","[-1.354918, 0.811283, -0.631801]","[0.097168, -0.002441, -0.123779]","[0.001801, 0.048645, -0.061737, 0.996918]","[0.017303, 0.070862, -0.027740, 0.996948]","[0.074219, 0.010742, -0.070068]","[[0.987671, -0.122986, -0.097229], [0.123230, 0.992371, -0.002502], [0.096741, -0.009583, 0.995239]]",0.987671,"[8159, 8157, 7880, 8157]"
45.560867,"[0.058594, 0.250000, -1.500000]","[-0.963815, 0.526068, -0.433901]","[-0.240000, 0.160000, -0.684397]","[-1.378294, 0.835681, -0.645706]","[0.100830, -0.000244, -0.123291]","[0.002930, 0.050354, -0.061493, 0.996826]","[0.021515, 0.075500, -0.028107, 0.996490]","[0.039062, 0.079346, 0.073975]","[[0.987305, -0.122375, -0.100708], [0.122864, 0.992371, -0.000427], [0.099976, -0.012024, 0.994812]]",0.987305,"[8140, 8174, 7902, 8130]"
45.59407,"[0.046875, 0.257812, -1.511719]","[-0.990839, 0.542506, -0.446577]","[-0.329998, 0.230000, -0.665642]","[-1.388852, 0.847551, -0.652223]","[0.103516, 0.000977, -0.122314]","[0.003693, 0.051636, -0.061096, 0.996796]","[0.019623, 0.074341, -0.027954, 0.996643]","[0.113037, 0.158203, -0.020508]","[[0.987183, -0.121460, -0.103394], [0.122192, 0.992493, 0.000977], [0.102417, -0.013672, 0.994629]]",0.987183,"[8201, 8179, 7845, 8133]"
45.62925,"[0.039062, 0.269531, -1.527344]","[-1.045475, 0.576070, -0.472298]","[-0.320000, 0.199999, -0.714539]","[-1.407642, 0.870598, -0.664352]","[0.106201, 0.003174, -0.121094]","[0.004913, 0.052887, -0.060577, 0.996735]","[0.022766, 0.078461, -0.028259, 0.996246]","[0.139648, -0.218506, 0.053711]","[[0.986938, -0.120300, -0.106018], [0.121277, 0.992493, 0.003357], [0.104797, -0.016174, 0.994263]]",0.986938,"[8153, 8163, 7875, 8127]"
45.66243,"[0.019531, 0.269531, -1.539062]","[-1.100770, 0.610508, -0.498463]","[-0.329998, 0.209999, -0.674557]","[-1.423236, 0.892662, -0.675227]","[0.108887, 0.004639, -0.120361]","[0.005615, 0.054260, -0.060150, 0.996704]","[0.024506, 0.080444, -0.028442, 0.996033]","[-0.056396, 0.305420, 0.059570]","[[0.986877, -0.119385, -0.108887], [0.120483, 0.992676, 0.004639], [0.107422, -0.017700, 0.994019]]",0.986877,"[8217, 8177, 7840, 8105]"
45.695633,"[0.007812, 0.277344, -1.554688]","[-1.156617, 0.645792, -0.525030]","[-0.439999, 0.249998, -0.701221]","[-1.435570, 0.913698, -0.684808]","[0.111328, 0.006836, -0.118652]","[0.006775, 0.055389, -0.059479, 0.996674]","[0.024445, 0.078522, -0.028412, 0.996185]","[0.135986, -0.211426, 0.035645]","[[0.986755, -0.117859, -0.111206], [0.119324, 0.992798, 0.006897], [0.109497, -0.020081, 0.993713]]",0.986755,"[8206, 8199, 7830, 8095]"
45.728836,"[0.000000, 0.289062, -1.566406]","[-1.184699, 0.663734, -0.538445]","[-0.379999, 0.230000, -0.715525]","[-1.440489, 0.923815, -0.689099]","[0.114746, 0.008789, -0.117432]","[0.007843, 0.056976, -0.058868, 0.996613]","[0.026794, 0.084900, -0.028717, 0.995605]","[-0.022461, 0.301270, 0.024414]","[[0.986572, -0.116516, -0.114502], [0.118225, 0.992920, 0.008911], [0.112549, -0.022339, 0.993347]]",0.986572,"[8184, 8174, 7858, 8101]"
45.762054,"[-0.007812, 0.296875, -1.582031]","[-1.241132, 0.700210, -0.565521]","[-0.509998, 0.289999, -0.748756]","[-1.447796, 0.943219, -0.696668]","[0.116699, 0.010498, -0.115967]","[0.008667, 0.057983, -0.058197, 0.996582]","[0.026062, 0.081848, -0.028595, 0.995880]","[0.065674, -0.072510, 0.073486]","[[0.986450, -0.115051, -0.116577], [0.117004, 0.993042, 0.010498], [0.114502, -0.024048, 0.993042]]",0.98645,"[8186, 8196, 7822, 8060]"
45.797195,"[-0.027344, 0.308594, -1.597656]","[-1.297769, 0.737411, -0.592857]","[-0.439999, 0.240000, -0.755722]","[-1.451697, 0.961476, -0.702850]","[0.119629, 0.011475, -0.114502]","[0.009216, 0.059387, -0.057495, 0.996552]","[0.030090, 0.088165, -0.029083, 0.995209]","[-0.089844, 0.008057, 0.042480]","[[0.986328, -0.113586, -0.119446], [0.115662, 0.993225, 0.011475], [0.117249, -0.025146, 0.992798]]",0.986328,"[8154, 8120, 7812, 8043]"
45.830399,"[-0.039062, 0.316406, -1.609375]","[-1.326140, 0.756282, -0.606615]","[-0.469999, 0.259998, -0.734919]","[-1.452361, 0.970168, -0.705416]","[0.121582, 0.012695, -0.113525]","[0.009918, 0.060303, -0.057098, 0.996490]","[0.031128, 0.089783, -0.029205, 0.995026]","[0.156738, 0.047363, -0.043945]","[[0.986145, -0.112671, -0.121338], [0.114990, 0.993225, 0.012817], [0.119019, -0.026611, 0.992432]]",0.986145,"[8223, 8151, 7763, 8056]"
45.863605,"[-0.066406, 0.328125, -1.625000]","[-1.382848, 0.794497, -0.634248]","[-0.599998, 0.329998, -0.739355]","[-1.451087, 0.986635, -0.709475]","[0.124756, 0.014404, -0.112549]","[0.010742, 0.061920, -0.056580, 0.996429]","[0.029694, 0.085724, -0.028992, 0.995422]","[-0.097900, 0.233643, 0.098877]","[[0.985901, -0.111511, -0.124573], [0.114075, 0.993347, 0.014343], [0.122131, -0.028381, 0.992065]]",0.985901,"[8220, 8147, 7778, 8040]"
45.896805,"[-0.089844, 0.339844, -1.636719]","[-1.439457, 0.833344, -0.662022]","[-0.539999, 0.269999, -0.761478]","[-1.446349, 1.001878, -0.712094]","[0.124023, 0.018799, -0.111328]","[0.012939, 0.061432, -0.056152, 0.996429]","[0.034332, 0.091370, -0.029541, 0.994781]","[0.468994, -0.380127, -0.056152]","[[0.986023, -0.110352, -0.123840], [0.113525, 0.993225, 0.018799], [0.120911, -0.032715, 0.992004]]",0.986023,"[8179, 8161, 7794, 8078]"
45.931961,"[-0.109375, 0.347656, -1.652344]","[-1.495802, 0.872754, -0.689863]","[-0.679998, 0.349998, -0.726147]","[-1.438163, 1.015867, -0.713262]","[0.125977, 0.020264, -0.110596]","[0.013641, 0.062317, -0.055756, 0.996399]","[0.032898, 0.087280, -0.029297, 0.995178]","[0.165283, -0.122070, 0.045654]","[[0.985962, -0.109497, -0.125671], [0.112793, 0.993347, 0.020203], [0.122620, -0.034119, 0.991760]]",0.985962,"[8243, 8206, 7763, 8011]"
45.965164,"[-0.128906, 0.359375, -1.667969]","[-1.523843, 0.892662, -0.703797]","[-0.609999, 0.320000, -0.734524]","[-1.432782, 1.022384, -0.713298]","[0.127197, 0.022949, -0.109131]","[0.014954, 0.062866, -0.055237, 0.996399]","[0.036072, 0.093231, -0.029755, 0.994537]","[0.176514, 0.050537, 0.101074]","[[0.986023, -0.108276, -0.126953], [0.111938, 0.993469, 0.022827], [0.123535, -0.036743, 0.991638]]",0.986023,"[8202, 8167, 7766, 7996]"
46.029621,"[-0.167969, 0.386719, -1.687500]","[-1.634690, 0.973461, -0.759424]","[-0.809998, 0.419998, -0.684109]","[-1.402687, 1.045208, -0.709779]","[0.130615, 0.024902, -0.109375]","[0.016022, 0.064484, -0.055389, 0.996277]","[0.034790, 0.088196, -0.029510, 0.995026]","[0.181152, -0.047119, -0.039062]","[[0.985596, -0.108398, -0.130310], [0.112427, 0.993408, 0.024719], [0.126648, -0.039124, 0.991211]]",0.985596,"[8252, 8183, 7738, 8027]"
46.064774,"[-0.199219, 0.398438, -1.707031]","[-1.662001, 0.993927, -0.773272]","[-0.699999, 0.359999, -0.731157]","[-1.393062, 1.050099, -0.707985]","[0.133057, 0.027588, -0.109619]","[0.017456, 0.065674, -0.055542, 0.996155]","[0.039642, 0.095551, -0.030182, 0.994171]","[0.013184, 0.135742, -0.053467]","[[0.985168, -0.108459, -0.132751], [0.112976, 0.993225, 0.027405], [0.128845, -0.042053, 0.990784]]",0.985168,"[8123, 8152, 7791, 8013]"
46.097977,"[-0.226562, 0.406250, -1.722656]","[-1.715992, 1.035115, -0.800836]","[-0.879999, 0.439999, -0.833124]","[-1.371327, 1.058881, -0.703308]","[0.131836, 0.027832, -0.110107]","[0.017609, 0.065094, -0.055847, 0.996155]","[0.038055, 0.088684, -0.029816, 0.994873]","[0.066895, -0.387695, 0.039795]","[[0.985229, -0.109009, -0.131653], [0.113525, 0.993042, 0.027710], [0.127625, -0.042358, 0.990845]]",0.985229,"[8216, 8144, 7648, 7978]"
46.133129,"[-0.250000, 0.429688, -1.742188]","[-1.769089, 1.076627, -0.828195]","[-0.749998, 0.379999, -0.825764]","[-1.346306, 1.066323, -0.697160]","[0.134033, 0.029053, -0.110596]","[0.018250, 0.066162, -0.056122, 0.996063]","[0.042358, 0.097107, -0.030487, 0.993896]","[-0.038086, 0.339600, 0.051514]","[[0.984863, -0.109436, -0.133850], [0.114197, 0.992981, 0.028870], [0.129700, -0.043762, 0.990540]]",0.984863,"[8103, 8040, 7641, 7955]"
46.164383,"[-0.277344, 0.437500, -1.753906]","[-1.821144, 1.118411, -0.855287]","[-0.809998, 0.400000, -0.801582]","[-1.318107, 1.072441, -0.689582]","[0.133057, 0.030273, -0.111084]","[0.018860, 0.065552, -0.056458, 0.996094]","[0.043121, 0.095795, -0.030518, 0.993988]","[-0.125000, 0.330078, 0.081787]","[[0.985046, -0.110046, -0.132690], [0.114929, 0.992920, 0.030090], [0.128418, -0.044983, 0.990723]]",0.985046,"[8218, 8102, 7569, 7885]"
46.197586,"[-0.308594, 0.449219, -1.769531]","[-1.846728, 1.139376, -0.868710]","[-0.999998, 0.499998, -0.845398]","[-1.302811, 1.074987, -0.685247]","[0.133789, 0.033203, -0.111816]","[0.020355, 0.065826, -0.056854, 0.996002]","[0.040863, 0.087921, -0.030029, 0.994812]","[0.268066, -0.165771, -0.069580]","[[0.984802, -0.110657, -0.133423], [0.115906, 0.992615, 0.033020], [0.128784, -0.048035, 0.990417]]",0.984802,"[8142, 8098, 7575, 7914]"
46.230789,"[-0.347656, 0.468750, -1.781250]","[-1.896993, 1.181456, -0.895294]","[-0.839998, 0.439999, -0.836525]","[-1.269981, 1.079094, -0.675536]","[0.135742, 0.034180, -0.112061]","[0.020935, 0.066803, -0.057007, 0.995941]","[0.044678, 0.096313, -0.030701, 0.993866]","[-0.160156, 0.298340, -0.008789]","[[0.984619, -0.110840, -0.135498], [0.116333, 0.992676, 0.034058], [0.130615, -0.049316, 0.990234]]",0.984619,"[8051, 8000, 7595, 7919]"
46.264008,"[-0.367188, 0.488281, -1.796875]","[-1.945904, 1.223661, -0.921468]","[-0.879999, 0.449999, -0.821280]","[-1.234127, 1.081853, -0.664418]","[0.133301, 0.033936, -0.113037]","[0.020782, 0.065613, -0.057526, 0.995941]","[0.045868, 0.096375, -0.030823, 0.993805]","[0.240479, -0.684814, -0.049316]","[[0.984619, -0.111938, -0.133118], [0.117310, 0.992371, 0.033813], [0.128235, -0.048950, 0.990356]]",0.984619,"[8196, 8066, 7504, 7883]"
46.297195,"[-0.417969, 0.507812, -1.808594]","[-1.969826, 1.244801, -0.934384]","[-1.109999, 0.559999, -0.817739]","[-1.215103, 1.082723, -0.658336]","[0.135254, 0.037598, -0.113037]","[0.022644, 0.066498, -0.057709, 0.995880]","[0.042419, 0.084930, -0.030060, 0.995026]","[0.302734, 0.443604, 0.062256]","[[0.984497, -0.112000, -0.135071], [0.117981, 0.992310, 0.037354], [0.129822, -0.052734, 0.990173]]",0.984497,"[8161, 8081, 7496, 7885]"
46.332352,"[-0.449219, 0.519531, -1.824219]","[-2.016512, 1.287115, -0.959850]","[-0.949999, 0.480000, -0.892731]","[-1.174960, 1.083477, -0.645154]","[0.137207, 0.039551, -0.112549]","[0.023682, 0.067413, -0.057526, 0.995789]","[0.048248, 0.094025, -0.030945, 0.993896]","[0.216553, -0.450195, 0.015381]","[[0.984253, -0.111450, -0.136963], [0.117798, 0.992188, 0.039307], [0.131470, -0.054932, 0.989746]]",0.984253,"[7982, 8051, 7625, 7880]"
46.363602,"[-0.488281, 0.539062, -1.835938]","[-2.061585, 1.329432, -0.984771]","[-1.179998, 0.599998, -0.857328]","[-1.132060, 1.082894, -0.630634]","[0.135742, 0.038574, -0.112793]","[0.023163, 0.066711, -0.057495, 0.995850]","[0.044067, 0.082916, -0.030121, 0.995117]","[0.146484, -0.166504, 0.055420]","[[0.984436, -0.111511, -0.135498], [0.117615, 0.992249, 0.038391], [0.130127, -0.053772, 0.989990]]",0.984436,"[8157, 8016, 7466, 7825]"
46.398754,"[-0.519531, 0.558594, -1.851562]","[-2.104923, 1.371699, -1.009101]","[-1.009998, 0.519999, -0.823534]","[-1.086496, 1.080963, -0.614767]","[0.135742, 0.037842, -0.113525]","[0.022858, 0.066650, -0.057831, 0.995850]","[0.049042, 0.092224, -0.030945, 0.994019]","[-0.116211, -0.222412, -0.115234]","[[0.984436, -0.112244, -0.135376], [0.118225, 0.992249, 0.037720], [0.130005, -0.053223, 0.990051]]",0.984436,"[8021, 7943, 7501, 7878]"
46.431976,"[-0.546875, 0.578125, -1.863281]","[-2.125925, 1.392813, -1.021033]","[-1.039999, 0.529999, -0.836475]","[-1.062765, 1.079494, -0.606346]","[0.134033, 0.037109, -0.113770]","[0.022461, 0.065887, -0.058014, 0.995880]","[0.050171, 0.091522, -0.031006, 0.994049]","[0.466797, -0.438965, 0.033447]","[[0.984497, -0.112671, -0.133850], [0.118530, 0.992188, 0.036987], [0.128601, -0.052368, 0.990234]]",0.984497,"[8153, 7948, 7396, 7879]"
46.465164,"[-0.589844, 0.597656, -1.878906]","[-2.166463, 1.434889, -1.044362]","[-1.289997, 0.669998, -0.798004]","[-1.013531, 1.075616, -0.588591]","[0.135742, 0.042969, -0.113770]","[0.025330, 0.066498, -0.058258, 0.995758]","[0.045532, 0.079041, -0.030090, 0.995361]","[-0.014404, 0.343506, -0.019531]","[[0.984314, -0.112671, -0.135376], [0.119385, 0.991821, 0.042664], [0.129395, -0.058167, 0.989807]]",0.984314,"[7984, 8050, 7481, 7731]"
46.498367,"[-0.628906, 0.617188, -1.890625]","[-2.205064, 1.476814, -1.066992]","[-1.099998, 0.579998, -0.911936]","[-0.961868, 1.070382, -0.569550]","[0.136719, 0.042969, -0.113525]","[0.025360, 0.066986, -0.058044, 0.995758]","[0.050873, 0.088257, -0.030945, 0.994293]","[-0.112061, 0.286621, -0.019043]","[[0.984314, -0.112244, -0.136353], [0.118958, 0.992004, 0.042664], [0.130371, -0.058289, 0.989746]]",0.984314,"[7933, 7877, 7509, 7833]"
46.531574,"[-0.679688, 0.648438, -1.902344]","[-2.223598, 1.497691, -1.078022]","[-1.359999, 0.709999, -0.928360]","[-0.935200, 1.067292, -0.559565]","[0.132812, 0.043457, -0.113525]","[0.025543, 0.065002, -0.058105, 0.995850]","[0.045685, 0.074310, -0.029938, 0.995728]","[-0.060791, -0.050049, 0.077637]","[[0.984680, -0.112488, -0.132446], [0.119080, 0.991821, 0.043274], [0.126465, -0.058411, 0.990112]]",0.98468,"[8046, 7918, 7337, 7740]"
46.566727,"[-0.707031, 0.656250, -1.914062]","[-2.259059, 1.539242, -1.099475]","[-1.139997, 0.619999, -0.874249]","[-0.880241, 1.060105, -0.538715]","[0.128906, 0.043701, -0.113770]","[0.025543, 0.063110, -0.058167, 0.995972]","[0.051819, 0.085602, -0.030914, 0.994476]","[0.059082, 0.066406, -0.058838]","[[0.985168, -0.112732, -0.128662], [0.119080, 0.991821, 0.043457], [0.122681, -0.058228, 0.990601]]",0.985168,"[7977, 7846, 7383, 7737]"
46.599934,"[-0.750000, 0.687500, -1.921875]","[-2.292339, 1.580491, -1.120089]","[-1.179998, 0.629999, -0.897066]","[-0.823235, 1.051630, -0.516689]","[0.126953, 0.042725, -0.113281]","[0.024933, 0.062164, -0.057831, 0.996094]","[0.052032, 0.082916, -0.030792, 0.994690]","[-0.108887, -0.139893, 0.039795]","[[0.985596, -0.112183, -0.126770], [0.118286, 0.992065, 0.042419], [0.120911, -0.056824, 0.991028]]",0.985596,"[8050, 7832, 7302, 7713]"
46.633137,"[-0.796875, 0.718750, -1.933594]","[-2.323348, 1.621392, -1.139827]","[-1.439999, 0.789999, -1.066938]","[-0.764313, 1.041885, -0.493525]","[0.123535, 0.045410, -0.113037]","[0.026245, 0.060394, -0.057831, 0.996155]","[0.045624, 0.068573, -0.029694, 0.996155]","[0.474121, -1.214111, -0.031250]","[[0.985962, -0.112122, -0.123352], [0.118347, 0.991882, 0.045227], [0.117249, -0.059265, 0.991272]]",0.985962,"[7960, 7773, 7274, 7708]"
46.668285,"[-0.839844, 0.738281, -1.945312]","[-2.337978, 1.641684, -1.149352]","[-1.249998, 0.659998, -1.079702]","[-0.734150, 1.036533, -0.481540]","[0.121094, 0.049561, -0.112061]","[0.028168, 0.059113, -0.057465, 0.996216]","[0.052856, 0.076965, -0.030609, 0.995148]","[-0.520508, 0.673584, 0.101562]","[[0.986389, -0.111206, -0.121033], [0.117798, 0.991821, 0.049255], [0.114441, -0.062927, 0.991455]]",0.986389,"[7802, 7895, 7307, 7598]"
