t,p,p_d,v,v_d,Angles,q,q_sp,w,R,T_sp,rpm
126.772995,"[-0.066406, 0.066406, -0.964844]","[-0.000000, 0.000000, -0.000000]","[0.009998, 0.000000, -0.197874]","[-0.000000, 0.000002, -0.000001]","[0.011475, -0.015869, -0.007812]","[-0.007996, 0.005859, -0.003845, 0.999939]","[0.000000, 0.000702, -0.003998, 0.999969]","[-0.127930, 0.204834, -0.108887]","[[0.999878, -0.007812, -0.011597], [0.007568, 0.999817, -0.016052], [0.011719, 0.015930, 0.999756]]",0.999878,"[7503, 7492, 7499, 7415]"
126.913635,"[-0.066406, 0.066406, -0.976562]","[-0.000000, 0.000003, -0.000002]","[0.000000, 0.000000, -0.303782]","[-0.000005, 0.000065, -0.000035]","[0.003174, -0.008545, -0.007812]","[-0.004333, 0.001648, -0.003906, 1.000000]","[0.000000, 0.000092, -0.003998, 0.999969]","[-0.122070, 0.092041, -0.152100]","[[1.000000, -0.007874, -0.003296], [0.007751, 1.000000, -0.008728], [0.003296, 0.008606, 1.000000]]",1.0,"[7686, 7672, 7615, 7626]"
126.915565,"[-0.066406, 0.066406, -0.976562]","[-0.000000, 0.000003, -0.000002]","[0.009998, 0.009998, -0.303782]","[-0.000005, 0.000065, -0.000035]","[0.003174, -0.008545, -0.007812]","[-0.004333, 0.001648, -0.003906, 1.000000]","[-0.000610, 0.000702, -0.003998, 0.999969]","[-0.122070, 0.092041, -0.152100]","[[1.000000, -0.007874, -0.003296], [0.007751, 1.000000, -0.008728], [0.003296, 0.008606, 1.000000]]",1.0,"[7668, 7657, 7624, 7614]"
126.933144,"[-0.066406, 0.066406, -0.953125]","[-0.000000, 0.000005, -0.000002]","[0.019999, 0.009998, -0.334497]","[-0.000007, 0.000089, -0.000048]","[0.004395, -0.006836, -0.008301]","[-0.003510, 0.002258, -0.004211, 1.000000]","[-0.000610, 0.001190, -0.003998, 0.999969]","[0.056885, 0.255371, 0.016846]","[[1.000000, -0.008484, -0.004517], [0.008362, 1.000000, -0.007080], [0.004517, 0.006958, 1.000000]]",1.0,"[7664, 7670, 7584, 7639]"
127.08744,"[-0.058594, 0.066406, -0.910156]","[-0.000004, 0.000048, -0.000026]","[0.049999, 0.009998, 0.278244]","[-0.000041, 0.000562, -0.000303]","[0.002930, -0.005615, -0.010986]","[-0.002869, 0.001556, -0.005524, 1.000000]","[-0.000610, 0.003143, -0.003998, 0.999969]","[0.044678, 0.246338, -0.054199]","[[1.000000, -0.011108, -0.003113], [0.010986, 1.000000, -0.005798], [0.003113, 0.005676, 1.000000]]",1.0,"[7851, 7846, 7860, 7930]"
127.210503,"[-0.058594, 0.066406, -0.878906]","[-0.000012, 0.000160, -0.000086]","[0.059999, 0.039999, 0.340652]","[-0.000105, 0.001447, -0.000780]","[0.002930, -0.005371, -0.017822]","[-0.002716, 0.001495, -0.008972, 0.999969]","[-0.002075, 0.003754, -0.003998, 0.999969]","[0.105957, -0.171631, -0.067871]","[[0.999878, -0.018005, -0.002930], [0.017883, 0.999878, -0.005493], [0.002930, 0.005371, 1.000000]]",0.999878,"[8027, 8032, 7978, 8090]"
127.212448,"[-0.046875, 0.066406, -0.859375]","[-0.000012, 0.000160, -0.000086]","[0.089998, 0.049999, 0.432941]","[-0.000105, 0.001447, -0.000780]","[0.003174, -0.005371, -0.018066]","[-0.002686, 0.001678, -0.009033, 0.999969]","[-0.002563, 0.005951, -0.003998, 0.999969]","[0.019775, 0.186768, -0.056152]","[[0.999878, -0.018127, -0.003296], [0.018005, 0.999878, -0.005432], [0.003296, 0.005310, 1.000000]]",0.999878,"[8027, 8028, 7963, 8100]"
127.360886,"[-0.046875, 0.078125, -0.816406]","[-0.000039, 0.000547, -0.000295]","[0.099998, 0.059999, 0.442936]","[-0.000269, 0.003767, -0.002033]","[0.008301, -0.008301, -0.029541]","[-0.004089, 0.004303, -0.014801, 0.999847]","[-0.003784, 0.006439, -0.003998, 0.999939]","[0.043213, 0.319824, -0.086670]","[[0.999390, -0.029663, -0.008484], [0.029541, 0.999390, -0.008362], [0.008606, 0.007996, 0.999817]]",0.99939,"[8086, 8140, 8068, 8220]"
127.362839,"[-0.039062, 0.089844, -0.816406]","[-0.000039, 0.000547, -0.000295]","[0.109999, 0.059999, 0.442936]","[-0.000269, 0.003767, -0.002033]","[0.008301, -0.008301, -0.029541]","[-0.004089, 0.004303, -0.014801, 0.999847]","[-0.004639, 0.007538, -0.003967, 0.999939]","[0.043213, 0.319824, -0.086670]","[[0.999390, -0.029663, -0.008484], [0.029541, 0.999390, -0.008362], [0.008606, 0.007996, 0.999817]]",0.99939,"[8098, 8147, 8066, 8201]"
127.370644,"[-0.027344, 0.089844, -0.796875]","[-0.000039, 0.000547, -0.000295]","[0.099998, 0.039999, 0.486982]","[-0.000269, 0.003767, -0.002033]","[0.008789, -0.008545, -0.030518]","[-0.004211, 0.004578, -0.015259, 0.999847]","[-0.003571, 0.007660, -0.003998, 0.999939]","[-0.083740, -0.044434, -0.092041]","[[0.999390, -0.030579, -0.008972], [0.030457, 0.999390, -0.008606], [0.009216, 0.008240, 0.999817]]",0.99939,"[8073, 8162, 8102, 8200]"
127.487839,"[-0.027344, 0.097656, -0.769531]","[-0.000082, 0.001147, -0.000619]","[0.119999, 0.059999, 0.501225]","[-0.000471, 0.006670, -0.003602]","[0.011963, -0.011475, -0.039795]","[-0.005707, 0.006134, -0.019867, 0.999756]","[-0.004913, 0.008881, -0.003967, 0.999939]","[-0.001953, 0.216553, -0.028564]","[[0.999084, -0.039856, -0.012024], [0.039612, 0.999084, -0.011658], [0.012390, 0.011169, 0.999756]]",0.999084,"[8141, 8229, 8151, 8314]"
127.505409,"[-0.019531, 0.097656, -0.753906]","[-0.000092, 0.001283, -0.000693]","[0.139999, 0.080000, 0.515921]","[-0.000512, 0.007269, -0.003926]","[0.011475, -0.011963, -0.041016]","[-0.005859, 0.005890, -0.020538, 0.999756]","[-0.005890, 0.010223, -0.003967, 0.999908]","[-0.142334, 0.136719, -0.065918]","[[0.999084, -0.041199, -0.011536], [0.040955, 0.999084, -0.011963], [0.011902, 0.011475, 0.999817]]",0.999084,"[8180, 8230, 8186, 8335]"
127.642143,"[-0.019531, 0.097656, -0.722656]","[-0.000185, 0.002614, -0.001412]","[0.119999, 0.059999, 0.422737]","[-0.000870, 0.012520, -0.006766]","[0.018066, -0.016357, -0.052002]","[-0.007965, 0.009277, -0.025970, 0.999603]","[-0.005035, 0.009735, -0.003967, 0.999908]","[0.052734, -0.020020, -0.185547]","[[0.998535, -0.052124, -0.018127], [0.051758, 0.998535, -0.016418], [0.018860, 0.015442, 0.999756]]",0.998535,"[8171, 8245, 8175, 8362]"
127.644089,"[0.000000, 0.109375, -0.722656]","[-0.000185, 0.002614, -0.001412]","[0.119999, 0.080000, 0.422737]","[-0.000870, 0.012520, -0.006766]","[0.018066, -0.016357, -0.052002]","[-0.007965, 0.009277, -0.025970, 0.999603]","[-0.006744, 0.010834, -0.003937, 0.999908]","[0.052734, -0.020020, -0.185547]","[[0.998535, -0.052124, -0.018127], [0.051758, 0.998535, -0.016418], [0.018860, 0.015442, 0.999756]]",0.998535,"[8190, 8265, 8177, 8357]"
127.675331,"[0.007812, 0.109375, -0.710938]","[-0.000221, 0.003139, -0.001695]","[0.150000, 0.089998, 0.318794]","[-0.000995, 0.014387, -0.007777]","[0.018066, -0.017822, -0.054199]","[-0.008698, 0.009308, -0.027008, 0.999542]","[-0.007233, 0.012909, -0.003906, 0.999878]","[-0.121582, 0.026611, 0.070068]","[[0.998291, -0.054199, -0.018127], [0.053833, 0.998291, -0.017944], [0.018982, 0.016846, 0.999573]]",0.998291,"[8137, 8246, 8127, 8324]"
127.823776,"[0.007812, 0.109375, -0.691406]","[-0.000392, 0.005624, -0.003039]","[0.129999, 0.080000, 0.270826]","[-0.001520, 0.022344, -0.012088]","[0.022461, -0.021729, -0.066895]","[-0.010529, 0.011627, -0.033295, 0.999329]","[-0.006866, 0.012299, -0.003937, 0.999878]","[-0.271729, 0.300049, -0.120117]","[[0.997498, -0.066895, -0.022522], [0.066284, 0.997559, -0.021851], [0.023865, 0.020264, 0.999512]]",0.997498,"[8103, 8240, 8061, 8284]"
127.827682,"[0.027344, 0.117188, -0.691406]","[-0.000422, 0.006074, -0.003282]","[0.119999, 0.089998, 0.203554]","[-0.001607, 0.023671, -0.012808]","[0.022217, -0.021484, -0.066895]","[-0.010437, 0.011475, -0.033356, 0.999298]","[-0.007843, 0.012878, -0.003906, 0.999878]","[0.177734, -0.051270, -0.000488]","[[0.997375, -0.066956, -0.022217], [0.066467, 0.997437, -0.021667], [0.023560, 0.020081, 0.999390]]",0.997375,"[8090, 8210, 8061, 8298]"
127.845268,"[0.027344, 0.117188, -0.691406]","[-0.000422, 0.006074, -0.003282]","[0.150000, 0.089998, 0.200991]","[-0.001607, 0.023671, -0.012808]","[0.022949, -0.021973, -0.068604]","[-0.010559, 0.011932, -0.034119, 0.999298]","[-0.007843, 0.014343, -0.003906, 0.999847]","[0.086182, -0.169922, -0.156250]","[[0.997375, -0.068542, -0.023132], [0.067932, 0.997437, -0.021973], [0.024475, 0.020264, 0.999512]]",0.997375,"[8065, 8218, 8079, 8299]"
127.966354,"[0.039062, 0.136719, -0.679688]","[-0.000687, 0.010013, -0.005415]","[0.129999, 0.080000, 0.173431]","[-0.002293, 0.034375, -0.018615]","[0.024902, -0.024658, -0.078857]","[-0.011902, 0.013000, -0.039246, 0.999084]","[-0.008209, 0.014465, -0.003906, 0.999847]","[-0.078369, 0.325195, -0.079102]","[[0.996582, -0.078796, -0.025024], [0.078064, 0.996643, -0.024841], [0.026855, 0.022766, 0.999390]]",0.996582,"[8074, 8200, 8005, 8295]"
127.968307,"[0.046875, 0.136719, -0.679688]","[-0.000687, 0.010013, -0.005415]","[0.109999, 0.080000, 0.173431]","[-0.002293, 0.034375, -0.018615]","[0.024902, -0.024658, -0.078857]","[-0.011902, 0.013000, -0.039246, 0.999084]","[-0.008209, 0.014099, -0.003906, 0.999847]","[-0.078369, 0.325195, -0.079102]","[[0.996582, -0.078796, -0.025024], [0.078064, 0.996643, -0.024841], [0.026855, 0.022766, 0.999390]]",0.996582,"[8069, 8213, 8013, 8281]"
127.978065,"[0.039062, 0.148438, -0.679688]","[-0.000687, 0.010013, -0.005415]","[0.150000, 0.099998, 0.187872]","[-0.002293, 0.034375, -0.018615]","[0.024658, -0.024658, -0.079834]","[-0.011841, 0.012848, -0.039795, 0.999054]","[-0.009796, 0.015564, -0.003845, 0.999817]","[0.083496, -0.415283, -0.097168]","[[0.996460, -0.079834, -0.024719], [0.079224, 0.996521, -0.024719], [0.026550, 0.022644, 0.999329]]",0.99646,"[8079, 8233, 8022, 8277]"
128.011276,"[0.058594, 0.148438, -0.679688]","[-0.000781, 0.011424, -0.006179]","[0.129999, 0.080000, 0.161768]","[-0.002515, 0.037902, -0.020531]","[0.024658, -0.024658, -0.081787]","[-0.011871, 0.012909, -0.040710, 0.999023]","[-0.008972, 0.015808, -0.003876, 0.999817]","[0.145752, 0.160156, -0.067383]","[[0.996338, -0.081726, -0.024841], [0.080994, 0.996399, -0.024841], [0.026672, 0.022644, 0.999390]]",0.996338,"[8078, 8251, 8022, 8237]"
128.044479,"[0.058594, 0.148438, -0.675781]","[-0.000884, 0.012977, -0.007020]","[0.139999, 0.099998, 0.113152]","[-0.002748, 0.041643, -0.022563]","[0.023926, -0.024902, -0.083740]","[-0.011963, 0.012573, -0.041718, 0.998962]","[-0.009827, 0.016296, -0.003845, 0.999786]","[0.001221, -0.058838, -0.052979]","[[0.996094, -0.083679, -0.024109], [0.083069, 0.996155, -0.025024], [0.026062, 0.022827, 0.999329]]",0.996094,"[8085, 8237, 8002, 8246]"
128.185104,"[0.066406, 0.148438, -0.667969]","[-0.001320, 0.019652, -0.010639]","[0.109999, 0.059999, 0.114481]","[-0.003652, 0.056450, -0.030615]","[0.026367, -0.026611, -0.091064]","[-0.012756, 0.013794, -0.045380, 0.998779]","[-0.007629, 0.015839, -0.003876, 0.999817]","[0.075195, 0.036133, -0.064697]","[[0.995422, -0.091064, -0.026428], [0.090332, 0.995483, -0.026794], [0.028625, 0.024231, 0.999207]]",0.995422,"[8043, 8215, 8001, 8261]"
128.187057,"[0.078125, 0.156250, -0.675781]","[-0.001320, 0.019652, -0.010639]","[0.129999, 0.070000, 0.090141]","[-0.003652, 0.056450, -0.030615]","[0.027100, -0.026855, -0.091309]","[-0.012848, 0.014252, -0.045471, 0.998779]","[-0.008606, 0.017517, -0.003845, 0.999786]","[-0.112061, -0.148193, -0.080811]","[[0.995422, -0.091248, -0.027283], [0.090515, 0.995483, -0.027039], [0.029602, 0.024353, 0.999207]]",0.995422,"[8057, 8219, 8045, 8252]"
128.212448,"[0.078125, 0.156250, -0.675781]","[-0.001392, 0.020776, -0.011249]","[0.099998, 0.059999, 0.102175]","[-0.003792, 0.058782, -0.031884]","[0.028320, -0.027832, -0.092529]","[-0.013275, 0.014832, -0.046082, 0.998749]","[-0.007996, 0.016052, -0.003876, 0.999817]","[-0.003174, 0.228760, -0.087646]","[[0.995300, -0.092529, -0.028381], [0.091675, 0.995422, -0.027954], [0.030823, 0.025146, 0.999207]]",0.9953,"[8078, 8211, 7993, 8268]"
128.245636,"[0.089844, 0.167969, -0.675781]","[-0.001546, 0.023166, -0.012545]","[0.129999, 0.080000, 0.004658]","[-0.004079, 0.063616, -0.034516]","[0.028320, -0.027344, -0.093262]","[-0.013062, 0.014832, -0.046448, 0.998718]","[-0.009460, 0.018616, -0.003845, 0.999756]","[-0.069336, -0.132080, -0.015869]","[[0.995178, -0.093262, -0.028442], [0.092407, 0.995300, -0.027527], [0.030762, 0.024719, 0.999146]]",0.995178,"[8031, 8171, 8013, 8286]"
128.278854,"[0.089844, 0.167969, -0.679688]","[-0.001711, 0.025749, -0.013947]","[0.099998, 0.070000, -0.013786]","[-0.004375, 0.068670, -0.037269]","[0.027832, -0.026855, -0.094238]","[-0.012726, 0.014618, -0.046936, 0.998718]","[-0.008850, 0.017273, -0.003845, 0.999786]","[-0.214111, 0.313477, -0.021729]","[[0.995178, -0.094238, -0.028015], [0.093384, 0.995300, -0.026855], [0.030334, 0.024048, 0.999268]]",0.995178,"[8021, 8206, 7951, 8153]"
128.312057,"[0.089844, 0.167969, -0.675781]","[-0.001798, 0.027116, -0.014689]","[0.139999, 0.080000, 0.033926]","[-0.004527, 0.071278, -0.038691]","[0.028076, -0.027832, -0.094971]","[-0.013245, 0.014740, -0.047302, 0.998688]","[-0.009216, 0.019348, -0.003845, 0.999756]","[0.017090, -0.133789, 0.031250]","[[0.995056, -0.094910, -0.028198], [0.094055, 0.995178, -0.027893], [0.030640, 0.025085, 0.999207]]",0.995056,"[8033, 8173, 7941, 8241]"
128.440964,"[0.109375, 0.179688, -0.675781]","[-0.002493, 0.038184, -0.020700]","[0.109999, 0.070000, 0.024117]","[-0.005650, 0.091057, -0.049481]","[0.031250, -0.027832, -0.094971]","[-0.013153, 0.016266, -0.047302, 0.998657]","[-0.008850, 0.019592, -0.003845, 0.999756]","[0.125000, 0.025146, -0.014160]","[[0.994934, -0.094971, -0.031250], [0.093994, 0.995117, -0.027893], [0.033691, 0.024719, 0.999084]]",0.994934,"[8054, 8176, 7975, 8231]"
128.44487,"[0.109375, 0.179688, -0.683594]","[-0.002493, 0.038184, -0.020700]","[0.089998, 0.059999, -0.004910]","[-0.005650, 0.091057, -0.049481]","[0.031494, -0.027832, -0.094971]","[-0.013184, 0.016449, -0.047302, 0.998657]","[-0.008362, 0.018616, -0.003845, 0.999756]","[0.062256, -0.207275, -0.021729]","[[0.994934, -0.094971, -0.031616], [0.093994, 0.995117, -0.027954], [0.034058, 0.024780, 0.999084]]",0.994934,"[8046, 8203, 8002, 8220]"
128.583542,"[0.117188, 0.187500, -0.687500]","[-0.003347, 0.052133, -0.028284]","[0.089998, 0.049999, -0.081818]","[-0.006861, 0.113409, -0.061699]","[0.032471, -0.026367, -0.090820]","[-0.012512, 0.016846, -0.045166, 0.998749]","[-0.007385, 0.019623, -0.003876, 0.999756]","[0.033691, -0.175781, 0.003418]","[[0.995300, -0.090698, -0.032532], [0.089844, 0.995544, -0.026550], [0.034729, 0.023499, 0.999023]]",0.9953,"[8023, 8159, 7985, 8174]"
128.585495,"[0.128906, 0.187500, -0.687500]","[-0.003347, 0.052133, -0.028284]","[0.099998, 0.059999, -0.081818]","[-0.006861, 0.113409, -0.061699]","[0.032471, -0.026367, -0.090820]","[-0.012512, 0.016846, -0.045166, 0.998749]","[-0.007874, 0.020813, -0.003845, 0.999725]","[0.033691, -0.175781, 0.003418]","[[0.995300, -0.090698, -0.032532], [0.089844, 0.995544, -0.026550], [0.034729, 0.023499, 0.999023]]",0.9953,"[8063, 8169, 7986, 8157]"
128.612839,"[0.128906, 0.187500, -0.687500]","[-0.003622, 0.056696, -0.030767]","[0.080000, 0.049999, -0.039129]","[-0.007218, 0.120248, -0.065443]","[0.033691, -0.026367, -0.090088]","[-0.012482, 0.017426, -0.044800, 0.998749]","[-0.007019, 0.019989, -0.003876, 0.999756]","[-0.050293, -0.085938, 0.061035]","[[0.995300, -0.090027, -0.033691], [0.089050, 0.995544, -0.026550], [0.035889, 0.023376, 0.998962]]",0.9953,"[8014, 8169, 7982, 8172]"
128.745651,"[0.128906, 0.187500, -0.695312]","[-0.004696, 0.074848, -0.040653]","[0.070000, 0.049999, -0.047165]","[-0.008498, 0.145670, -0.079380]","[0.035645, -0.026123, -0.086426]","[-0.012360, 0.018402, -0.042938, 0.998840]","[-0.005920, 0.019989, -0.003906, 0.999756]","[-0.051270, -0.001465, -0.021240]","[[0.995667, -0.086304, -0.035706], [0.085327, 0.996033, -0.026306], [0.037781, 0.023132, 0.999023]]",0.995667,"[8068, 8175, 8015, 8216]"
128.747604,"[0.128906, 0.199219, -0.695312]","[-0.004696, 0.074848, -0.040653]","[0.059999, 0.049999, -0.064825]","[-0.008498, 0.145670, -0.079380]","[0.036133, -0.025635, -0.086426]","[-0.012054, 0.018585, -0.043030, 0.998840]","[-0.006531, 0.019501, -0.003876, 0.999756]","[0.309814, 0.183594, -0.036621]","[[0.995605, -0.086487, -0.036133], [0.085510, 0.996033, -0.025757], [0.038086, 0.022461, 0.999023]]",0.995605,"[8087, 8155, 8019, 8219]"
128.749557,"[0.136719, 0.199219, -0.699219]","[-0.004696, 0.074848, -0.040653]","[0.070000, 0.059999, -0.070051]","[-0.008498, 0.145670, -0.079380]","[0.036377, -0.025635, -0.086426]","[-0.012054, 0.018738, -0.042999, 0.998840]","[-0.007019, 0.020477, -0.003876, 0.999756]","[0.003174, 0.161865, 0.055176]","[[0.995605, -0.086426, -0.036438], [0.085449, 0.996033, -0.025757], [0.038391, 0.022461, 0.999023]]",0.995605,"[8075, 8141, 8019, 8223]"
128.802277,"[0.136719, 0.199219, -0.703125]","[-0.005035, 0.080687, -0.043835]","[0.049999, 0.039999, -0.111460]","[-0.008868, 0.153335, -0.083589]","[0.036377, -0.024658, -0.084229]","[-0.011566, 0.018677, -0.041901, 0.998871]","[-0.005554, 0.019745, -0.003906, 0.999756]","[-0.060303, -0.168457, 0.089355]","[[0.995728, -0.084229, -0.036377], [0.083252, 0.996155, -0.024719], [0.038208, 0.021545, 0.998962]]",0.995728,"[8024, 8153, 8004, 8143]"
128.815948,"[0.136719, 0.199219, -0.703125]","[-0.005210, 0.083720, -0.045489]","[0.059999, 0.049999, -0.135759]","[-0.009053, 0.157231, -0.085730]","[0.036621, -0.024658, -0.083740]","[-0.011597, 0.018829, -0.041656, 0.998901]","[-0.006042, 0.020233, -0.003876, 0.999756]","[-0.139160, 0.193115, 0.085449]","[[0.995850, -0.083740, -0.036682], [0.082764, 0.996277, -0.024780], [0.038513, 0.021606, 0.999023]]",0.99585,"[8068, 8136, 7984, 8181]"
128.847198,"[0.136719, 0.207031, -0.707031]","[-0.005571, 0.090016, -0.048922]","[0.070000, 0.049999, -0.075483]","[-0.009423, 0.165146, -0.090080]","[0.035889, -0.024658, -0.082764]","[-0.011597, 0.018463, -0.041138, 0.998901]","[-0.006042, 0.020844, -0.003876, 0.999756]","[-0.014893, -0.216309, 0.077637]","[[0.995850, -0.082703, -0.035950], [0.081726, 0.996277, -0.024719], [0.037781, 0.021667, 0.998962]]",0.99585,"[8048, 8145, 7979, 8165]"
128.880402,"[0.136719, 0.207031, -0.710938]","[-0.005757, 0.093278, -0.050702]","[0.049999, 0.039999, -0.095055]","[-0.009607, 0.169159, -0.092288]","[0.035889, -0.022461, -0.081299]","[-0.010559, 0.018494, -0.040466, 0.998962]","[-0.005066, 0.020111, -0.003906, 0.999756]","[0.234131, 0.008057, -0.037598]","[[0.996033, -0.081299, -0.036072], [0.080444, 0.996521, -0.022644], [0.037781, 0.019592, 0.999084]]",0.996033,"[8059, 8136, 7993, 8160]"
128.917526,"[0.148438, 0.207031, -0.714844]","[-0.006139, 0.100045, -0.054394]","[0.070000, 0.049999, -0.110825]","[-0.009976, 0.177307, -0.096773]","[0.037354, -0.022461, -0.079834]","[-0.010529, 0.019165, -0.039703, 0.998993]","[-0.005188, 0.021820, -0.003906, 0.999725]","[0.151611, -0.057129, -0.037598]","[[0.996155, -0.079773, -0.037476], [0.078918, 0.996704, -0.022583], [0.039062, 0.019531, 0.999084]]",0.996155,"[8037, 8104, 7997, 8181]"
128.948761,"[0.148438, 0.207031, -0.718750]","[-0.006536, 0.107132, -0.058263]","[0.039999, 0.039999, -0.157169]","[-0.010341, 0.185602, -0.101343]","[0.038086, -0.020752, -0.078857]","[-0.009705, 0.019440, -0.039246, 0.998993]","[-0.004211, 0.020477, -0.003937, 0.999756]","[0.008057, 0.013916, 0.099854]","[[0.996155, -0.078857, -0.038086], [0.078003, 0.996704, -0.020935], [0.039551, 0.017883, 0.999023]]",0.996155,"[8005, 8132, 8008, 8135]"
129.019089,"[0.156250, 0.218750, -0.722656]","[-0.007373, 0.122296, -0.066547]","[0.039999, 0.049999, -0.134663]","[-0.011063, 0.202606, -0.110723]","[0.039551, -0.021973, -0.076660]","[-0.010223, 0.020233, -0.038147, 0.999023]","[-0.004456, 0.021210, -0.003906, 0.999756]","[0.248047, 0.023438, -0.067383]","[[0.996277, -0.076660, -0.039673], [0.075806, 0.996887, -0.022034], [0.041138, 0.018860, 0.998962]]",0.996277,"[8051, 8094, 7981, 8184]"
129.048386,"[0.156250, 0.218750, -0.726562]","[-0.007590, 0.126296, -0.068733]","[0.049999, 0.029999, -0.149578]","[-0.011240, 0.206936, -0.113114]","[0.038574, -0.020996, -0.076416]","[-0.009766, 0.019684, -0.037994, 0.999054]","[-0.002991, 0.021820, -0.003937, 0.999725]","[0.289062, 0.061279, -0.104736]","[[0.996399, -0.076355, -0.038574], [0.075500, 0.996948, -0.021057], [0.040039, 0.018005, 0.999084]]",0.996399,"[8040, 8166, 7966, 8155]"
129.083542,"[0.156250, 0.218750, -0.730469]","[-0.008036, 0.134549, -0.073245]","[0.039999, 0.049999, -0.154261]","[-0.011590, 0.215686, -0.117949]","[0.038574, -0.021729, -0.075439]","[-0.010101, 0.019684, -0.037476, 0.999054]","[-0.003479, 0.021454, -0.003937, 0.999725]","[-0.413574, 0.363525, 0.041504]","[[0.996399, -0.075317, -0.038574], [0.074463, 0.996948, -0.021729], [0.040039, 0.018677, 0.999023]]",0.996399,"[8044, 8138, 7965, 8153]"
129.116745,"[0.156250, 0.218750, -0.734375]","[-0.008496, 0.143147, -0.077948]","[0.019999, 0.039999, -0.157818]","[-0.011934, 0.224547, -0.122852]","[0.038818, -0.020752, -0.074707]","[-0.009705, 0.019867, -0.037140, 0.999054]","[-0.002502, 0.020599, -0.003967, 0.999756]","[0.064941, -0.033691, 0.037598]","[[0.996399, -0.074646, -0.039001], [0.073792, 0.996948, -0.020935], [0.040344, 0.017883, 0.998962]]",0.996399,"[8077, 8101, 7987, 8204]"
129.183151,"[0.156250, 0.226562, -0.738281]","[-0.009210, 0.156698, -0.085365]","[0.019999, 0.049999, -0.193443]","[-0.012434, 0.238030, -0.130320]","[0.037354, -0.019775, -0.072266]","[-0.009186, 0.019043, -0.035950, 0.999146]","[-0.002136, 0.020844, -0.003967, 0.999756]","[0.023438, -0.042236, 0.000244]","[[0.996704, -0.072205, -0.037415], [0.071472, 0.997253, -0.019775], [0.038635, 0.016968, 0.999146]]",0.996704,"[8083, 8119, 7940, 8180]"
129.249557,"[0.156250, 0.226562, -0.746094]","[-0.009952, 0.171046, -0.093223]","[0.009998, 0.059999, -0.130428]","[-0.012914, 0.251717, -0.137914]","[0.037354, -0.017090, -0.071045]","[-0.007874, 0.019043, -0.035400, 0.999146]","[-0.001526, 0.020966, -0.003967, 0.999756]","[0.115967, -0.152344, 0.020020]","[[0.996704, -0.071106, -0.037476], [0.070496, 0.997253, -0.017151], [0.038574, 0.014343, 0.999084]]",0.996704,"[8064, 8144, 8004, 8176]"
129.284698,"[0.156250, 0.226562, -0.753906]","[-0.010463, 0.181054, -0.098708]","[0.009998, 0.039999, -0.150646]","[-0.013221, 0.260937, -0.143037]","[0.038086, -0.017090, -0.070557]","[-0.007874, 0.019440, -0.035095, 0.999146]","[0.000153, 0.021088, -0.004028, 0.999756]","[0.025635, -0.159424, -0.078613]","[[0.996704, -0.070557, -0.038269], [0.069824, 0.997314, -0.017151], [0.039368, 0.014343, 0.999023]]",0.996704,"[8060, 8140, 8009, 8193]"
129.317917,"[0.156250, 0.226562, -0.757812]","[-0.010985, 0.191428, -0.104396]","[-0.009998, 0.039999, -0.176466]","[-0.013517, 0.270229, -0.148206]","[0.039062, -0.016357, -0.069824]","[-0.007507, 0.019836, -0.034760, 0.999146]","[0.000763, 0.020264, -0.004028, 0.999756]","[-0.033936, 0.239502, 0.128174]","[[0.996643, -0.069824, -0.039124], [0.069214, 0.997314, -0.016418], [0.040100, 0.013611, 0.998962]]",0.996643,"[8061, 8112, 8008, 8191]"
129.351105,"[0.156250, 0.238281, -0.757812]","[-0.011519, 0.202171, -0.110289]","[0.009998, 0.059999, -0.147902]","[-0.013800, 0.279584, -0.153417]","[0.038818, -0.015625, -0.069336]","[-0.007202, 0.019684, -0.034515, 0.999176]","[-0.000061, 0.021332, -0.003998, 0.999756]","[0.117676, -0.215088, -0.070557]","[[0.996765, -0.069336, -0.038818], [0.068726, 0.997437, -0.015808], [0.039795, 0.013000, 0.999084]]",0.996765,"[8068, 8123, 7999, 8206]"
129.384323,"[0.156250, 0.238281, -0.761719]","[-0.011789, 0.207673, -0.113309]","[-0.009998, 0.059999, -0.162653]","[-0.013936, 0.284276, -0.156032]","[0.037842, -0.013916, -0.068604]","[-0.006348, 0.019196, -0.034149, 0.999207]","[0.000397, 0.020508, -0.004028, 0.999756]","[-0.018066, 0.152832, 0.095703]","[[0.996887, -0.068542, -0.037903], [0.068054, 0.997559, -0.014038], [0.038757, 0.011353, 0.999146]]",0.996887,"[8091, 8172, 8020, 8147]"
129.419479,"[0.156250, 0.238281, -0.765625]","[-0.012339, 0.218966, -0.119509]","[-0.009998, 0.070000, -0.168097]","[-0.014198, 0.293703, -0.161294]","[0.037109, -0.013916, -0.068115]","[-0.006317, 0.018829, -0.033905, 0.999207]","[0.000763, 0.020630, -0.004028, 0.999756]","[0.042725, -0.147217, 0.042480]","[[0.996887, -0.068054, -0.037170], [0.067566, 0.997498, -0.013916], [0.038025, 0.011353, 0.999084]]",0.996887,"[8081, 8162, 8010, 8183]"
129.452667,"[0.156250, 0.238281, -0.769531]","[-0.012898, 0.230619, -0.125910]","[0.000000, 0.059999, -0.170610]","[-0.014446, 0.303161, -0.166579]","[0.036865, -0.012695, -0.067139]","[-0.005737, 0.018707, -0.033478, 0.999237]","[0.002106, 0.021118, -0.004059, 0.999756]","[0.125732, 0.065918, -0.006836]","[[0.997009, -0.067200, -0.036987], [0.066711, 0.997620, -0.012756], [0.037720, 0.010193, 0.999146]]",0.997009,"[8085, 8171, 8010, 8154]"
129.48587,"[0.156250, 0.250000, -0.773438]","[-0.013182, 0.236586, -0.129189]","[0.000000, 0.049999, -0.181015]","[-0.014563, 0.307902, -0.169231]","[0.035889, -0.011963, -0.066406]","[-0.005371, 0.018127, -0.033051, 0.999268]","[0.002594, 0.021240, -0.004059, 0.999756]","[0.035645, -0.077393, 0.037109]","[[0.997070, -0.066345, -0.035889], [0.065857, 0.997681, -0.011963], [0.036499, 0.009521, 0.999207]]",0.99707,"[8112, 8179, 8002, 8180]"
129.521027,"[0.156250, 0.250000, -0.777344]","[-0.013755, 0.248804, -0.135907]","[-0.019999, 0.080000, -0.161167]","[-0.014786, 0.317405, -0.174553]","[0.035889, -0.010986, -0.065674]","[-0.004944, 0.018188, -0.032776, 0.999268]","[0.001984, 0.020508, -0.004059, 0.999756]","[0.094727, -0.104004, 0.008057]","[[0.997070, -0.065735, -0.036011], [0.065369, 0.997681, -0.011108], [0.036621, 0.008667, 0.999207]]",0.99707,"[8122, 8157, 8013, 8190]"
129.552307,"[0.148438, 0.250000, -0.777344]","[-0.014337, 0.261388, -0.142829]","[-0.029999, 0.059999, -0.172691]","[-0.014992, 0.326918, -0.179889]","[0.035400, -0.010010, -0.065430]","[-0.004425, 0.017944, -0.032623, 0.999298]","[0.003693, 0.019653, -0.004089, 0.999786]","[0.069824, 0.024414, 0.039795]","[[0.997192, -0.065430, -0.035583], [0.065063, 0.997803, -0.010071], [0.036072, 0.007629, 0.999268]]",0.997192,"[8100, 8171, 8013, 8190]"
129.589401,"[0.148438, 0.257812, -0.781250]","[-0.014926, 0.274345, -0.149960]","[-0.029999, 0.089998, -0.189581]","[-0.015179, 0.336436, -0.185236]","[0.035156, -0.009277, -0.065186]","[-0.004089, 0.017792, -0.032501, 0.999298]","[0.002716, 0.019775, -0.004059, 0.999786]","[-0.040283, 0.087402, 0.064697]","[[0.997192, -0.065186, -0.035278], [0.064819, 0.997803, -0.009338], [0.035767, 0.007019, 0.999268]]",0.997192,"[8087, 8158, 8002, 8193]"
129.620636,"[0.156250, 0.257812, -0.785156]","[-0.015223, 0.280957, -0.153602]","[-0.019999, 0.080000, -0.172852]","[-0.015266, 0.341190, -0.187910]","[0.035156, -0.008301, -0.065186]","[-0.003632, 0.017761, -0.032501, 0.999329]","[0.003937, 0.020874, -0.004089, 0.999756]","[-0.009033, 0.080322, -0.022217]","[[0.997314, -0.065186, -0.035278], [0.064819, 0.997925, -0.008423], [0.035645, 0.006104, 0.999390]]",0.997314,"[8111, 8174, 8001, 8189]"
129.651886,"[0.156250, 0.257812, -0.785156]","[-0.015823, 0.294476, -0.161049]","[-0.019999, 0.070000, -0.156384]","[-0.015424, 0.350702, -0.193267]","[0.035156, -0.008545, -0.064941]","[-0.003693, 0.017761, -0.032410, 0.999329]","[0.005402, 0.021118, -0.004120, 0.999725]","[-0.043457, -0.193848, -0.052002]","[[0.997314, -0.065002, -0.035278], [0.064636, 0.997925, -0.008545], [0.035645, 0.006226, 0.999390]]",0.997314,"[8116, 8178, 8019, 8221]"
129.794464,"[0.148438, 0.269531, -0.800781]","[-0.017961, 0.344689, -0.188753]","[-0.019999, 0.080000, -0.194696]","[-0.015810, 0.383781, -0.211972]","[0.033936, -0.004150, -0.065674]","[-0.001556, 0.017090, -0.032867, 0.999329]","[0.007965, 0.021149, -0.004181, 0.999725]","[-0.016357, 0.026123, 0.089844]","[[0.997314, -0.065796, -0.034058], [0.065674, 0.997864, -0.004272], [0.034180, 0.001953, 0.999451]]",0.997314,"[8128, 8155, 8003, 8213]"
129.796432,"[0.156250, 0.269531, -0.800781]","[-0.017961, 0.344689, -0.188753]","[-0.049999, 0.109999, -0.177967]","[-0.015810, 0.383781, -0.211972]","[0.034424, -0.004150, -0.065918]","[-0.001526, 0.017334, -0.032898, 0.999329]","[0.006622, 0.020142, -0.004150, 0.999756]","[0.053223, 0.246338, -0.040283]","[[0.997314, -0.065857, -0.034546], [0.065735, 0.997864, -0.004211], [0.034668, 0.001892, 0.999451]]",0.997314,"[8100, 8167, 8008, 8222]"
129.79837,"[0.148438, 0.277344, -0.800781]","[-0.017961, 0.344689, -0.188753]","[-0.029999, 0.099998, -0.181221]","[-0.015810, 0.383781, -0.211972]","[0.034424, -0.004150, -0.065918]","[-0.001526, 0.017365, -0.032898, 0.999329]","[0.006866, 0.020630, -0.004150, 0.999725]","[0.004883, -0.023193, 0.002686]","[[0.997314, -0.065857, -0.034607], [0.065735, 0.997864, -0.004211], [0.034729, 0.001892, 0.999451]]",0.997314,"[8131, 8156, 7998, 8231]"
129.923386,"[0.148438, 0.289062, -0.816406]","[-0.020133, 0.399388, -0.219001]","[-0.039999, 0.119999, -0.221684]","[-0.015909, 0.416261, -0.230470]","[0.033936, -0.001221, -0.067139]","[-0.000092, 0.017059, -0.033539, 0.999298]","[0.009064, 0.020538, -0.004211, 0.999725]","[-0.186523, 0.064941, -0.031494]","[[0.997192, -0.067139, -0.034058], [0.067017, 0.997742, -0.001343], [0.034058, -0.000977, 0.999390]]",0.997192,"[8125, 8182, 7999, 8223]"
130.062042,"[0.136719, 0.308594, -0.835938]","[-0.022297, 0.458466, -0.251754]","[-0.049999, 0.160000, -0.292336]","[-0.015688, 0.447776, -0.248569]","[0.035400, 0.001953, -0.071289]","[0.001648, 0.017761, -0.035706, 0.999207]","[0.010406, 0.019928, -0.004211, 0.999725]","[0.024414, -0.267334, -0.045410]","[[0.996826, -0.071411, -0.035583], [0.071411, 0.997437, 0.001953], [0.035339, -0.004517, 0.999329]]",0.996826,"[8094, 8150, 8006, 8267]"
130.065948,"[0.136719, 0.308594, -0.839844]","[-0.022297, 0.458466, -0.251754]","[-0.049999, 0.129999, -0.269646]","[-0.015688, 0.447776, -0.248569]","[0.035400, 0.001953, -0.071533]","[0.001678, 0.017670, -0.035797, 0.999207]","[0.011871, 0.019928, -0.004242, 0.999695]","[-0.103027, 0.283691, -0.010742]","[[0.996826, -0.071594, -0.035400], [0.071594, 0.997437, 0.002014], [0.035156, -0.004578, 0.999329]]",0.996826,"[8103, 8146, 8008, 8285]"
130.149933,"[0.128906, 0.316406, -0.855469]","[-0.023512, 0.494126, -0.271565]","[-0.070000, 0.179998, -0.304287]","[-0.015408, 0.465214, -0.258660]","[0.034668, 0.004150, -0.072998]","[0.002777, 0.017273, -0.036530, 0.999207]","[0.011993, 0.018829, -0.004242, 0.999725]","[0.062744, -0.104980, -0.025146]","[[0.996826, -0.072998, -0.034729], [0.073120, 0.997375, 0.004211], [0.034241, -0.006775, 0.999451]]",0.996826,"[8126, 8136, 7952, 8258]"
130.155792,"[0.128906, 0.316406, -0.855469]","[-0.023812, 0.503261, -0.276645]","[-0.039999, 0.169998, -0.304928]","[-0.015320, 0.469504, -0.261153]","[0.034668, 0.004395, -0.072998]","[0.002930, 0.017242, -0.036591, 0.999176]","[0.012482, 0.020294, -0.004272, 0.999695]","[0.061768, 0.056885, -0.004395]","[[0.996704, -0.073120, -0.034668], [0.073242, 0.997253, 0.004517], [0.034180, -0.007080, 0.999329]]",0.996704,"[8134, 8140, 7971, 8238]"
130.216354,"[0.128906, 0.328125, -0.863281]","[-0.024701, 0.531136, -0.292160]","[-0.049999, 0.169998, -0.305927]","[-0.015009, 0.482168, -0.268533]","[0.033447, 0.005371, -0.074463]","[0.003448, 0.016693, -0.037262, 0.999146]","[0.014191, 0.020050, -0.004303, 0.999664]","[0.060791, -0.229004, -0.028809]","[[0.996582, -0.074402, -0.033630], [0.074524, 0.997131, 0.005554], [0.033020, -0.008118, 0.999329]]",0.996582,"[8125, 8169, 7941, 8227]"
130.222198,"[0.128906, 0.339844, -0.871094]","[-0.024701, 0.531136, -0.292160]","[-0.070000, 0.209999, -0.327194]","[-0.015009, 0.482168, -0.268533]","[0.033936, 0.005615, -0.074463]","[0.003540, 0.016846, -0.037323, 0.999146]","[0.011749, 0.019073, -0.004242, 0.999725]","[-0.059814, -0.078369, -0.006592]","[[0.996582, -0.074524, -0.033936], [0.074646, 0.997131, 0.005737], [0.033325, -0.008301, 0.999329]]",0.996582,"[8133, 8174, 7963, 8206]"
130.257355,"[0.117188, 0.339844, -0.878906]","[-0.025283, 0.550141, -0.302748]","[-0.070000, 0.169998, -0.332815]","[-0.014764, 0.490448, -0.273379]","[0.034424, 0.006104, -0.075195]","[0.003815, 0.017181, -0.037689, 0.999115]","[0.014923, 0.018372, -0.004272, 0.999695]","[-0.078369, 0.173584, 0.004150]","[[0.996460, -0.075195, -0.034607], [0.075439, 0.997009, 0.006226], [0.033997, -0.008911, 0.999268]]",0.99646,"[8084, 8153, 7988, 8205]"
130.411667,"[0.117188, 0.378906, -0.898438]","[-0.027495, 0.629275, -0.346938]","[-0.059999, 0.199999, -0.328802]","[-0.013469, 0.522051, -0.292055]","[0.032227, 0.010986, -0.077148]","[0.006256, 0.015991, -0.038635, 0.999084]","[0.017242, 0.019470, -0.004333, 0.999634]","[-0.068359, 0.001709, 0.029541]","[[0.996399, -0.077026, -0.032410], [0.077393, 0.996826, 0.011169], [0.031433, -0.013733, 0.999268]]",0.996399,"[8066, 8142, 7943, 8195]"
130.423386,"[0.117188, 0.386719, -0.906250]","[-0.027495, 0.629275, -0.346938]","[-0.070000, 0.219999, -0.356495]","[-0.013469, 0.522051, -0.292055]","[0.032227, 0.010986, -0.077393]","[0.006226, 0.015991, -0.038818, 0.999084]","[0.016144, 0.018982, -0.004303, 0.999664]","[0.015381, 0.104248, -0.086914]","[[0.996399, -0.077393, -0.032410], [0.077759, 0.996826, 0.011108], [0.031433, -0.013672, 0.999329]]",0.996399,"[8125, 8137, 7945, 8234]"
130.456589,"[0.109375, 0.398438, -0.914062]","[-0.028014, 0.649814, -0.358434]","[-0.089998, 0.279999, -0.373503]","[-0.013065, 0.529545, -0.296532]","[0.033203, 0.012207, -0.078125]","[0.006836, 0.016388, -0.039124, 0.999054]","[0.013702, 0.017609, -0.004242, 0.999725]","[-0.076416, -0.046875, 0.039551]","[[0.996277, -0.078003, -0.033264], [0.078369, 0.996704, 0.012268], [0.032166, -0.014954, 0.999268]]",0.996277,"[8056, 8164, 7998, 8218]"
130.589401,"[0.109375, 0.398438, -0.933594]","[-0.029690, 0.723927, -0.400008]","[-0.059999, 0.240000, -0.379089]","[-0.011390, 0.554358, -0.311527]","[0.029785, 0.011719, -0.082031]","[0.006500, 0.014709, -0.041107, 0.999023]","[0.020905, 0.019348, -0.004425, 0.999573]","[-0.155029, -0.011719, -0.033691]","[[0.996155, -0.081970, -0.029907], [0.082336, 0.996521, 0.011719], [0.028809, -0.014160, 0.999451]]",0.996155,"[8062, 8197, 7908, 8158]"
130.591354,"[0.109375, 0.417969, -0.937500]","[-0.029690, 0.723927, -0.400008]","[-0.080000, 0.249998, -0.363569]","[-0.011390, 0.554358, -0.311527]","[0.029785, 0.011719, -0.082275]","[0.006500, 0.014709, -0.041229, 0.999023]","[0.019562, 0.018372, -0.004364, 0.999603]","[0.045166, -0.028564, -0.132080]","[[0.996155, -0.082214, -0.029907], [0.082581, 0.996521, 0.011719], [0.028809, -0.014160, 0.999451]]",0.996155,"[8091, 8183, 7922, 8187]"
130.593307,"[0.097656, 0.429688, -0.941406]","[-0.029690, 0.723927, -0.400008]","[-0.089998, 0.259998, -0.378475]","[-0.011390, 0.554358, -0.311527]","[0.029541, 0.011963, -0.082520]","[0.006622, 0.014587, -0.041321, 0.999023]","[0.018463, 0.017273, -0.004333, 0.999664]","[0.176758, -0.095215, -0.072998]","[[0.996155, -0.082397, -0.029663], [0.082764, 0.996460, 0.011963], [0.028564, -0.014404, 0.999451]]",0.996155,"[8090, 8187, 7904, 8175]"
130.731979,"[0.089844, 0.457031, -0.960938]","[-0.031109, 0.801280, -0.443561]","[-0.059999, 0.269999, -0.348455]","[-0.009303, 0.576801, -0.325384]","[0.027344, 0.015625, -0.089600]","[0.008514, 0.013306, -0.044861, 0.998871]","[0.022003, 0.018768, -0.004425, 0.999542]","[-0.010498, -0.024414, -0.076660]","[[0.995605, -0.089478, -0.027344], [0.089844, 0.995789, 0.015747], [0.025757, -0.018188, 0.999451]]",0.995605,"[8065, 8221, 7890, 8200]"
130.733932,"[0.089844, 0.476562, -0.964844]","[-0.031109, 0.801280, -0.443561]","[-0.080000, 0.289999, -0.382414]","[-0.009303, 0.576801, -0.325384]","[0.026855, 0.015869, -0.089600]","[0.008575, 0.013062, -0.044891, 0.998871]","[0.020172, 0.017761, -0.004364, 0.999603]","[0.059082, -0.271240, -0.014893]","[[0.995605, -0.089539, -0.026855], [0.089905, 0.995789, 0.015869], [0.025269, -0.018311, 0.999512]]",0.995605,"[8051, 8226, 7897, 8171]"
130.759308,"[0.089844, 0.488281, -0.968750]","[-0.031460, 0.823929, -0.456344]","[-0.089998, 0.369999, -0.371229]","[-0.008631, 0.582749, -0.329118]","[0.026367, 0.015625, -0.090332]","[0.008484, 0.012817, -0.045319, 0.998840]","[0.016510, 0.017273, -0.004303, 0.999695]","[-0.102295, 0.044922, -0.102783]","[[0.995483, -0.090393, -0.026367], [0.090759, 0.995667, 0.015686], [0.024780, -0.018127, 0.999451]]",0.995483,"[8119, 8219, 7915, 8240]"
130.794479,"[0.089844, 0.500000, -0.976562]","[-0.031625, 0.835339, -0.462791]","[-0.080000, 0.320000, -0.429169]","[-0.008282, 0.585643, -0.330946]","[0.025635, 0.016113, -0.092041]","[0.008728, 0.012451, -0.046173, 0.998810]","[0.019806, 0.017883, -0.004364, 0.999603]","[-0.004639, 0.017822, 0.051758]","[[0.995361, -0.092102, -0.025696], [0.092468, 0.995544, 0.016235], [0.023987, -0.018555, 0.999451]]",0.995361,"[8094, 8230, 7906, 8194]"
130.937057,"[0.089844, 0.507812, -1.007812]","[-0.032684, 0.928545, -0.515590]","[-0.070000, 0.320000, -0.452251]","[-0.005184, 0.606803, -0.344605]","[0.023926, 0.016113, -0.098389]","[0.008759, 0.011536, -0.049316, 0.998688]","[0.025543, 0.018524, -0.004486, 0.999481]","[0.208740, -0.022949, -0.070801]","[[0.994873, -0.098328, -0.023926], [0.098694, 0.994995, 0.016296], [0.022095, -0.018616, 0.999573]]",0.994873,"[8148, 8193, 7862, 8257]"
130.938995,"[0.078125, 0.519531, -1.000000]","[-0.032684, 0.928545, -0.515590]","[-0.089998, 0.400000, -0.425573]","[-0.005184, 0.606803, -0.344605]","[0.023926, 0.016357, -0.098389]","[0.008850, 0.011536, -0.049316, 0.998688]","[0.021027, 0.016785, -0.004364, 0.999603]","[0.073975, 0.004150, -0.003418]","[[0.994873, -0.098328, -0.023926], [0.098694, 0.994995, 0.016479], [0.022095, -0.018799, 0.999573]]",0.994873,"[8172, 8168, 7823, 8250]"
130.940964,"[0.078125, 0.527344, -1.000000]","[-0.032684, 0.928545, -0.515590]","[-0.070000, 0.339998, -0.416317]","[-0.005184, 0.606803, -0.344605]","[0.023682, 0.016113, -0.098633]","[0.008759, 0.011505, -0.049377, 0.998688]","[0.023468, 0.017792, -0.004425, 0.999542]","[-0.091309, -0.014893, -0.049561]","[[0.994873, -0.098450, -0.023865], [0.098816, 0.994995, 0.016296], [0.022034, -0.018616, 0.999573]]",0.994873,"[8164, 8188, 7849, 8246]"
130.942917,"[0.066406, 0.546875, -1.003906]","[-0.032684, 0.928545, -0.515590]","[-0.099998, 0.419998, -0.413538]","[-0.005184, 0.606803, -0.344605]","[0.023682, 0.016357, -0.098877]","[0.008850, 0.011414, -0.049500, 0.998657]","[0.018463, 0.015564, -0.004303, 0.999695]","[0.123047, -0.111572, -0.108643]","[[0.994751, -0.098694, -0.023682], [0.099060, 0.994873, 0.016479], [0.021851, -0.018799, 0.999512]]",0.994751,"[8172, 8195, 7849, 8277]"
130.968292,"[0.066406, 0.558594, -1.007812]","[-0.032781, 0.940420, -0.522336]","[-0.070000, 0.369999, -0.420237]","[-0.004759, 0.609194, -0.346186]","[0.023438, 0.018799, -0.100098]","[0.010010, 0.011230, -0.050140, 0.998627]","[0.021393, 0.017059, -0.004364, 0.999603]","[0.077637, 0.175293, 0.025635]","[[0.994690, -0.099976, -0.023438], [0.100342, 0.994751, 0.018799], [0.021362, -0.021118, 0.999512]]",0.99469,"[8057, 8240, 7908, 8218]"
130.995651,"[0.078125, 0.566406, -1.015625]","[-0.032950, 0.964308, -0.535920]","[-0.049999, 0.369999, -0.403551]","[-0.003883, 0.613799, -0.349265]","[0.022949, 0.017090, -0.101318]","[0.009186, 0.011078, -0.050751, 0.998596]","[0.022003, 0.018768, -0.004425, 0.999542]","[-0.164551, -0.208496, -0.101318]","[[0.994507, -0.101196, -0.023071], [0.101562, 0.994629, 0.017151], [0.021118, -0.019470, 0.999512]]",0.994507,"[8137, 8224, 7905, 8281]"
131.026901,"[0.066406, 0.589844, -1.023438]","[-0.033021, 0.976327, -0.542761]","[-0.080000, 0.459999, -0.416006]","[-0.003432, 0.616014, -0.350762]","[0.022949, 0.016113, -0.103027]","[0.008667, 0.011047, -0.051636, 0.998566]","[0.017731, 0.016663, -0.004303, 0.999664]","[-0.048096, 0.277100, -0.027832]","[[0.994385, -0.102966, -0.022949], [0.103333, 0.994446, 0.016113], [0.021118, -0.018433, 0.999573]]",0.994385,"[8181, 8186, 7831, 8302]"
