t,p,p_d,v,v_d,Angles,q,q_sp,w,R,T_sp,rpm
51.383224,"[-0.007812, 0.117188, -0.992188]","[-0.000000, 0.000000, -0.000000]","[-0.009998, -0.009998, -0.059031]","[-0.000001, 0.000002, -0.000001]","[0.011230, -0.027100, -0.047363]","[-0.013458, 0.005981, -0.023621, 0.999634]","[-0.000366, 0.000336, -0.022797, 0.999725]","[0.073242, -0.301514, -0.018799]","[[0.998840, -0.047424, -0.011292], [0.047058, 0.998596, -0.027222], [0.012512, 0.026611, 0.999634]]",0.99884,"[7840, 7766, 7753, 7944]"
51.46526,"[-0.007812, 0.117188, -0.992188]","[-0.000002, 0.000003, -0.000001]","[-0.009998, 0.000000, -0.020689]","[-0.000094, 0.000142, -0.000053]","[0.005859, -0.022461, -0.050781]","[-0.011169, 0.003265, -0.025360, 0.999634]","[-0.000732, 0.000214, -0.022797, 0.999725]","[0.098145, 0.068604, -0.098145]","[[0.998779, -0.050842, -0.005920], [0.050598, 0.998535, -0.022522], [0.007019, 0.022156, 0.999817]]",0.998779,"[7877, 7821, 7758, 7854]"
51.467209,"[-0.007812, 0.117188, -0.988281]","[-0.000002, 0.000003, -0.000001]","[0.000000, 0.000000, -0.001431]","[-0.000094, 0.000142, -0.000053]","[0.006348, -0.022705, -0.050781]","[-0.011353, 0.003571, -0.025360, 0.999634]","[-0.000732, 0.000702, -0.022797, 0.999725]","[0.016846, -0.123779, -0.012939]","[[0.998779, -0.050842, -0.006531], [0.050598, 0.998535, -0.022888], [0.007629, 0.022522, 0.999817]]",0.998779,"[7882, 7824, 7758, 7884]"
51.566822,"[0.000000, 0.117188, -0.984375]","[-0.000043, 0.000065, -0.000024]","[0.009998, 0.000000, 0.045630]","[-0.000960, 0.001453, -0.000544]","[0.004395, -0.020508, -0.055420]","[-0.010162, 0.002533, -0.027710, 0.999542]","[-0.000763, 0.001678, -0.022797, 0.999725]","[0.038574, -0.145996, -0.031250]","[[0.998352, -0.055481, -0.004456], [0.055359, 0.998169, -0.020508], [0.005554, 0.020142, 0.999695]]",0.998352,"[7885, 7851, 7797, 7925]"
51.635181,"[0.000000, 0.117188, -0.976562]","[-0.000136, 0.000206, -0.000077]","[-0.009998, 0.009998, 0.093470]","[-0.002366, 0.003586, -0.001340]","[0.003418, -0.019775, -0.058350]","[-0.009918, 0.002075, -0.029205, 0.999512]","[-0.001099, 0.000580, -0.022797, 0.999725]","[-0.013672, -0.149902, -0.030029]","[[0.998230, -0.058472, -0.003540], [0.058350, 0.998047, -0.019958], [0.004639, 0.019714, 0.999695]]",0.99823,"[7921, 7882, 7839, 7960]"
51.769955,"[0.000000, 0.117188, -0.968750]","[-0.000913, 0.001387, -0.000517]","[0.009998, 0.000000, 0.091093]","[-0.010306, 0.015673, -0.005838]","[0.001953, -0.018066, -0.063721]","[-0.009033, 0.001373, -0.031921, 0.999420]","[-0.000519, 0.001556, -0.022797, 0.999725]","[0.077881, 0.046387, -0.005127]","[[0.997803, -0.063904, -0.002136], [0.063782, 0.997681, -0.018188], [0.003235, 0.017944, 0.999695]]",0.997803,"[7936, 7942, 7850, 8013]"
51.771896,"[0.000000, 0.117188, -0.968750]","[-0.000913, 0.001387, -0.000517]","[0.019999, 0.000000, 0.109829]","[-0.010306, 0.015673, -0.005838]","[0.001709, -0.018066, -0.063965]","[-0.009003, 0.001251, -0.031952, 0.999420]","[-0.000519, 0.002045, -0.022797, 0.999725]","[0.037109, -0.094482, -0.005127]","[[0.997803, -0.063965, -0.001892], [0.063843, 0.997681, -0.018127], [0.002991, 0.017883, 0.999695]]",0.997803,"[7961, 7927, 7880, 8017]"
51.914482,"[0.000000, 0.117188, -0.953125]","[-0.003973, 0.006052, -0.002251]","[0.029999, 0.000000, 0.136362]","[-0.031366, 0.047923, -0.017770]","[0.003662, -0.016846, -0.068604]","[-0.008331, 0.002136, -0.034332, 0.999359]","[-0.000061, 0.002899, -0.022797, 0.999725]","[0.011963, 0.207520, 0.003418]","[[0.997559, -0.068726, -0.003662], [0.068604, 0.997437, -0.016846], [0.004761, 0.016479, 0.999756]]",0.997559,"[7978, 7984, 7910, 8061]"
51.916428,"[0.007812, 0.128906, -0.945312]","[-0.003973, 0.006052, -0.002251]","[0.049999, 0.019999, 0.180914]","[-0.031366, 0.047923, -0.017770]","[0.003174, -0.017090, -0.068848]","[-0.008453, 0.001923, -0.034424, 0.999359]","[-0.001801, 0.004333, -0.022797, 0.999725]","[0.039062, -0.173096, -0.049805]","[[0.997559, -0.068909, -0.003235], [0.068787, 0.997437, -0.017090], [0.004333, 0.016724, 0.999756]]",0.997559,"[7988, 7991, 7913, 8071]"
51.935963,"[0.000000, 0.128906, -0.941406]","[-0.004622, 0.007044, -0.002618]","[0.039999, 0.019999, 0.185024]","[-0.035114, 0.053682, -0.019893]","[0.003418, -0.016602, -0.069580]","[-0.008240, 0.002014, -0.034760, 0.999359]","[-0.001770, 0.003357, -0.022797, 0.999725]","[-0.083984, 0.093018, -0.055664]","[[0.997559, -0.069580, -0.003418], [0.069458, 0.997437, -0.016663], [0.004517, 0.016296, 0.999817]]",0.997559,"[8021, 7999, 7909, 8048]"
51.980885,"[0.007812, 0.128906, -0.933594]","[-0.006152, 0.009385, -0.003485]","[0.049999, 0.019999, 0.205181]","[-0.043419, 0.066467, -0.024600]","[0.003906, -0.016846, -0.071045]","[-0.008362, 0.002319, -0.035522, 0.999329]","[-0.001556, 0.004700, -0.022797, 0.999725]","[-0.119141, 0.120850, -0.032227]","[[0.997437, -0.071106, -0.004028], [0.070984, 0.997314, -0.016907], [0.005127, 0.016541, 0.999817]]",0.997437,"[8036, 8024, 7937, 8116]"
52.137135,"[0.019531, 0.128906, -0.906250]","[-0.016173, 0.024773, -0.009163]","[0.059999, 0.039999, 0.207111]","[-0.087846, 0.135253, -0.049782]","[0.006592, -0.017090, -0.075195]","[-0.008392, 0.003693, -0.037537, 0.999268]","[-0.001129, 0.006805, -0.022797, 0.999695]","[-0.194824, 0.157471, 0.050049]","[[0.997192, -0.075195, -0.006714], [0.074951, 0.997070, -0.017090], [0.007935, 0.016479, 0.999878]]",0.997192,"[8071, 8060, 8012, 8162]"
52.236736,"[0.027344, 0.148438, -0.890625]","[-0.026491, 0.040694, -0.015011]","[0.070000, 0.049999, 0.220127]","[-0.124621, 0.192661, -0.070635]","[0.008789, -0.016113, -0.076660]","[-0.007904, 0.004730, -0.038300, 0.999237]","[-0.001526, 0.008728, -0.022797, 0.999695]","[0.121582, -0.089111, -0.099365]","[[0.997070, -0.076721, -0.008850], [0.076477, 0.996948, -0.016174], [0.009949, 0.015442, 0.999878]]",0.99707,"[8145, 8119, 8030, 8217]"
52.377365,"[0.027344, 0.148438, -0.875000]","[-0.047632, 0.073487, -0.026995]","[0.070000, 0.039999, 0.180452]","[-0.186476, 0.290163, -0.105726]","[0.014893, -0.016113, -0.078125]","[-0.007843, 0.007782, -0.039062, 0.999176]","[0.001801, 0.011017, -0.022827, 0.999664]","[0.059814, 0.030762, -0.072021]","[[0.996826, -0.078186, -0.014893], [0.077942, 0.996765, -0.016296], [0.016113, 0.015076, 0.999756]]",0.996826,"[8189, 8139, 8082, 8246]"
52.379318,"[0.027344, 0.148438, -0.878906]","[-0.051368, 0.079304, -0.029114]","[0.059999, 0.049999, 0.163996]","[-0.196158, 0.305536, -0.111220]","[0.014893, -0.016357, -0.078125]","[-0.007843, 0.007843, -0.039032, 0.999176]","[0.001343, 0.010529, -0.022827, 0.999664]","[-0.013672, 0.070312, 0.067627]","[[0.996826, -0.078186, -0.015015], [0.077820, 0.996826, -0.016357], [0.016235, 0.015015, 0.999695]]",0.996826,"[8163, 8132, 8079, 8274]"
52.432056,"[0.039062, 0.148438, -0.871094]","[-0.059416, 0.091853, -0.033677]","[0.070000, 0.059999, 0.123579]","[-0.216052, 0.337222, -0.122513]","[0.016846, -0.015137, -0.078125]","[-0.007202, 0.008820, -0.038971, 0.999176]","[0.002380, 0.012604, -0.022827, 0.999634]","[0.064209, 0.023926, 0.069092]","[[0.996765, -0.078064, -0.017029], [0.077698, 0.996826, -0.015137], [0.018127, 0.013672, 0.999695]]",0.996765,"[8173, 8127, 8090, 8236]"
52.437908,"[0.039062, 0.156250, -0.871094]","[-0.063735, 0.098598, -0.036126]","[0.059999, 0.049999, 0.121336]","[-0.226242, 0.353506, -0.128298]","[0.017090, -0.014893, -0.078125]","[-0.007111, 0.008942, -0.038971, 0.999176]","[0.002502, 0.012360, -0.022827, 0.999634]","[0.103027, -0.000977, 0.031494]","[[0.996765, -0.078064, -0.017273], [0.077698, 0.996826, -0.014954], [0.018372, 0.013489, 0.999695]]",0.996765,"[8177, 8137, 8081, 8260]"
52.471111,"[0.039062, 0.156250, -0.867188]","[-0.068256, 0.105665, -0.038690]","[0.049999, 0.059999, 0.127691]","[-0.236580, 0.370064, -0.134167]","[0.018066, -0.013916, -0.077637]","[-0.006592, 0.009308, -0.038818, 0.999176]","[0.002991, 0.012634, -0.022858, 0.999634]","[-0.049561, -0.014648, -0.043945]","[[0.996765, -0.077759, -0.018066], [0.077393, 0.996826, -0.013916], [0.019043, 0.012451, 0.999695]]",0.996765,"[8185, 8167, 8091, 8235]"
52.504314,"[0.039062, 0.156250, -0.867188]","[-0.077906, 0.120777, -0.044163]","[0.080000, 0.070000, 0.078106]","[-0.257634, 0.403910, -0.146125]","[0.019287, -0.012695, -0.077148]","[-0.006042, 0.009949, -0.038605, 0.999176]","[0.003662, 0.014954, -0.022858, 0.999603]","[0.111572, 0.012207, 0.035645]","[[0.996765, -0.077271, -0.019409], [0.077026, 0.996887, -0.012878], [0.020264, 0.011292, 0.999634]]",0.996765,"[8171, 8149, 8093, 8233]"
52.537518,"[0.046875, 0.156250, -0.867188]","[-0.088388, 0.137230, -0.050109]","[0.049999, 0.059999, 0.069376]","[-0.279115, 0.438623, -0.158328]","[0.020752, -0.012451, -0.076904]","[-0.005829, 0.010651, -0.038452, 0.999176]","[0.005371, 0.014893, -0.022888, 0.999603]","[-0.058594, -0.069336, -0.043945]","[[0.996765, -0.077026, -0.020813], [0.076660, 0.996887, -0.012512], [0.021667, 0.010803, 0.999634]]",0.996765,"[8186, 8126, 8087, 8230]"
52.570724,"[0.046875, 0.167969, -0.867188]","[-0.093948, 0.145972, -0.053262]","[0.059999, 0.080000, 0.025726]","[-0.289985, 0.456262, -0.164505]","[0.021973, -0.010254, -0.076904]","[-0.004761, 0.011261, -0.038422, 0.999176]","[0.004974, 0.016083, -0.022888, 0.999573]","[0.174805, 0.074951, 0.052246]","[[0.996704, -0.076904, -0.022156], [0.076660, 0.996948, -0.010437], [0.022766, 0.008606, 0.999634]]",0.996704,"[8180, 8140, 8084, 8235]"
52.605877,"[0.046875, 0.167969, -0.867188]","[-0.105700, 0.164487, -0.059930]","[0.039999, 0.070000, 0.009642]","[-0.311893, 0.491971, -0.176957]","[0.023682, -0.009521, -0.076660]","[-0.004272, 0.012054, -0.038361, 0.999176]","[0.006683, 0.016144, -0.022919, 0.999573]","[0.174316, -0.005127, -0.003418]","[[0.996704, -0.076782, -0.023743], [0.076538, 0.996948, -0.009521], [0.024353, 0.007568, 0.999634]]",0.996704,"[8155, 8156, 8088, 8237]"
52.639084,"[0.046875, 0.167969, -0.867188]","[-0.118315, 0.184412, -0.067088]","[0.039999, 0.099998, 0.006876]","[-0.333951, 0.528156, -0.189500]","[0.025391, -0.009033, -0.076904]","[-0.003998, 0.012878, -0.038452, 0.999176]","[0.006561, 0.017120, -0.022919, 0.999542]","[-0.143799, 0.058105, -0.021484]","[[0.996704, -0.076965, -0.025391], [0.076721, 0.997009, -0.009033], [0.026001, 0.006958, 0.999634]]",0.996704,"[8157, 8125, 8070, 8254]"
52.672283,"[0.046875, 0.179688, -0.867188]","[-0.131792, 0.205755, -0.074736]","[0.029999, 0.089998, -0.034401]","[-0.356034, 0.564636, -0.202063]","[0.026611, -0.007812, -0.077148]","[-0.003357, 0.013458, -0.038605, 0.999176]","[0.007751, 0.017487, -0.022949, 0.999542]","[0.173828, 0.050049, -0.009766]","[[0.996704, -0.077271, -0.026611], [0.077026, 0.997009, -0.007812], [0.027100, 0.005615, 0.999634]]",0.996704,"[8155, 8144, 8079, 8271]"
52.70549,"[0.058594, 0.179688, -0.867188]","[-0.138853, 0.216962, -0.078743]","[0.009998, 0.099998, -0.031044]","[-0.367049, 0.582935, -0.208331]","[0.028320, -0.007324, -0.077637]","[-0.003113, 0.014282, -0.038757, 0.999146]","[0.009094, 0.018494, -0.022980, 0.999512]","[-0.125000, 0.062744, -0.005127]","[[0.996582, -0.077576, -0.028320], [0.077332, 0.996948, -0.007385], [0.028687, 0.005066, 0.999573]]",0.996582,"[8179, 8141, 8075, 8257]"
52.740643,"[0.058594, 0.179688, -0.863281]","[-0.153619, 0.240448, -0.087125]","[0.039999, 0.109999, -0.022371]","[-0.388951, 0.619545, -0.220801]","[0.029541, -0.006348, -0.077881]","[-0.002563, 0.014923, -0.038940, 0.999146]","[0.010254, 0.020966, -0.023010, 0.999451]","[-0.065430, 0.248535, 0.027100]","[[0.996582, -0.077942, -0.029602], [0.077698, 0.997009, -0.006348], [0.029968, 0.003906, 0.999573]]",0.996582,"[8200, 8139, 8097, 8262]"
52.773846,"[0.058594, 0.187500, -0.863281]","[-0.169239, 0.265367, -0.095993]","[0.029999, 0.089998, -0.029444]","[-0.410588, 0.656034, -0.233127]","[0.030273, -0.004639, -0.078125]","[-0.001801, 0.015259, -0.039032, 0.999115]","[0.012543, 0.021759, -0.023071, 0.999390]","[0.198730, -0.157227, -0.043457]","[[0.996460, -0.078064, -0.030334], [0.077942, 0.996887, -0.004822], [0.030579, 0.002380, 0.999451]]",0.99646,"[8216, 8200, 8096, 8261]"
52.807049,"[0.058594, 0.187500, -0.863281]","[-0.177360, 0.278352, -0.100604]","[0.000000, 0.119999, -0.030659]","[-0.421262, 0.674166, -0.239211]","[0.033203, -0.003662, -0.077637]","[-0.001190, 0.016724, -0.038879, 0.999115]","[0.012909, 0.021637, -0.023071, 0.999390]","[-0.079834, 0.217529, 0.077637]","[[0.996460, -0.077759, -0.033325], [0.077637, 0.997009, -0.003723], [0.033447, 0.001038, 0.999451]]",0.99646,"[8213, 8146, 8103, 8295]"
52.840252,"[0.058594, 0.187500, -0.863281]","[-0.194229, 0.305394, -0.110184]","[0.009998, 0.109999, -0.054205]","[-0.442273, 0.710141, -0.251194]","[0.033936, -0.001221, -0.077637]","[0.000031, 0.016998, -0.038879, 0.999115]","[0.015320, 0.023651, -0.023163, 0.999329]","[0.125244, 0.013916, -0.067383]","[[0.996460, -0.077698, -0.033997], [0.077698, 0.997009, -0.001343], [0.033875, -0.001343, 0.999451]]",0.99646,"[8228, 8192, 8118, 8288]"
52.908611,"[0.058594, 0.199219, -0.867188]","[-0.230371, 0.363631, -0.130716]","[-0.009998, 0.150000, -0.112452]","[-0.482504, 0.780269, -0.274170]","[0.037354, 0.002930, -0.076904]","[0.002228, 0.018616, -0.038513, 0.999084]","[0.016602, 0.025146, -0.023224, 0.999268]","[-0.033203, 0.227783, 0.067627]","[[0.996338, -0.076904, -0.037354], [0.077026, 0.997009, 0.002930], [0.036987, -0.005859, 0.999268]]",0.996338,"[8171, 8182, 8077, 8197]"
52.941818,"[0.046875, 0.207031, -0.871094]","[-0.239887, 0.379035, -0.136124]","[-0.009998, 0.129999, -0.140522]","[-0.492108, 0.797302, -0.279662]","[0.038818, 0.004150, -0.076416]","[0.002930, 0.019409, -0.038239, 0.999084]","[0.019287, 0.025940, -0.023285, 0.999176]","[0.062744, -0.154053, -0.041260]","[[0.996338, -0.076355, -0.039001], [0.076477, 0.997070, 0.004272], [0.038513, -0.007324, 0.999207]]",0.996338,"[8201, 8164, 8089, 8252]"
52.975018,"[0.046875, 0.218750, -0.875000]","[-0.259475, 0.410834, -0.147257]","[-0.019999, 0.169998, -0.155987]","[-0.510683, 0.830642, -0.290295]","[0.040771, 0.006104, -0.076416]","[0.003876, 0.020264, -0.038269, 0.999054]","[0.019012, 0.026794, -0.023285, 0.999176]","[0.047852, 0.222412, 0.080811]","[[0.996216, -0.076355, -0.040771], [0.076599, 0.997009, 0.006104], [0.040161, -0.009277, 0.999084]]",0.996216,"[8218, 8126, 8057, 8249]"
53.008221,"[0.058594, 0.218750, -0.878906]","[-0.279772, 0.443914, -0.158796]","[-0.019999, 0.150000, -0.145355]","[-0.528328, 0.862880, -0.300411]","[0.042236, 0.008301, -0.076172]","[0.005005, 0.021027, -0.038147, 0.999054]","[0.022247, 0.029205, -0.023438, 0.999023]","[0.074463, 0.031982, -0.056152]","[[0.996216, -0.076050, -0.042419], [0.076416, 0.997070, 0.008301], [0.041565, -0.011597, 0.999084]]",0.996216,"[8207, 8152, 8083, 8233]"
53.041428,"[0.058594, 0.226562, -0.882812]","[-0.290176, 0.460924, -0.164712]","[-0.029999, 0.150000, -0.176123]","[-0.536773, 0.878542, -0.305259]","[0.044189, 0.010010, -0.076172]","[0.005981, 0.021912, -0.038177, 0.999023]","[0.023926, 0.030457, -0.023499, 0.998962]","[0.083496, 0.150146, 0.063965]","[[0.996155, -0.076050, -0.044250], [0.076538, 0.997009, 0.010193], [0.043274, -0.013611, 0.998962]]",0.996155,"[8215, 8156, 8059, 8232]"
53.074627,"[0.046875, 0.226562, -0.886719]","[-0.311459, 0.495836, -0.176818]","[-0.059999, 0.199999, -0.164551]","[-0.552844, 0.908859, -0.314499]","[0.046875, 0.011719, -0.076172]","[0.006866, 0.023254, -0.038300, 0.998993]","[0.024200, 0.029602, -0.023499, 0.998962]","[-0.047119, 0.058105, -0.069580]","[[0.996033, -0.076233, -0.046997], [0.076843, 0.997009, 0.011841], [0.045898, -0.015503, 0.998901]]",0.996033,"[8201, 8143, 8049, 8277]"
53.109783,"[0.046875, 0.238281, -0.890625]","[-0.333348, 0.531903, -0.189272]","[-0.059999, 0.189999, -0.136393]","[-0.567754, 0.937726, -0.323093]","[0.049316, 0.014160, -0.076172]","[0.008118, 0.024414, -0.038269, 0.998962]","[0.026337, 0.031372, -0.023621, 0.998871]","[-0.122559, 0.346924, 0.032959]","[[0.995972, -0.076111, -0.049438], [0.076843, 0.997009, 0.014282], [0.048096, -0.018066, 0.998718]]",0.995972,"[8208, 8145, 8083, 8267]"
53.142986,"[0.046875, 0.250000, -0.890625]","[-0.355799, 0.569075, -0.202051]","[-0.080000, 0.240000, -0.170467]","[-0.581431, 0.965028, -0.330998]","[0.050293, 0.015625, -0.076660]","[0.008820, 0.024841, -0.038513, 0.998932]","[0.025604, 0.031952, -0.023590, 0.998871]","[-0.165283, -0.044434, -0.042969]","[[0.995850, -0.076538, -0.050354], [0.077393, 0.996948, 0.015625], [0.048889, -0.019531, 0.998657]]",0.99585,"[8255, 8161, 8072, 8301]"
53.176189,"[0.039062, 0.257812, -0.894531]","[-0.367217, 0.588051, -0.208551]","[-0.070000, 0.209999, -0.148369]","[-0.587780, 0.978051, -0.334679]","[0.051025, 0.018555, -0.077393]","[0.010376, 0.025208, -0.039001, 0.998871]","[0.029205, 0.033630, -0.023773, 0.998718]","[-0.254639, 0.102295, -0.020508]","[[0.995667, -0.077454, -0.051208], [0.078430, 0.996704, 0.018677], [0.049500, -0.022705, 0.998474]]",0.995667,"[8193, 8201, 8097, 8239]"
53.209393,"[0.046875, 0.257812, -0.898438]","[-0.390410, 0.626745, -0.221760]","[-0.089998, 0.209999, -0.157192]","[-0.599460, 1.002777, -0.341471]","[0.052002, 0.020264, -0.077881]","[0.011230, 0.025574, -0.039154, 0.998840]","[0.031982, 0.034943, -0.023895, 0.998566]","[0.335693, -0.029053, 0.008789]","[[0.995605, -0.077698, -0.052002], [0.078796, 0.996643, 0.020386], [0.050171, -0.024414, 0.998413]]",0.995605,"[8310, 8195, 8047, 8301]"
53.242603,"[0.039062, 0.269531, -0.902344]","[-0.414031, 0.666368, -0.235219]","[-0.119999, 0.269999, -0.109678]","[-0.609729, 1.025657, -0.347478]","[0.054932, 0.021729, -0.077881]","[0.011993, 0.027069, -0.039185, 0.998779]","[0.031006, 0.034546, -0.023865, 0.998627]","[-0.120605, 0.016602, 0.006592]","[[0.995361, -0.077698, -0.054993], [0.078918, 0.996582, 0.021790], [0.053040, -0.026062, 0.998169]]",0.995361,"[8264, 8167, 8042, 8312]"
53.277752,"[0.039062, 0.277344, -0.906250]","[-0.438023, 0.706845, -0.248895]","[-0.109999, 0.249998, -0.149000]","[-0.618528, 1.046598, -0.352665]","[0.056641, 0.025879, -0.077393]","[0.014099, 0.027832, -0.039093, 0.998749]","[0.034363, 0.037048, -0.024048, 0.998413]","[-0.083740, 0.246826, 0.020752]","[[0.995361, -0.077393, -0.056702], [0.078857, 0.996521, 0.025940], [0.054382, -0.030334, 0.998047]]",0.995361,"[8236, 8189, 8089, 8270]"
53.310966,"[0.027344, 0.277344, -0.910156]","[-0.450142, 0.727382, -0.255805]","[-0.150000, 0.309999, -0.182209]","[-0.622363, 1.056317, -0.354943]","[0.058105, 0.027344, -0.077393]","[0.014893, 0.028503, -0.039032, 0.998718]","[0.034149, 0.035950, -0.024017, 0.998474]","[0.198486, -0.030029, -0.000732]","[[0.995300, -0.077209, -0.058105], [0.078796, 0.996460, 0.027466], [0.055664, -0.031982, 0.997864]]",0.9953,"[8279, 8171, 8040, 8289]"
53.344158,"[0.027344, 0.289062, -0.914062]","[-0.474585, 0.769001, -0.269749]","[-0.129999, 0.269999, -0.181274]","[-0.628872, 1.074197, -0.358854]","[0.060547, 0.029297, -0.076904]","[0.015869, 0.029694, -0.038940, 0.998688]","[0.037964, 0.038757, -0.024261, 0.998230]","[-0.024414, 0.005859, 0.019775]","[[0.995239, -0.076904, -0.060547], [0.078735, 0.996460, 0.029358], [0.057983, -0.033997, 0.997742]]",0.995239,"[8229, 8135, 8069, 8276]"
53.377361,"[0.019531, 0.308594, -0.921875]","[-0.499252, 0.811277, -0.283829]","[-0.160000, 0.339998, -0.185787]","[-0.633801, 1.089947, -0.361884]","[0.061523, 0.031250, -0.076904]","[0.016846, 0.030182, -0.038879, 0.998657]","[0.036407, 0.038574, -0.024170, 0.998291]","[0.162354, 0.157959, -0.024658]","[[0.995178, -0.076721, -0.061584], [0.078674, 0.996399, 0.031250], [0.058899, -0.036011, 0.997620]]",0.995178,"[8275, 8128, 8009, 8275]"
53.410564,"[0.007812, 0.316406, -0.925781]","[-0.511650, 0.832635, -0.290909]","[-0.179998, 0.309999, -0.265627]","[-0.635663, 1.097004, -0.363062]","[0.062988, 0.033691, -0.076172]","[0.018127, 0.030914, -0.038635, 0.998627]","[0.040283, 0.038910, -0.024353, 0.998108]","[0.019775, -0.048096, 0.074463]","[[0.995117, -0.076111, -0.063110], [0.078308, 0.996399, 0.033752], [0.060303, -0.038635, 0.997437]]",0.995117,"[8235, 8139, 8031, 8272]"
53.445732,"[0.019531, 0.328125, -0.929688]","[-0.536537, 0.875740, -0.305129]","[-0.169998, 0.320000, -0.265259]","[-0.638171, 1.109457, -0.364743]","[0.064209, 0.036133, -0.075684]","[0.019287, 0.031494, -0.038422, 0.998596]","[0.041901, 0.041779, -0.024536, 0.997925]","[0.021240, 0.135254, 0.095215]","[[0.995117, -0.075623, -0.064392], [0.077942, 0.996338, 0.036072], [0.061340, -0.040955, 0.997314]]",0.995117,"[8237, 8112, 7981, 8233]"
53.476971,"[0.007812, 0.339844, -0.937500]","[-0.561487, 0.919285, -0.319394]","[-0.240000, 0.409998, -0.294971]","[-0.639029, 1.119635, -0.365507]","[0.065186, 0.038086, -0.075195]","[0.020264, 0.031860, -0.038177, 0.998566]","[0.039917, 0.039276, -0.024353, 0.998108]","[0.152832, -0.037109, 0.078125]","[[0.995056, -0.075012, -0.065186], [0.077576, 0.996277, 0.038025], [0.062012, -0.042908, 0.997131]]",0.995056,"[8253, 8100, 7939, 8202]"
53.512131,"[0.000000, 0.359375, -0.949219]","[-0.586437, 0.963178, -0.333670]","[-0.199999, 0.359999, -0.358479]","[-0.638227, 1.127517, -0.365344]","[0.066162, 0.041748, -0.075195]","[0.022186, 0.032379, -0.038269, 0.998505]","[0.043854, 0.042572, -0.024628, 0.997803]","[0.117676, 0.108643, 0.053223]","[[0.994995, -0.075073, -0.066345], [0.077881, 0.996094, 0.041748], [0.062927, -0.046753, 0.996887]]",0.994995,"[8156, 8092, 7984, 8124]"
53.54533,"[-0.007812, 0.367188, -0.957031]","[-0.598893, 0.985230, -0.340802]","[-0.219999, 0.369999, -0.395184]","[-0.637201, 1.130583, -0.364914]","[0.066895, 0.041992, -0.075195]","[0.022308, 0.032715, -0.038330, 0.998474]","[0.045898, 0.042969, -0.024750, 0.997711]","[-0.048096, 0.000488, -0.058838]","[[0.994873, -0.075195, -0.067078], [0.078003, 0.996033, 0.041931], [0.063538, -0.047058, 0.996826]]",0.994873,"[8212, 8050, 7881, 8155]"
53.578533,"[-0.027344, 0.386719, -0.960938]","[-0.623725, 1.029488, -0.355029]","[-0.279999, 0.469999, -0.398401]","[-0.633891, 1.134953, -0.363357]","[0.067383, 0.043945, -0.075928]","[0.023315, 0.032867, -0.038696, 0.998444]","[0.042938, 0.040344, -0.024506, 0.997955]","[0.137207, -0.094482, 0.002930]","[[0.994812, -0.075806, -0.067444], [0.078857, 0.995911, 0.043945], [0.063782, -0.049072, 0.996765]]",0.994812,"[8203, 8030, 7864, 8149]"
53.61174,"[-0.027344, 0.398438, -0.968750]","[-0.648394, 1.073867, -0.369177]","[-0.240000, 0.400000, -0.383930]","[-0.628907, 1.136961, -0.360868]","[0.067871, 0.045898, -0.076904]","[0.024292, 0.033081, -0.039185, 0.998383]","[0.048187, 0.044128, -0.024902, 0.997528]","[-0.074219, 0.114990, -0.088623]","[[0.994690, -0.076660, -0.067993], [0.079834, 0.995667, 0.045837], [0.064087, -0.051086, 0.996582]]",0.99469,"[8131, 8044, 7896, 8118]"
53.644939,"[-0.039062, 0.417969, -0.976562]","[-0.660649, 1.096080, -0.376211]","[-0.309999, 0.519999, -0.456854]","[-0.625792, 1.137077, -0.359277]","[0.067139, 0.046631, -0.078125]","[0.024658, 0.032715, -0.039795, 0.998383]","[0.044342, 0.041718, -0.024628, 0.997833]","[0.175537, -0.264648, -0.027344]","[[0.994690, -0.077881, -0.067322], [0.081055, 0.995667, 0.046570], [0.063293, -0.051819, 0.996643]]",0.99469,"[8189, 8052, 7823, 8130]"
53.680103,"[-0.046875, 0.429688, -0.980469]","[-0.684952, 1.140470, -0.390172]","[-0.269999, 0.439999, -0.490416]","[-0.618311, 1.135517, -0.355401]","[0.067871, 0.049072, -0.079590]","[0.025970, 0.032928, -0.040588, 0.998291]","[0.050354, 0.044922, -0.025024, 0.997375]","[-0.150879, -0.072754, -0.065674]","[[0.994507, -0.079346, -0.067871], [0.082764, 0.995300, 0.049133], [0.063599, -0.054504, 0.996399]]",0.994507,"[8098, 8035, 7839, 8091]"
53.713299,"[-0.058594, 0.449219, -0.988281]","[-0.708932, 1.184756, -0.403963]","[-0.289999, 0.459999, -0.492952]","[-0.609176, 1.131577, -0.350604]","[0.066406, 0.050293, -0.080811]","[0.026520, 0.032166, -0.041168, 0.998260]","[0.051208, 0.044708, -0.025055, 0.997345]","[0.265137, -0.135986, -0.025879]","[[0.994446, -0.080566, -0.066406], [0.083862, 0.995056, 0.050232], [0.062012, -0.055603, 0.996399]]",0.994446,"[8189, 8019, 7728, 8065]"
53.746502,"[-0.078125, 0.468750, -0.996094]","[-0.732524, 1.228843, -0.417551]","[-0.359999, 0.579998, -0.429165]","[-0.598410, 1.125264, -0.344903]","[0.067383, 0.052246, -0.082520]","[0.027618, 0.032654, -0.042145, 0.998199]","[0.046906, 0.041779, -0.024750, 0.997711]","[-0.032959, 0.038330, -0.084961]","[[0.994263, -0.082397, -0.067566], [0.085938, 0.994873, 0.052307], [0.062805, -0.057922, 0.996338]]",0.994263,"[8133, 8016, 7759, 8096]"
53.779705,"[-0.078125, 0.476562, -1.000000]","[-0.744152, 1.250785, -0.424257]","[-0.320000, 0.499998, -0.434584]","[-0.592412, 1.121208, -0.341710]","[0.066895, 0.052979, -0.084229]","[0.027985, 0.032379, -0.042938, 0.998138]","[0.052887, 0.045258, -0.025177, 0.997253]","[0.091064, -0.113525, -0.024170]","[[0.994080, -0.083984, -0.067078], [0.087524, 0.994629, 0.053040], [0.062195, -0.058655, 0.996216]]",0.99408,"[8122, 8017, 7781, 8098]"
53.812908,"[-0.089844, 0.500000, -1.003906]","[-0.767043, 1.294395, -0.437470]","[-0.400000, 0.639999, -0.406134]","[-0.579216, 1.111323, -0.334664]","[0.067627, 0.052490, -0.086426]","[0.027802, 0.032715, -0.044006, 0.998108]","[0.047516, 0.041931, -0.024780, 0.997681]","[-0.208252, 0.230957, -0.092773]","[[0.993958, -0.086121, -0.067749], [0.089661, 0.994568, 0.052551], [0.062744, -0.058411, 0.996277]]",0.993958,"[8189, 7998, 7707, 8117]"
53.84808,"[-0.109375, 0.519531, -1.007812]","[-0.789384, 1.337579, -0.450391]","[-0.359999, 0.549999, -0.360413]","[-0.564457, 1.099107, -0.326749]","[0.066895, 0.054443, -0.088623]","[0.028748, 0.032288, -0.045197, 0.998047]","[0.053650, 0.044403, -0.025146, 0.997223]","[0.219238, 0.417725, 0.027588]","[[0.993835, -0.088440, -0.067017], [0.092102, 0.994263, 0.054443], [0.061768, -0.060303, 0.996216]]",0.993835,"[8140, 8050, 7727, 8112]"
53.881268,"[-0.117188, 0.539062, -1.015625]","[-0.800333, 1.358974, -0.456732]","[-0.359999, 0.569998, -0.451237]","[-0.556483, 1.092103, -0.322460]","[0.066162, 0.054688, -0.090820]","[0.028900, 0.031860, -0.046265, 0.997986]","[0.054230, 0.045410, -0.025238, 0.997162]","[-0.367920, 0.009033, -0.062012]","[[0.993591, -0.090515, -0.066223], [0.094177, 0.993958, 0.054688], [0.060852, -0.060669, 0.996216]]",0.993591,"[8135, 8062, 7707, 8038]"
53.914471,"[-0.128906, 0.566406, -1.019531]","[-0.821743, 1.401338, -0.469152]","[-0.449999, 0.709999, -0.445442]","[-0.539389, 1.076361, -0.313252]","[0.065918, 0.056152, -0.093262]","[0.029633, 0.031647, -0.047516, 0.997925]","[0.048370, 0.041321, -0.024780, 0.997650]","[0.231445, 0.034180, -0.081787]","[[0.993408, -0.093018, -0.065979], [0.096680, 0.993652, 0.056030], [0.060242, -0.062134, 0.996155]]",0.993408,"[8150, 8012, 7637, 8094]"
53.947685,"[-0.148438, 0.589844, -1.023438]","[-0.842451, 1.443036, -0.481192]","[-0.379999, 0.609999, -0.386393]","[-0.520800, 1.058341, -0.303218]","[0.066650, 0.055420, -0.095947]","[0.029419, 0.031982, -0.048798, 0.997833]","[0.054230, 0.045044, -0.025208, 0.997162]","[-0.241943, 0.007568, -0.067871]","[[0.993042, -0.095581, -0.066711], [0.099243, 0.993347, 0.055481], [0.060852, -0.061829, 0.996094]]",0.993042,"[8047, 8001, 7708, 8082]"
53.980877,"[-0.156250, 0.609375, -1.027344]","[-0.862411, 1.483994, -0.492828]","[-0.480000, 0.749998, -0.349083]","[-0.500738, 1.038030, -0.292370]","[0.065674, 0.053711, -0.098877]","[0.028503, 0.031586, -0.050232, 0.997833]","[0.049011, 0.040863, -0.024780, 0.997650]","[0.212891, 0.013916, -0.167480]","[[0.992920, -0.098511, -0.065857], [0.102051, 0.993286, 0.053650], [0.060120, -0.059998, 0.996338]]",0.99292,"[8196, 7959, 7627, 8160]"
54.01408,"[-0.167969, 0.636719, -1.031250]","[-0.872087, 1.504155, -0.498484]","[-0.400000, 0.639999, -0.362211]","[-0.490150, 1.027027, -0.286645]","[0.065186, 0.055664, -0.101318]","[0.029480, 0.031158, -0.051575, 0.997772]","[0.054840, 0.045166, -0.025269, 0.997131]","[-0.167236, 0.085693, -0.006104]","[[0.992798, -0.101135, -0.065186], [0.104797, 0.992981, 0.055542], [0.059082, -0.062012, 0.996399]]",0.992798,"[8090, 8058, 7706, 8056]"
54.047291,"[-0.187500, 0.656250, -1.035156]","[-0.890804, 1.543828, -0.509450]","[-0.429998, 0.669998, -0.308489]","[-0.467937, 1.003333, -0.274607]","[0.061523, 0.058350, -0.104736]","[0.030823, 0.029297, -0.053192, 0.997681]","[0.054749, 0.043823, -0.025177, 0.997192]","[0.248535, -0.247070, -0.114746]","[[0.992615, -0.104370, -0.061707], [0.107910, 0.992432, 0.058289], [0.055115, -0.064636, 0.996338]]",0.992615,"[8167, 8154, 7631, 8046]"
54.082439,"[-0.207031, 0.687500, -1.027344]","[-0.908626, 1.582509, -0.519927]","[-0.529999, 0.819998, -0.245590]","[-0.444335, 0.977414, -0.261807]","[0.061523, 0.058594, -0.107422]","[0.030975, 0.029205, -0.054565, 0.997620]","[0.048218, 0.038757, -0.024658, 0.997772]","[-0.062500, -0.129639, -0.097168]","[[0.992371, -0.107117, -0.061646], [0.110657, 0.992126, 0.058533], [0.054810, -0.065002, 0.996399]]",0.992371,"[8184, 8107, 7641, 8117]"
54.115643,"[-0.226562, 0.707031, -1.027344]","[-0.917187, 1.601475, -0.524976]","[-0.459999, 0.719999, -0.222586]","[-0.432039, 0.963665, -0.255131]","[0.061768, 0.058838, -0.110352]","[0.031128, 0.029205, -0.056000, 0.997528]","[0.054077, 0.041962, -0.025055, 0.997314]","[-0.059326, 0.189941, -0.082275]","[[0.992004, -0.109985, -0.061768], [0.113525, 0.991760, 0.058777], [0.054688, -0.065369, 0.996338]]",0.992004,"[8097, 8080, 7728, 8151]"
54.148846,"[-0.238281, 0.726562, -1.027344]","[-0.933567, 1.638551, -0.534673]","[-0.549999, 0.879999, -0.216532]","[-0.406442, 0.934523, -0.241234]","[0.059570, 0.057129, -0.113037]","[0.030212, 0.028168, -0.057343, 0.997528]","[0.047272, 0.037750, -0.024567, 0.997864]","[0.011230, -0.137451, -0.039062]","[[0.991882, -0.112793, -0.059631], [0.116089, 0.991638, 0.057007], [0.052673, -0.063477, 0.996643]]",0.991882,"[8237, 8120, 7647, 8180]"
54.182049,"[-0.257812, 0.757812, -1.027344]","[-0.948921, 1.674457, -0.543815]","[-0.469999, 0.759998, -0.143415]","[-0.379542, 0.903189, -0.226626]","[0.056641, 0.059570, -0.116211]","[0.031433, 0.026550, -0.058868, 0.997406]","[0.053253, 0.041351, -0.024994, 0.997406]","[0.119141, -0.093994, -0.111572]","[[0.991577, -0.115784, -0.056641], [0.119080, 0.991028, 0.059509], [0.049194, -0.065857, 0.996521]]",0.991577,"[8167, 8188, 7678, 8090]"
54.21722,"[-0.277344, 0.789062, -1.027344]","[-0.963200, 1.709085, -0.552370]","[-0.579998, 0.939999, -0.121035]","[-0.351442, 0.869833, -0.211356]","[0.055420, 0.056641, -0.119141]","[0.029999, 0.026031, -0.060333, 0.997375]","[0.044891, 0.035614, -0.024384, 0.998047]","[0.031982, -0.114258, -0.120117]","[[0.991272, -0.118835, -0.055542], [0.121887, 0.990845, 0.056641], [0.048218, -0.062988, 0.996765]]",0.991272,"[8277, 8154, 7635, 8161]"
54.252361,"[-0.289062, 0.816406, -1.027344]","[-0.969927, 1.725905, -0.556423]","[-0.480000, 0.799999, -0.097391]","[-0.336928, 0.852371, -0.203453]","[0.054932, 0.055420, -0.122559]","[0.029449, 0.025787, -0.062012, 0.997314]","[0.051575, 0.040436, -0.024872, 0.997528]","[0.044189, -0.347656, -0.103516]","[[0.990967, -0.122253, -0.055054], [0.125183, 0.990540, 0.055481], [0.047729, -0.061951, 0.996948]]",0.990967,"[8164, 8153, 7706, 8193]"
54.283611,"[-0.308594, 0.847656, -1.023438]","[-0.982502, 1.758493, -0.564052]","[-0.499998, 0.809998, -0.114779]","[-0.307055, 0.815943, -0.187215]","[0.053223, 0.053955, -0.125732]","[0.028625, 0.024872, -0.063507, 0.997253]","[0.051117, 0.038971, -0.024780, 0.997620]","[0.302979, -0.376465, -0.154541]","[[0.990601, -0.125305, -0.053223], [0.128113, 0.990234, 0.053894], [0.045898, -0.060242, 0.997070]]",0.990601,"[8279, 8149, 7630, 8223]"
54.31683,"[-0.328125, 0.886719, -1.023438]","[-0.993896, 1.789632, -0.571038]","[-0.609999, 1.009998, -0.084291]","[-0.276060, 0.777517, -0.170362]","[0.052734, 0.055420, -0.128174]","[0.029449, 0.024597, -0.064758, 0.997162]","[0.040924, 0.032593, -0.024139, 0.998322]","[-0.129883, 0.006836, -0.028564]","[[0.990356, -0.127747, -0.052856], [0.130554, 0.989807, 0.055481], [0.045166, -0.061951, 0.997009]]",0.990356,"[8179, 8163, 7658, 8130]"
54.350018,"[-0.347656, 0.917969, -1.023438]","[-0.999139, 1.804626, -0.574281]","[-0.529999, 0.869999, -0.070869]","[-0.260155, 0.757582, -0.161705]","[0.052490, 0.053223, -0.130859]","[0.028320, 0.024506, -0.066071, 0.997101]","[0.047424, 0.036163, -0.024506, 0.997894]","[0.061035, -0.033203, -0.120605]","[[0.989990, -0.130432, -0.052612], [0.133118, 0.989563, 0.053162], [0.045044, -0.059753, 0.997131]]",0.98999,"[8133, 8135, 7709, 8184]"
54.383221,"[-0.367188, 0.949219, -1.023438]","[-1.008664, 1.833413, -0.580250]","[-0.519999, 0.879999, -0.073793]","[-0.227606, 0.716345, -0.144007]","[0.050781, 0.048096, -0.133057]","[0.025757, 0.023804, -0.067108, 0.997101]","[0.046570, 0.035797, -0.024445, 0.997955]","[-0.257080, -0.013672, 0.006592]","[[0.989685, -0.132629, -0.050903], [0.135071, 0.989502, 0.048096], [0.043945, -0.054565, 0.997375]]",0.989685,"[8245, 8095, 7600, 8241]"
54.416424,"[-0.378906, 0.976562, -1.023438]","[-1.016900, 1.860559, -0.585526]","[-0.629999, 1.069998, -0.081877]","[-0.194073, 0.673244, -0.125763]","[0.048340, 0.049805, -0.135986]","[0.026611, 0.022430, -0.068542, 0.997040]","[0.036987, 0.029785, -0.023895, 0.998566]","[0.322754, -0.341797, -0.146729]","[[0.989563, -0.135559, -0.048340], [0.137878, 0.989136, 0.049927], [0.041016, -0.056152, 0.997498]]",0.989563,"[8192, 8165, 7608, 8149]"
54.449627,"[-0.398438, 1.007812, -1.023438]","[-1.023822, 1.885983, -0.590076]","[-0.529999, 0.919998, -0.057762]","[-0.159719, 0.628448, -0.107076]","[0.046875, 0.048096, -0.138184]","[0.025696, 0.021759, -0.069550, 0.997009]","[0.043579, 0.033752, -0.024261, 0.998169]","[-0.360107, -0.142334, -0.013672]","[[0.989319, -0.137634, -0.046936], [0.139832, 0.988953, 0.048157], [0.039734, -0.054260, 0.997681]]",0.989319,"[8092, 8178, 7677, 8102]"
54.484783,"[-0.429688, 1.039062, -1.019531]","[-1.026759, 1.898018, -0.592071]","[-0.639999, 1.109999, -0.023769]","[-0.142223, 0.605438, -0.097569]","[0.045654, 0.040771, -0.140625]","[0.022064, 0.021332, -0.070679, 0.997040]","[0.033783, 0.026550, -0.023682, 0.998779]","[-0.204346, 0.183594, -0.016357]","[[0.989075, -0.140076, -0.045654], [0.141907, 0.989014, 0.040894], [0.039307, -0.046997, 0.998108]]",0.989075,"[8271, 8034, 7526, 8231]"
54.517986,"[-0.449219, 1.078125, -1.019531]","[-1.031628, 1.920762, -0.595504]","[-0.539999, 0.949999, -0.009708]","[-0.106680, 0.558247, -0.078247]","[0.042969, 0.040771, -0.142090]","[0.021942, 0.020050, -0.071411, 0.997009]","[0.040375, 0.030487, -0.024017, 0.998413]","[0.007324, 0.101562, 0.039795]","[[0.988953, -0.141602, -0.043152], [0.143311, 0.988831, 0.040833], [0.036804, -0.046570, 0.998230]]",0.988953,"[8096, 8129, 7621, 8153]"
54.551189,"[-0.457031, 1.109375, -1.015625]","[-1.035076, 1.941662, -0.598162]","[-0.539999, 0.969997, 0.033207]","[-0.070458, 0.509638, -0.058537]","[0.039307, 0.039062, -0.144287]","[0.020966, 0.018188, -0.072510, 0.996979]","[0.038330, 0.029846, -0.023926, 0.998505]","[-0.301758, -0.013672, -0.020996]","[[0.988770, -0.143860, -0.039307], [0.145325, 0.988525, 0.039062], [0.033203, -0.044434, 0.998413]]",0.98877,"[8193, 8129, 7598, 8144]"
54.584408,"[-0.488281, 1.148438, -1.011719]","[-1.036274, 1.951374, -0.599208]","[-0.659998, 1.169998, 0.066303]","[-0.052161, 0.484815, -0.048596]","[0.037842, 0.035889, -0.145996]","[0.019379, 0.017548, -0.073242, 0.996979]","[0.027222, 0.020264, -0.023346, 0.999146]","[0.057373, -0.070557, -0.051270]","[[0.988647, -0.145386, -0.037842], [0.146729, 0.988525, 0.036011], [0.032104, -0.041260, 0.998596]]",0.988647,"[8209, 8080, 7546, 8185]"
54.617599,"[-0.500000, 1.179688, -1.011719]","[-1.037591, 1.969330, -0.600715]","[-0.549999, 0.989998, 0.027613]","[-0.015224, 0.434258, -0.028534]","[0.035400, 0.034668, -0.146973]","[0.018707, 0.016357, -0.073792, 0.996979]","[0.034912, 0.015198, -0.023346, 0.998993]","[-0.086670, 0.063232, -0.018311]","[[0.988586, -0.146545, -0.035400], [0.147766, 0.988403, 0.034851], [0.029785, -0.039734, 0.998779]]",0.988586,"[8050, 8102, 7697, 8154]"
54.650799,"[-0.519531, 1.226562, -1.011719]","[-1.037459, 1.985289, -0.601435]","[-0.659998, 1.199999, 0.037153]","[0.022077, 0.382597, -0.008286]","[0.029541, 0.029785, -0.148193]","[0.016083, 0.013641, -0.074280, 0.997009]","[0.022705, 0.004669, -0.022919, 0.999451]","[-0.202148, -0.210938, -0.028564]","[[0.988525, -0.147705, -0.029602], [0.148560, 0.988403, 0.029968], [0.024719, -0.034119, 0.999023]]",0.988525,"[8179, 8057, 7595, 8208]"
54.684002,"[-0.539062, 1.257812, -1.003906]","[-1.035864, 1.999208, -0.601361]","[-0.549999, 1.009998, 0.068645]","[0.059634, 0.329966, 0.012087]","[0.022461, 0.026123, -0.149414]","[0.013947, 0.010315, -0.074829, 0.997040]","[0.030060, 0.008850, -0.023071, 0.999237]","[0.010986, -0.330811, -0.044922]","[[0.988525, -0.148987, -0.022644], [0.149475, 0.988342, 0.026184], [0.018372, -0.029358, 0.999329]]",0.988525,"[8152, 8078, 7592, 8162]"
54.719154,"[-0.558594, 1.296875, -1.000000]","[-1.034515, 2.005393, -0.601025]","[-0.549999, 1.029999, 0.114830]","[0.078484, 0.303317, 0.022306]","[0.014648, 0.021973, -0.149902]","[0.011627, 0.006561, -0.074951, 0.997101]","[0.027283, 0.007202, -0.023010, 0.999329]","[-0.073486, -0.227051, -0.071533]","[[0.988647, -0.149353, -0.014832], [0.149597, 0.988464, 0.022095], [0.011292, -0.024170, 0.999634]]",0.988647,"[8251, 8102, 7519, 8131]"
54.752361,"[-0.578125, 1.339844, -0.996094]","[-1.030711, 2.016191, -0.599754]","[-0.639999, 1.229998, 0.141468]","[0.116263, 0.249428, 0.042775]","[0.010254, 0.023438, -0.150635]","[0.012115, 0.004242, -0.075348, 0.997101]","[0.015228, 0.001068, -0.022827, 0.999603]","[-0.056396, 0.101562, 0.077148]","[[0.988647, -0.150208, -0.010254], [0.150330, 0.988403, 0.023438], [0.006592, -0.024780, 0.999756]]",0.988647,"[8146, 8166, 7600, 8093]"
54.785564,"[-0.597656, 1.367188, -0.988281]","[-1.025432, 2.024870, -0.597684]","[-0.529999, 1.039999, 0.175816]","[0.154068, 0.194850, 0.063241]","[0.006104, 0.015869, -0.150879]","[0.008179, 0.002502, -0.075378, 0.997131]","[0.022461, 0.004883, -0.022919, 0.999451]","[-0.239990, -0.213135, -0.074219]","[[0.988647, -0.150330, -0.006226], [0.150330, 0.988525, 0.015869], [0.003662, -0.016724, 0.999878]]",0.988647,"[8189, 8093, 7613, 8196]"
54.818768,"[-0.617188, 1.417969, -0.984375]","[-1.022238, 2.028407, -0.596348]","[-0.629999, 1.259998, 0.175243]","[0.172959, 0.167327, 0.073461]","[0.001953, 0.012695, -0.150635]","[0.006531, 0.000488, -0.075348, 0.997131]","[0.008820, -0.001984, -0.022797, 0.999695]","[-0.030518, -0.205078, 0.070801]","[[0.988586, -0.150269, -0.001953], [0.150269, 0.988525, 0.012878], [-0.000122, -0.013123, 0.999878]]",0.988586,"[8241, 8081, 7554, 8191]"
54.853924,"[-0.636719, 1.437500, -0.976562]","[-1.014747, 2.033862, -0.593081]","[-0.519999, 1.049997, 0.177158]","[0.210638, 0.111919, 0.093828]","[-0.003174, 0.011963, -0.150635]","[0.005951, -0.002136, -0.075256, 0.997162]","[0.017273, 0.001709, -0.022858, 0.999573]","[0.082275, -0.114258, 0.000244]","[[0.988708, -0.150208, 0.003357], [0.150085, 0.988647, 0.012146], [-0.005188, -0.011536, 0.999939]]",0.988708,"[8088, 8172, 7665, 8082]"
54.887127,"[-0.656250, 1.476562, -0.972656]","[-1.005783, 2.037145, -0.589019]","[-0.509998, 1.059998, 0.180445]","[0.248144, 0.056063, 0.114079]","[-0.008301, 0.003906, -0.150391]","[0.001709, -0.004333, -0.075104, 0.997162]","[0.014130, 0.000183, -0.022827, 0.999634]","[-0.358154, -0.018311, 0.059570]","[[0.988647, -0.149902, 0.008362], [0.149780, 0.988647, 0.003967], [-0.008972, -0.002747, 0.999878]]",0.988647,"[8305, 8082, 7533, 8134]"
54.92033,"[-0.667969, 1.519531, -0.964844]","[-0.995363, 2.038239, -0.584171]","[-0.599998, 1.269999, 0.150814]","[0.285355, -0.000081, 0.134148]","[-0.011719, 0.002197, -0.150391]","[0.000732, -0.006012, -0.075165, 0.997162]","[-0.025116, -0.006531, -0.022980, 0.999390]","[0.189209, -0.219971, 0.029785]","[[0.988647, -0.150024, 0.011902], [0.149902, 0.988708, 0.002258], [-0.012146, -0.000549, 0.999939]]",0.988647,"[8154, 8080, 7581, 8169]"
