t,p,p_d,v,v_d,Angles,q,q_sp,w,R,T_sp,rpm
34.015114,"[-0.019531, -0.019531, -1.046875]","[-0.000000, 0.000000, -0.000000]","[-0.019999, 0.000000, 0.051710]","[-0.000001, 0.000003, -0.000001]","[0.011719, -0.019775, 0.004639]","[-0.009888, 0.005890, 0.002441, 0.999939]","[0.000000, -0.000824, 0.002167, 0.999969]","[-0.045410, 0.179199, -0.003906]","[[0.999939, 0.004700, -0.011780], [-0.004944, 0.999817, -0.019775], [0.011658, 0.019775, 0.999756]]",0.999939,"[8023, 7867, 7890, 8007]"
34.017056,"[-0.019531, -0.019531, -1.046875]","[-0.000000, 0.000000, -0.000000]","[-0.009998, 0.000000, 0.058922]","[-0.000001, 0.000003, -0.000001]","[0.011719, -0.020020, 0.004639]","[-0.010101, 0.005920, 0.002441, 0.999939]","[0.000000, -0.000336, 0.002167, 0.999969]","[-0.206543, -0.011719, -0.008057]","[[0.999939, 0.004700, -0.011841], [-0.004944, 0.999817, -0.020203], [0.011719, 0.020203, 0.999756]]",0.999939,"[8020, 7883, 7905, 8010]"
34.048306,"[-0.019531, -0.019531, -1.046875]","[-0.000000, 0.000001, -0.000000]","[0.000000, 0.000000, 0.049053]","[-0.000016, 0.000039, -0.000013]","[0.007324, -0.019531, 0.004639]","[-0.009796, 0.003754, 0.002411, 0.999939]","[0.000000, 0.000000, 0.002167, 0.999969]","[-0.035889, -0.301270, 0.000488]","[[0.999939, 0.004639, -0.007507], [-0.004883, 0.999756, -0.019592], [0.007385, 0.019592, 0.999756]]",0.999939,"[8029, 7923, 7850, 7974]"
34.200657,"[-0.007812, -0.007812, -1.042969]","[-0.000054, 0.000130, -0.000043]","[0.009998, 0.000000, 0.062515]","[-0.001107, 0.002649, -0.000887]","[0.002197, -0.022705, 0.003906]","[-0.011353, 0.001099, 0.002075, 0.999939]","[-0.000824, 0.001343, 0.002197, 0.999969]","[-0.097412, 0.162109, 0.048584]","[[1.000000, 0.004028, -0.002197], [-0.004150, 0.999756, -0.022705], [0.002075, 0.022705, 0.999756]]",1.0,"[8018, 7887, 7822, 7966]"
34.20261,"[-0.007812, -0.007812, -1.042969]","[-0.000054, 0.000130, -0.000043]","[0.029999, 0.000000, 0.071939]","[-0.001107, 0.002649, -0.000887]","[0.000244, -0.021729, 0.003662]","[-0.010925, 0.000153, 0.001953, 0.999939]","[-0.000824, 0.002197, 0.002197, 0.999969]","[0.062500, 0.332275, 0.083740]","[[0.999939, 0.003784, -0.000305], [-0.003906, 0.999756, -0.021851], [0.000183, 0.021851, 0.999756]]",0.999939,"[8007, 7894, 7854, 7968]"
34.216274,"[-0.019531, -0.007812, -1.039062]","[-0.000054, 0.000130, -0.000043]","[0.019999, 0.000000, 0.004412]","[-0.001107, 0.002649, -0.000887]","[-0.000488, -0.021484, 0.004150]","[-0.010803, -0.000275, 0.002136, 0.999939]","[-0.000824, 0.001221, 0.002197, 0.999969]","[0.371094, -0.516602, -0.011719]","[[0.999939, 0.004211, 0.000488], [-0.004211, 0.999756, -0.021667], [-0.000610, 0.021545, 0.999756]]",0.999939,"[8010, 7857, 7845, 8028]"
34.353001,"[-0.019531, -0.007812, -1.035156]","[-0.000476, 0.001140, -0.000382]","[0.029999, 0.000000, 0.141071]","[-0.005984, 0.014325, -0.004804]","[-0.002441, -0.021973, 0.003906]","[-0.010956, -0.001343, 0.002014, 0.999939]","[-0.000702, 0.001953, 0.002197, 0.999969]","[0.044922, -0.001221, -0.059570]","[[0.999939, 0.003967, 0.002625], [-0.003967, 0.999756, -0.021973], [-0.002747, 0.021851, 0.999756]]",0.999939,"[8045, 7941, 7862, 7985]"
34.354946,"[-0.007812, -0.007812, -1.035156]","[-0.000476, 0.001140, -0.000382]","[0.039999, 0.000000, 0.141071]","[-0.005984, 0.014325, -0.004804]","[-0.002441, -0.021973, 0.003906]","[-0.010956, -0.001343, 0.002014, 0.999939]","[-0.000702, 0.003174, 0.002197, 0.999969]","[0.044922, -0.001221, -0.059570]","[[0.999939, 0.003967, 0.002625], [-0.003967, 0.999756, -0.021973], [-0.002747, 0.021851, 0.999756]]",0.999939,"[8045, 7945, 7857, 7983]"
34.356903,"[-0.007812, -0.007812, -1.031250]","[-0.000605, 0.001447, -0.000485]","[0.029999, 0.000000, 0.155760]","[-0.007187, 0.017207, -0.005771]","[-0.001709, -0.021973, 0.003906]","[-0.010986, -0.000946, 0.002045, 0.999939]","[-0.000702, 0.002686, 0.002197, 0.999969]","[0.032227, 0.130127, 0.145508]","[[0.999939, 0.004028, 0.001831], [-0.004028, 0.999756, -0.022034], [-0.001953, 0.021912, 0.999756]]",0.999939,"[8034, 7931, 7886, 7980]"
34.384247,"[-0.007812, -0.007812, -1.027344]","[-0.000758, 0.001815, -0.000608]","[0.039999, 0.000000, 0.179071]","[-0.008545, 0.020460, -0.006863]","[-0.001465, -0.021973, 0.003662]","[-0.010956, -0.000763, 0.001953, 0.999939]","[-0.000702, 0.003174, 0.002197, 0.999969]","[0.036377, -0.013184, -0.069824]","[[0.999939, 0.003845, 0.001465], [-0.003845, 0.999756, -0.021973], [-0.001587, 0.021851, 0.999756]]",0.999939,"[8074, 7956, 7918, 8027]"
34.425259,"[0.000000, -0.007812, -1.023438]","[-0.001152, 0.002759, -0.000925]","[0.059999, 0.000000, 0.197113]","[-0.011761, 0.028166, -0.009451]","[0.000000, -0.020996, 0.003418]","[-0.010559, -0.000061, 0.001831, 0.999939]","[-0.000580, 0.004639, 0.002197, 0.999969]","[0.037598, 0.150879, 0.081055]","[[0.999939, 0.003601, 0.000061], [-0.003601, 0.999756, -0.021179], [-0.000183, 0.021057, 0.999756]]",0.999939,"[8059, 7981, 7955, 8067]"
34.452606,"[0.000000, -0.007812, -1.019531]","[-0.001400, 0.003352, -0.001124]","[0.049999, 0.000000, 0.212549]","[-0.013636, 0.032657, -0.010959]","[0.000000, -0.021484, 0.002930]","[-0.010742, 0.000092, 0.001587, 0.999939]","[-0.000580, 0.004150, 0.002197, 0.999969]","[-0.026855, -0.046387, -0.051758]","[[0.999939, 0.003052, -0.000183], [-0.003174, 0.999756, -0.021484], [0.000061, 0.021484, 0.999756]]",0.999939,"[8116, 7984, 7942, 8072]"
34.519012,"[0.000000, -0.007812, -1.011719]","[-0.002813, 0.006737, -0.002261]","[0.059999, 0.009998, 0.244770]","[-0.023074, 0.055278, -0.018564]","[0.000977, -0.020996, 0.001709]","[-0.010529, 0.000580, 0.001007, 0.999939]","[-0.000824, 0.004883, 0.002197, 0.999969]","[-0.050049, -0.087891, -0.105469]","[[0.999939, 0.001892, -0.001160], [-0.002014, 0.999756, -0.021057], [0.001038, 0.021057, 0.999756]]",0.999939,"[8102, 8013, 7974, 8087]"
34.554165,"[0.000000, -0.007812, -1.007812]","[-0.003828, 0.009169, -0.003078]","[0.070000, 0.000000, 0.233381]","[-0.029042, 0.069585, -0.023377]","[0.001709, -0.019775, 0.000977]","[-0.010010, 0.000885, 0.000671, 0.999969]","[-0.000092, 0.005371, 0.002197, 0.999969]","[-0.154785, 0.134277, -0.106934]","[[1.000061, 0.001221, -0.001770], [-0.001343, 0.999878, -0.020020], [0.001648, 0.020020, 0.999878]]",1.000061,"[8105, 8032, 7982, 8070]"
34.587368,"[0.000000, -0.007812, -1.003906]","[-0.004428, 0.010605, -0.003560]","[0.059999, 0.000000, 0.224714]","[-0.032354, 0.077527, -0.026050]","[0.001953, -0.020264, 0.000488]","[-0.010162, 0.001038, 0.000397, 0.999969]","[0.000000, 0.005096, 0.002167, 0.999969]","[0.169922, -0.182617, -0.037842]","[[1.000061, 0.000671, -0.002075], [-0.000793, 0.999878, -0.020325], [0.001953, 0.020325, 0.999878]]",1.000061,"[8149, 8018, 7958, 8136]"
34.620575,"[0.007812, -0.007812, -1.000000]","[-0.005831, 0.013967, -0.004690]","[0.080000, 0.000000, 0.232204]","[-0.039650, 0.095027, -0.031943]","[0.003418, -0.020020, 0.000000]","[-0.010040, 0.001831, -0.000061, 0.999969]","[0.000244, 0.006561, 0.002167, 0.999969]","[-0.156494, 0.170654, 0.017822]","[[1.000061, -0.000183, -0.003601], [0.000061, 0.999878, -0.020142], [0.003601, 0.020020, 0.999878]]",1.000061,"[8119, 8023, 7996, 8125]"
34.653774,"[0.007812, -0.007812, -0.996094]","[-0.007537, 0.018057, -0.006065]","[0.070000, 0.000000, 0.186825]","[-0.047862, 0.114727, -0.038582]","[0.003662, -0.019531, -0.000488]","[-0.009766, 0.001892, -0.000336, 0.999969]","[0.000732, 0.006195, 0.002167, 0.999969]","[0.149170, -0.308594, -0.059570]","[[1.000061, -0.000732, -0.003723], [0.000610, 0.999878, -0.019592], [0.003723, 0.019470, 0.999878]]",1.000061,"[8114, 8040, 7979, 8142]"
34.686977,"[0.007812, -0.007812, -0.996094]","[-0.008515, 0.020402, -0.006854]","[0.089998, 0.000000, 0.190907]","[-0.052313, 0.125407, -0.042182]","[0.003906, -0.019043, -0.000977]","[-0.009583, 0.002075, -0.000580, 0.999969]","[0.000977, 0.007416, 0.002167, 0.999939]","[-0.174561, 0.311035, -0.012207]","[[1.000061, -0.001221, -0.004089], [0.001099, 0.999878, -0.019226], [0.004089, 0.019104, 0.999878]]",1.000061,"[8139, 8052, 7977, 8094]"
34.720177,"[0.007812, -0.007812, -0.992188]","[-0.010743, 0.025743, -0.008651]","[0.070000, 0.000000, 0.150782]","[-0.061906, 0.148431, -0.049950]","[0.004883, -0.018799, -0.001953]","[-0.009369, 0.002472, -0.001007, 0.999969]","[0.001343, 0.006561, 0.002167, 0.999969]","[0.157227, -0.195312, -0.022949]","[[1.000000, -0.002075, -0.004883], [0.001953, 0.999878, -0.018799], [0.004883, 0.018677, 0.999878]]",1.0,"[8110, 8067, 7975, 8129]"
34.753384,"[0.007812, -0.007812, -0.992188]","[-0.013364, 0.032027, -0.010766]","[0.049999, 0.019999, 0.209305]","[-0.072415, 0.173660, -0.058468]","[0.005371, -0.017578, -0.002686]","[-0.008789, 0.002747, -0.001373, 0.999969]","[0.000732, 0.005829, 0.002167, 0.999969]","[-0.076172, 0.391357, -0.053711]","[[1.000000, -0.002808, -0.005432], [0.002686, 0.999878, -0.017639], [0.005432, 0.017517, 0.999878]]",1.0,"[8121, 8052, 8004, 8115]"
34.786591,"[0.019531, -0.007812, -0.988281]","[-0.016412, 0.039339, -0.013228]","[0.109999, 0.000000, 0.194172]","[-0.083820, 0.201051, -0.067724]","[0.005859, -0.018066, -0.003174]","[-0.009003, 0.003021, -0.001587, 0.999969]","[0.002441, 0.009613, 0.002167, 0.999939]","[-0.005615, -0.035645, -0.084717]","[[1.000000, -0.003235, -0.005981], [0.003113, 0.999878, -0.018066], [0.005981, 0.017944, 0.999878]]",1.0,"[8145, 8041, 8014, 8130]"
34.823696,"[0.019531, -0.007812, -0.988281]","[-0.018107, 0.043405, -0.014598]","[0.059999, 0.019999, 0.186123]","[-0.089847, 0.215530, -0.072621]","[0.006592, -0.016602, -0.004639]","[-0.008331, 0.003387, -0.002319, 0.999969]","[0.002319, 0.007782, 0.002167, 0.999939]","[0.121094, -0.065918, -0.037842]","[[1.000000, -0.004700, -0.006714], [0.004578, 0.999878, -0.016724], [0.006714, 0.016602, 0.999878]]",1.0,"[8132, 8110, 7994, 8148]"
34.854946,"[0.019531, -0.007812, -0.984375]","[-0.021862, 0.052414, -0.017634]","[0.089998, 0.019999, 0.149096]","[-0.102541, 0.246032, -0.082944]","[0.007324, -0.015381, -0.005615]","[-0.007660, 0.003723, -0.002777, 0.999969]","[0.002808, 0.009491, 0.002167, 0.999939]","[0.178467, -0.093750, -0.058594]","[[0.999939, -0.005615, -0.007385], [0.005493, 0.999878, -0.015381], [0.007385, 0.015259, 0.999878]]",0.999939,"[8128, 8077, 8015, 8169]"
34.888153,"[0.027344, -0.007812, -0.980469]","[-0.026129, 0.062652, -0.021087]","[0.099998, 0.009998, 0.165941]","[-0.116044, 0.278489, -0.093941]","[0.008545, -0.015381, -0.006592]","[-0.007690, 0.004303, -0.003235, 0.999969]","[0.004028, 0.010834, 0.002136, 0.999908]","[-0.148926, 0.113037, -0.001221]","[[0.999939, -0.006592, -0.008545], [0.006348, 0.999878, -0.015442], [0.008545, 0.015320, 0.999878]]",0.999939,"[8164, 8065, 8013, 8166]"
34.921352,"[0.027344, -0.007812, -0.980469]","[-0.028464, 0.068256, -0.022978]","[0.080000, 0.009998, 0.155489]","[-0.123083, 0.295414, -0.099681]","[0.009521, -0.013672, -0.007812]","[-0.006805, 0.004791, -0.003876, 0.999969]","[0.004883, 0.010101, 0.002136, 0.999908]","[0.210449, -0.063232, -0.076660]","[[0.999939, -0.007874, -0.009521], [0.007629, 0.999878, -0.013672], [0.009521, 0.013550, 0.999878]]",0.999939,"[8140, 8090, 8026, 8184]"
34.954556,"[0.039062, -0.007812, -0.980469]","[-0.033556, 0.080478, -0.027103]","[0.119999, 0.019999, 0.138351]","[-0.137703, 0.330578, -0.111617]","[0.010498, -0.012695, -0.008789]","[-0.006348, 0.005371, -0.004395, 0.999969]","[0.005371, 0.013275, 0.002106, 0.999878]","[-0.156494, 0.087646, 0.010010]","[[0.999939, -0.008911, -0.010681], [0.008667, 0.999878, -0.012756], [0.010681, 0.012634, 0.999878]]",0.999939,"[8170, 8115, 8049, 8193]"
34.987759,"[0.039062, 0.000000, -0.976562]","[-0.039231, 0.094103, -0.031705]","[0.059999, 0.039999, 0.135386]","[-0.152985, 0.367353, -0.124117]","[0.010742, -0.010742, -0.010254]","[-0.005402, 0.005463, -0.005096, 0.999969]","[0.004883, 0.010834, 0.002136, 0.999908]","[0.206299, -0.080811, -0.091553]","[[0.999878, -0.010254, -0.010864], [0.010132, 0.999878, -0.010864], [0.010864, 0.010742, 0.999878]]",0.999878,"[8187, 8147, 8041, 8180]"
35.022919,"[0.039062, 0.000000, -0.980469]","[-0.045515, 0.109195, -0.036806]","[0.129999, 0.029999, 0.094120]","[-0.168865, 0.405583, -0.137132]","[0.011963, -0.010254, -0.011475]","[-0.005157, 0.006012, -0.005737, 0.999969]","[0.006500, 0.014740, 0.002075, 0.999847]","[0.013672, -0.239502, -0.054443]","[[0.999878, -0.011597, -0.011963], [0.011353, 0.999939, -0.010437], [0.011963, 0.010193, 0.999939]]",0.999878,"[8151, 8114, 8049, 8195]"
35.058071,"[0.039062, 0.000000, -0.976562]","[-0.048892, 0.117306, -0.039549]","[0.080000, 0.039999, 0.077381]","[-0.177003, 0.425181, -0.143812]","[0.013428, -0.009277, -0.012939]","[-0.004669, 0.006836, -0.006439, 0.999969]","[0.007202, 0.012787, 0.002075, 0.999878]","[-0.102783, 0.071533, -0.003174]","[[0.999878, -0.013000, -0.013611], [0.012756, 0.999939, -0.009460], [0.013611, 0.009216, 0.999939]]",0.999878,"[8187, 8124, 8025, 8191]"
35.124481,"[0.058594, 0.000000, -0.984375]","[-0.064025, 0.153667, -0.051857]","[0.099998, 0.049999, 0.066877]","[-0.210651, 0.506275, -0.171515]","[0.015625, -0.007080, -0.015137]","[-0.003540, 0.007874, -0.007538, 0.999939]","[0.009430, 0.016449, 0.002014, 0.999817]","[-0.071289, -0.120850, 0.060303]","[[0.999756, -0.015137, -0.015686], [0.015015, 0.999878, -0.007202], [0.015686, 0.006958, 0.999817]]",0.999756,"[8177, 8112, 8053, 8219]"
35.157684,"[0.058594, 0.000000, -0.984375]","[-0.072592, 0.174260, -0.058837]","[0.070000, 0.049999, 0.057928]","[-0.227975, 0.548065, -0.185834]","[0.016602, -0.005615, -0.015869]","[-0.002747, 0.008331, -0.007904, 0.999939]","[0.010895, 0.015472, 0.002014, 0.999817]","[0.134277, -0.086182, -0.100098]","[[0.999756, -0.015869, -0.016602], [0.015747, 0.999878, -0.005676], [0.016602, 0.005310, 0.999878]]",0.999756,"[8231, 8129, 8019, 8200]"
35.204556,"[0.058594, 0.007812, -0.984375]","[-0.081837, 0.196489, -0.066378]","[0.099998, 0.070000, -0.016092]","[-0.245504, 0.590377, -0.200367]","[0.018799, -0.003906, -0.017090]","[-0.001862, 0.009521, -0.008545, 0.999939]","[0.011871, 0.017914, 0.001953, 0.999756]","[-0.048340, 0.170654, 0.133789]","[[0.999756, -0.017151, -0.018982], [0.017029, 0.999878, -0.003906], [0.018982, 0.003540, 0.999878]]",0.999756,"[8202, 8128, 8027, 8224]"
35.224087,"[0.058594, 0.007812, -0.988281]","[-0.086719, 0.208230, -0.070363]","[0.080000, 0.059999, 0.014477]","[-0.254320, 0.611670, -0.207694]","[0.019287, -0.003174, -0.018311]","[-0.001495, 0.009766, -0.009155, 0.999939]","[0.013214, 0.017548, 0.001953, 0.999756]","[0.097168, -0.135254, -0.152832]","[[0.999756, -0.018372, -0.019470], [0.018250, 0.999939, -0.003174], [0.019470, 0.002808, 0.999878]]",0.999756,"[8227, 8121, 8018, 8239]"
35.257294,"[0.058594, 0.007812, -0.988281]","[-0.096998, 0.232957, -0.078764]","[0.070000, 0.070000, -0.009460]","[-0.271986, 0.654359, -0.222415]","[0.021484, 0.000000, -0.019531]","[0.000122, 0.010742, -0.009766, 0.999878]","[0.014679, 0.017914, 0.001923, 0.999725]","[-0.003418, 0.065674, 0.031494]","[[0.999512, -0.019531, -0.021484], [0.019531, 0.999695, -0.000061], [0.021362, -0.000427, 0.999695]]",0.999512,"[8161, 8154, 8043, 8202]"
35.292473,"[0.066406, 0.007812, -0.988281]","[-0.102398, 0.245948, -0.083181]","[0.080000, 0.089998, -0.038475]","[-0.280814, 0.675705, -0.229793]","[0.023682, -0.000244, -0.020996]","[0.000061, 0.011932, -0.010590, 0.999878]","[0.015656, 0.019592, 0.001862, 0.999664]","[0.212646, 0.196533, 0.038574]","[[0.999512, -0.021179, -0.023865], [0.021179, 0.999756, -0.000244], [0.023743, -0.000366, 0.999695]]",0.999512,"[8217, 8090, 8028, 8279]"
35.325649,"[0.066406, 0.019531, -0.988281]","[-0.113710, 0.273172, -0.092444]","[0.070000, 0.089998, 0.000082]","[-0.298389, 0.718231, -0.244527]","[0.024658, 0.002197, -0.022461]","[0.001373, 0.012421, -0.011322, 0.999847]","[0.016876, 0.019958, 0.001831, 0.999634]","[-0.091553, -0.016602, -0.086182]","[[0.999390, -0.022644, -0.024841], [0.022644, 0.999695, 0.002380], [0.024719, -0.002991, 0.999634]]",0.99939,"[8178, 8149, 8083, 8223]"
35.358849,"[0.078125, 0.019531, -0.992188]","[-0.125706, 0.302052, -0.102282]","[0.089998, 0.109999, -0.027401]","[-0.315782, 0.760356, -0.259176]","[0.025879, 0.003418, -0.023926]","[0.001984, 0.012970, -0.011963, 0.999847]","[0.017853, 0.022644, 0.001770, 0.999573]","[0.232910, 0.204102, 0.090576]","[[0.999390, -0.023926, -0.025940], [0.023926, 0.999695, 0.003540], [0.025818, -0.004272, 0.999634]]",0.99939,"[8242, 8158, 8031, 8239]"
35.392056,"[0.078125, 0.019531, -0.992188]","[-0.138379, 0.332573, -0.112692]","[0.059999, 0.099998, 0.009869]","[-0.332896, 0.801848, -0.273665]","[0.027588, 0.005371, -0.025391]","[0.002991, 0.013855, -0.012726, 0.999817]","[0.020782, 0.022278, 0.001709, 0.999512]","[-0.092041, 0.002441, -0.066162]","[[0.999268, -0.025391, -0.027771], [0.025513, 0.999634, 0.005554], [0.027527, -0.006287, 0.999573]]",0.999268,"[8206, 8209, 8063, 8278]"
35.520962,"[0.078125, 0.027344, -1.000000]","[-0.180285, 0.433570, -0.147235]","[0.070000, 0.139999, -0.017628]","[-0.381555, 0.920124, -0.315389]","[0.035156, 0.015137, -0.028809]","[0.007935, 0.017517, -0.014618, 0.999695]","[0.027374, 0.027039, 0.001434, 0.999237]","[-0.056641, 0.141357, -0.020752]","[[0.998901, -0.028992, -0.035217], [0.029480, 0.999390, 0.015259], [0.034729, -0.016357, 0.999207]]",0.998901,"[8273, 8186, 8079, 8346]"
35.528778,"[0.078125, 0.039062, -1.003906]","[-0.187813, 0.451726, -0.153461]","[0.049999, 0.129999, -0.018740]","[-0.389156, 0.938647, -0.321997]","[0.035889, 0.016113, -0.029053]","[0.008392, 0.017914, -0.014740, 0.999695]","[0.027740, 0.026184, 0.001465, 0.999268]","[-0.021240, 0.152588, -0.034180]","[[0.998901, -0.029236, -0.036072], [0.029724, 0.999390, 0.016174], [0.035461, -0.017273, 0.999207]]",0.998901,"[8266, 8212, 8082, 8315]"
35.530739,"[0.089844, 0.039062, -1.003906]","[-0.187813, 0.451726, -0.153461]","[0.080000, 0.160000, -0.035595]","[-0.389156, 0.938647, -0.321997]","[0.035645, 0.016113, -0.029297]","[0.008453, 0.017792, -0.014771, 0.999695]","[0.026642, 0.028259, 0.001434, 0.999237]","[0.111328, -0.133545, -0.035645]","[[0.998901, -0.029297, -0.035828], [0.029785, 0.999390, 0.016296], [0.035217, -0.017395, 0.999207]]",0.998901,"[8262, 8223, 8093, 8331]"
35.560024,"[0.089844, 0.046875, -1.003906]","[-0.195485, 0.470233, -0.159813]","[0.039999, 0.139999, -0.039665]","[-0.396576, 0.956750, -0.328481]","[0.037598, 0.018311, -0.030029]","[0.009491, 0.018677, -0.015259, 0.999664]","[0.029297, 0.027527, 0.001373, 0.999176]","[0.035156, -0.154785, -0.027832]","[[0.998779, -0.030212, -0.037598], [0.030823, 0.999329, 0.018311], [0.036987, -0.019531, 0.999084]]",0.998779,"[8235, 8230, 8116, 8335]"
35.595181,"[0.089844, 0.058594, -1.007812]","[-0.211258, 0.508293, -0.172891]","[0.029999, 0.189999, -0.059841]","[-0.410849, 0.991621, -0.341050]","[0.040527, 0.019531, -0.031006]","[0.010162, 0.020172, -0.015747, 0.999634]","[0.029083, 0.028259, 0.001343, 0.999176]","[-0.009033, -0.075439, -0.003174]","[[0.998718, -0.031128, -0.040649], [0.031860, 0.999329, 0.019592], [0.039917, -0.020935, 0.999023]]",0.998718,"[8267, 8173, 8085, 8385]"
35.737762,"[0.089844, 0.066406, -1.027344]","[-0.270499, 0.651397, -0.222282]","[0.019999, 0.189999, -0.069792]","[-0.453773, 1.097089, -0.380039]","[0.048828, 0.031982, -0.033447]","[0.016479, 0.024231, -0.017212, 0.999420]","[0.040771, 0.033264, 0.000824, 0.998596]","[0.101562, 0.025879, -0.026123]","[[0.998169, -0.033630, -0.049011], [0.035217, 0.998840, 0.032043], [0.047791, -0.033752, 0.998230]]",0.998169,"[8285, 8224, 8115, 8319]"
35.739712,"[0.089844, 0.089844, -1.031250]","[-0.270499, 0.651397, -0.222282]","[-0.019999, 0.219999, -0.128138]","[-0.453773, 1.097089, -0.380039]","[0.049316, 0.032227, -0.033447]","[0.016602, 0.024445, -0.017212, 0.999420]","[0.038086, 0.031311, 0.000977, 0.998779]","[0.130371, 0.205078, 0.074707]","[[0.998230, -0.033630, -0.049438], [0.035217, 0.998840, 0.032288], [0.048218, -0.033997, 0.998230]]",0.99823,"[8298, 8222, 8104, 8328]"
35.895977,"[0.078125, 0.136719, -1.058594]","[-0.344208, 0.829808, -0.284404]","[-0.059999, 0.299999, -0.207081]","[-0.486592, 1.179166, -0.412869]","[0.057861, 0.045898, -0.037598]","[0.023621, 0.028503, -0.019501, 0.999115]","[0.045746, 0.035339, 0.000549, 0.998322]","[-0.075195, 0.110352, -0.099121]","[[0.997559, -0.037659, -0.057922], [0.040344, 0.998047, 0.046021], [0.055969, -0.048340, 0.997192]]",0.997559,"[8239, 8177, 8077, 8332]"
36.044407,"[0.078125, 0.156250, -1.074219]","[-0.421502, 1.017372, -0.350533]","[-0.099998, 0.339998, -0.229166]","[-0.499145, 1.213006, -0.430917]","[0.065186, 0.058350, -0.041260]","[0.029938, 0.032043, -0.021576, 0.998810]","[0.056702, 0.039398, -0.000031, 0.997589]","[0.119141, -0.064941, 0.010498]","[[0.997009, -0.041260, -0.065308], [0.045044, 0.997253, 0.058350], [0.062622, -0.061157, 0.996155]]",0.997009,"[8252, 8124, 7977, 8338]"
36.046356,"[0.066406, 0.187500, -1.089844]","[-0.421502, 1.017372, -0.350533]","[-0.150000, 0.459999, -0.270840]","[-0.499145, 1.213006, -0.430917]","[0.065430, 0.059326, -0.041504]","[0.030457, 0.032196, -0.021759, 0.998779]","[0.049408, 0.036194, 0.000397, 0.998108]","[0.263916, 0.147217, -0.082031]","[[0.996948, -0.041565, -0.065613], [0.045471, 0.997131, 0.059387], [0.062927, -0.062195, 0.996033]]",0.996948,"[8252, 8108, 7992, 8337]"
36.065884,"[0.058594, 0.207031, -1.109375]","[-0.431248, 1.041061, -0.358958]","[-0.139999, 0.409998, -0.297909]","[-0.499197, 1.213606, -0.432060]","[0.067139, 0.061768, -0.041504]","[0.031647, 0.032928, -0.021851, 0.998718]","[0.052338, 0.037048, 0.000244, 0.997925]","[0.145264, 0.200439, 0.031006]","[[0.996826, -0.041626, -0.067139], [0.045776, 0.997009, 0.061707], [0.064331, -0.064636, 0.995789]]",0.996826,"[8164, 8147, 8029, 8267]"
36.19479,"[0.039062, 0.250000, -1.128906]","[-0.499057, 1.206155, -0.418235]","[-0.169998, 0.480000, -0.282846]","[-0.489875, 1.194647, -0.432984]","[0.068848, 0.069580, -0.044678]","[0.035614, 0.033722, -0.023621, 0.998535]","[0.058533, 0.039764, -0.000122, 0.997467]","[0.022949, -0.201660, -0.082520]","[[0.996643, -0.044800, -0.069031], [0.049561, 0.996399, 0.069458], [0.065613, -0.072754, 0.995239]]",0.996643,"[8196, 8124, 7923, 8193]"
36.196739,"[0.039062, 0.269531, -1.132812]","[-0.499057, 1.206155, -0.418235]","[-0.230000, 0.589998, -0.345043]","[-0.489875, 1.194647, -0.432984]","[0.069824, 0.070068, -0.044678]","[0.035858, 0.034149, -0.023590, 0.998505]","[0.051971, 0.036804, 0.000275, 0.997955]","[0.038330, 0.404053, 0.050293]","[[0.996582, -0.044678, -0.069885], [0.049561, 0.996338, 0.069946], [0.066467, -0.073242, 0.995117]]",0.996582,"[8198, 8137, 7917, 8212]"
36.231899,"[0.027344, 0.289062, -1.148438]","[-0.518084, 1.252581, -0.435113]","[-0.240000, 0.519999, -0.409832]","[-0.484109, 1.181779, -0.430977]","[0.071289, 0.069580, -0.045654]","[0.035675, 0.034882, -0.024078, 0.998444]","[0.057434, 0.037048, 0.000061, 0.997650]","[0.219238, 0.085938, -0.017090]","[[0.996277, -0.045654, -0.071411], [0.050537, 0.996155, 0.069519], [0.067871, -0.072937, 0.994873]]",0.996277,"[8128, 8042, 7903, 8254]"
36.290493,"[0.019531, 0.308594, -1.164062]","[-0.546134, 1.321111, -0.460231]","[-0.289999, 0.669998, -0.422327]","[-0.472912, 1.156346, -0.426103]","[0.069824, 0.069336, -0.048584]","[0.035553, 0.034088, -0.025513, 0.998474]","[0.054138, 0.036438, 0.000214, 0.997864]","[0.506104, -0.342773, -0.154297]","[[0.996399, -0.048584, -0.069885], [0.053345, 0.996216, 0.069214], [0.066223, -0.072754, 0.995178]]",0.996399,"[8193, 7992, 7782, 8244]"
36.298306,"[0.007812, 0.328125, -1.167969]","[-0.546134, 1.321111, -0.460231]","[-0.259998, 0.579998, -0.402134]","[-0.472912, 1.156346, -0.426103]","[0.069580, 0.069580, -0.048828]","[0.035706, 0.033966, -0.025635, 0.998474]","[0.057922, 0.037415, 0.000000, 0.997589]","[0.401123, -0.000244, 0.023682]","[[0.996399, -0.048828, -0.069641], [0.053589, 0.996155, 0.069519], [0.065979, -0.073059, 0.995178]]",0.996399,"[8164, 8025, 7761, 8233]"
36.440891,"[0.000000, 0.347656, -1.187500]","[-0.608394, 1.473673, -0.517263]","[-0.259998, 0.599998, -0.264917]","[-0.435201, 1.069003, -0.406265]","[0.069336, 0.076416, -0.053223]","[0.039154, 0.033722, -0.027985, 0.998260]","[0.067383, 0.042206, -0.000641, 0.996826]","[0.198486, 0.127441, -0.010742]","[[0.996094, -0.053284, -0.069519], [0.058533, 0.995300, 0.076233], [0.065125, -0.080017, 0.994568]]",0.996094,"[8152, 8047, 7762, 8168]"
36.442841,"[-0.019531, 0.398438, -1.187500]","[-0.608394, 1.473673, -0.517263]","[-0.299999, 0.639999, -0.264917]","[-0.435201, 1.069003, -0.406265]","[0.069336, 0.076416, -0.053223]","[0.039154, 0.033722, -0.027985, 0.998260]","[0.062653, 0.039154, -0.000244, 0.997253]","[0.198486, 0.127441, -0.010742]","[[0.996094, -0.053284, -0.069519], [0.058533, 0.995300, 0.076233], [0.065125, -0.080017, 0.994568]]",0.996094,"[8150, 8048, 7775, 8172]"
36.44479,"[-0.039062, 0.429688, -1.195312]","[-0.608394, 1.473673, -0.517263]","[-0.379999, 0.809998, -0.285761]","[-0.435201, 1.069003, -0.406265]","[0.069336, 0.077148, -0.053467]","[0.039581, 0.033600, -0.028076, 0.998230]","[0.052582, 0.033997, 0.000397, 0.998016]","[0.096436, 0.186035, -0.177246]","[[0.996033, -0.053467, -0.069336], [0.058716, 0.995117, 0.077087], [0.064819, -0.080872, 0.994446]]",0.996033,"[8128, 8074, 7789, 8162]"
36.466278,"[-0.046875, 0.457031, -1.199219]","[-0.625133, 1.514821, -0.532986]","[-0.329998, 0.709999, -0.315580]","[-0.421565, 1.037102, -0.398513]","[0.069580, 0.079102, -0.054199]","[0.040527, 0.033783, -0.028473, 0.998199]","[0.057434, 0.036560, 0.000061, 0.997650]","[0.019775, 0.061523, -0.088867]","[[0.996033, -0.054199, -0.069763], [0.059570, 0.995056, 0.078918], [0.065125, -0.082825, 0.994385]]",0.996033,"[8024, 8100, 7897, 8148]"
36.499477,"[-0.058594, 0.476562, -1.207031]","[-0.633293, 1.534910, -0.540728]","[-0.339998, 0.719999, -0.328112]","[-0.414288, 1.020046, -0.394303]","[0.067627, 0.074951, -0.056396]","[0.038452, 0.032806, -0.029480, 0.998291]","[0.058167, 0.036438, 0.000061, 0.997620]","[-0.087646, -0.135254, -0.056396]","[[0.996094, -0.056396, -0.067810], [0.061401, 0.995300, 0.074768], [0.063171, -0.078674, 0.994873]]",0.996094,"[8161, 8027, 7753, 8228]"
36.532684,"[-0.066406, 0.500000, -1.218750]","[-0.649183, 1.574062, -0.555959]","[-0.429998, 0.899998, -0.330662]","[-0.398834, 0.983720, -0.385230]","[0.066895, 0.072021, -0.058350]","[0.037079, 0.032410, -0.030334, 0.998322]","[0.050385, 0.032654, 0.000519, 0.998169]","[-0.112549, 0.385010, -0.052246]","[[0.996033, -0.058228, -0.066956], [0.062988, 0.995361, 0.071960], [0.062439, -0.075989, 0.995117]]",0.996033,"[8201, 8006, 7712, 8228]"
36.657684,"[-0.078125, 0.527344, -1.242188]","[-0.692898, 1.682203, -0.599283]","[-0.369999, 0.769999, -0.404373]","[-0.345654, 0.858077, -0.353082]","[0.059326, 0.063721, -0.067139]","[0.032928, 0.028595, -0.034454, 0.998444]","[0.062408, 0.038055, -0.000183, 0.997314]","[0.026855, -0.314941, -0.070312]","[[0.995911, -0.067017, -0.059387], [0.070679, 0.995361, 0.063721], [0.054749, -0.067749, 0.996094]]",0.995911,"[8131, 7934, 7564, 8137]"
36.659634,"[-0.109375, 0.589844, -1.234375]","[-0.692898, 1.682203, -0.599283]","[-0.409998, 0.829998, -0.360632]","[-0.345654, 0.858077, -0.353082]","[0.060059, 0.063232, -0.067139]","[0.032654, 0.029053, -0.034576, 0.998444]","[0.056091, 0.034241, 0.000244, 0.997833]","[-0.400635, 0.228516, -0.060303]","[[0.995850, -0.067200, -0.060242], [0.070984, 0.995422, 0.063171], [0.055725, -0.067200, 0.996155]]",0.99585,"[8126, 7913, 7577, 8167]"
36.667446,"[-0.128906, 0.617188, -1.238281]","[-0.699557, 1.698746, -0.606122]","[-0.400000, 0.849998, -0.346849]","[-0.335830, 0.834799, -0.347029]","[0.060303, 0.061768, -0.067871]","[0.032013, 0.029114, -0.034851, 0.998474]","[0.054047, 0.033630, 0.000366, 0.997955]","[-0.305908, 0.181152, -0.058594]","[[0.995911, -0.067810, -0.060364], [0.071472, 0.995544, 0.061829], [0.055847, -0.065979, 0.996277]]",0.995911,"[8142, 7920, 7543, 8142]"
36.712364,"[-0.148438, 0.656250, -1.246094]","[-0.712279, 1.730415, -0.619436]","[-0.499998, 1.029999, -0.354258]","[-0.315442, 0.786333, -0.334393]","[0.058838, 0.065674, -0.071533]","[0.033905, 0.028320, -0.036713, 0.998352]","[0.045044, 0.028625, 0.000885, 0.998566]","[-0.149414, 0.143555, 0.014160]","[[0.995667, -0.071472, -0.059021], [0.075256, 0.994995, 0.065552], [0.054016, -0.069824, 0.996094]]",0.995667,"[8010, 8050, 7701, 8076]"
36.733852,"[-0.156250, 0.687500, -1.250000]","[-0.718338, 1.745531, -0.625901]","[-0.429998, 0.889997, -0.344126]","[-0.304869, 0.761196, -0.327803]","[0.056641, 0.064697, -0.073486]","[0.033478, 0.027161, -0.037598, 0.998352]","[0.051239, 0.032043, 0.000549, 0.998169]","[-0.256348, 0.019043, -0.058594]","[[0.995605, -0.073303, -0.056763], [0.076843, 0.994873, 0.064758], [0.051636, -0.068909, 0.996216]]",0.995605,"[7985, 8071, 7684, 8051]"
36.769009,"[-0.167969, 0.726562, -1.257812]","[-0.729819, 1.774256, -0.638439]","[-0.519999, 1.079998, -0.341131]","[-0.283026, 0.709146, -0.314111]","[0.054199, 0.058594, -0.076172]","[0.030365, 0.025970, -0.038818, 0.998444]","[0.040894, 0.027771, 0.001038, 0.998749]","[-0.046875, 0.015625, -0.129395]","[[0.995605, -0.076050, -0.054199], [0.079102, 0.995117, 0.058533], [0.049438, -0.062683, 0.996765]]",0.995605,"[8180, 7964, 7555, 8164]"
36.802212,"[-0.187500, 0.757812, -1.261719]","[-0.740435, 1.800900, -0.650434]","[-0.449999, 0.919998, -0.336861]","[-0.260227, 0.654741, -0.299745]","[0.052246, 0.056885, -0.078125]","[0.029572, 0.025024, -0.039825, 0.998444]","[0.048309, 0.030457, 0.000702, 0.998352]","[-0.073975, -0.246826, 0.006836]","[[0.995483, -0.078064, -0.052307], [0.080994, 0.994995, 0.057007], [0.047546, -0.061035, 0.996887]]",0.995483,"[8008, 7973, 7624, 8103]"
36.835411,"[-0.199219, 0.789062, -1.265625]","[-0.745398, 1.813408, -0.656212]","[-0.449999, 0.939999, -0.287884]","[-0.248518, 0.626766, -0.292354]","[0.048096, 0.054932, -0.081055]","[0.028564, 0.022980, -0.041199, 0.998474]","[0.046600, 0.030090, 0.000763, 0.998444]","[-0.069580, -0.254395, -0.193848]","[[0.995483, -0.080994, -0.048218], [0.083557, 0.994934, 0.055054], [0.043457, -0.058960, 0.997253]]",0.995483,"[8130, 8028, 7540, 8084]"
36.964325,"[-0.226562, 0.816406, -1.273438]","[-0.773495, 1.885002, -0.692443]","[-0.559999, 1.149998, -0.276648]","[-0.160810, 0.416512, -0.236452]","[0.042725, 0.051025, -0.088623]","[0.026459, 0.020325, -0.044861, 0.998413]","[0.037720, 0.024475, 0.001251, 0.998962]","[0.014160, -0.138916, -0.076172]","[[0.994995, -0.088562, -0.042908], [0.090637, 0.994446, 0.050964], [0.038147, -0.054626, 0.997620]]",0.994995,"[8081, 7972, 7505, 8077]"
36.96627,"[-0.257812, 0.898438, -1.265625]","[-0.773495, 1.885002, -0.692443]","[-0.559999, 1.189999, -0.248459]","[-0.160810, 0.416512, -0.236452]","[0.043213, 0.051025, -0.088623]","[0.026489, 0.020477, -0.044861, 0.998413]","[0.030884, 0.022766, 0.001465, 0.999237]","[0.038086, 0.196533, 0.027344]","[[0.994995, -0.088562, -0.043213], [0.090637, 0.994446, 0.050964], [0.038452, -0.054749, 0.997620]]",0.994995,"[8071, 7955, 7490, 8063]"
36.970177,"[-0.277344, 0.929688, -1.265625]","[-0.773495, 1.885002, -0.692443]","[-0.469999, 1.009998, -0.217607]","[-0.160810, 0.416512, -0.236452]","[0.042969, 0.050537, -0.088867]","[0.026306, 0.020386, -0.045013, 0.998413]","[0.037964, 0.025818, 0.001190, 0.998932]","[-0.118164, -0.287354, -0.132568]","[[0.994995, -0.088867, -0.043030], [0.090942, 0.994446, 0.050598], [0.038269, -0.054382, 0.997681]]",0.994995,"[8041, 7964, 7507, 8072]"
37.108852,"[-0.308594, 1.007812, -1.265625]","[-0.789009, 1.926355, -0.720610]","[-0.480000, 1.039999, -0.097696]","[-0.065075, 0.185658, -0.174925]","[0.032471, 0.033936, -0.096924]","[0.017853, 0.015472, -0.048798, 0.998535]","[0.032593, 0.023743, 0.001404, 0.999176]","[-0.150146, 0.255615, -0.035645]","[[0.994751, -0.096924, -0.032654], [0.098022, 0.994568, 0.034119], [0.029114, -0.037170, 0.998901]]",0.994751,"[8189, 7924, 7441, 8176]"
37.110809,"[-0.328125, 1.046875, -1.265625]","[-0.790145, 1.929659, -0.723938]","[-0.480000, 1.059998, -0.071835]","[-0.050911, 0.151443, -0.165821]","[0.032959, 0.033447, -0.096924]","[0.017548, 0.015625, -0.048767, 0.998535]","[0.029175, 0.022888, 0.001526, 0.999298]","[-0.296387, 0.089111, 0.059326]","[[0.994751, -0.096924, -0.032959], [0.097900, 0.994629, 0.033508], [0.029419, -0.036560, 0.998840]]",0.994751,"[8191, 7938, 7444, 8199]"
37.112762,"[-0.347656, 1.089844, -1.261719]","[-0.790145, 1.929659, -0.723938]","[-0.589998, 1.289997, -0.067652]","[-0.050911, 0.151443, -0.165821]","[0.031738, 0.033447, -0.097168]","[0.017548, 0.015106, -0.048828, 0.998535]","[0.015381, 0.016174, 0.001923, 0.999725]","[0.072266, -0.543701, -0.084717]","[[0.994751, -0.097046, -0.031921], [0.098022, 0.994568, 0.033508], [0.028381, -0.036560, 0.998901]]",0.994751,"[8171, 7948, 7444, 8211]"
37.138145,"[-0.359375, 1.128906, -1.261719]","[-0.790995, 1.932276, -0.727087]","[-0.480000, 1.089998, -0.051296]","[-0.036648, 0.116898, -0.156635]","[0.030029, 0.035156, -0.098145]","[0.018372, 0.014130, -0.049347, 0.998535]","[0.022736, 0.020569, 0.001709, 0.999512]","[0.111572, 0.109375, 0.047607]","[[0.994812, -0.098083, -0.030029], [0.099060, 0.994507, 0.035278], [0.026367, -0.038086, 0.998962]]",0.994812,"[7999, 8125, 7645, 8089]"
37.270977,"[-0.367188, 1.156250, -1.265625]","[-0.789101, 1.931569, -0.744055]","[-0.480000, 1.099998, -0.097643]","[0.064668, -0.129000, -0.091518]","[0.018311, 0.014404, -0.103027]","[0.007690, 0.008820, -0.051575, 0.998596]","[0.017609, 0.019104, 0.001831, 0.999634]","[-0.069580, -0.001221, -0.030518]","[[0.994446, -0.102905, -0.018372], [0.103149, 0.994507, 0.014404], [0.016785, -0.016235, 0.999695]]",0.994446,"[8067, 8063, 7542, 8076]"
37.272919,"[-0.398438, 1.207031, -1.265625]","[-0.789101, 1.931569, -0.744055]","[-0.579998, 1.319998, -0.097643]","[0.064668, -0.129000, -0.091518]","[0.018311, 0.014404, -0.103027]","[0.007690, 0.008820, -0.051575, 0.998596]","[0.003784, 0.012543, 0.002136, 0.999908]","[-0.069580, -0.001221, -0.030518]","[[0.994446, -0.102905, -0.018372], [0.103149, 0.994507, 0.014404], [0.016785, -0.016235, 0.999695]]",0.994446,"[8056, 8051, 7539, 8067]"
37.274868,"[-0.437500, 1.277344, -1.253906]","[-0.789101, 1.931569, -0.744055]","[-0.579998, 1.349998, -0.044701]","[0.064668, -0.129000, -0.091518]","[0.018066, 0.012939, -0.102783]","[0.007050, 0.008789, -0.051483, 0.998596]","[-0.001923, 0.010254, 0.002197, 0.999939]","[-0.326172, -0.041992, 0.067139]","[[0.994446, -0.102722, -0.018250], [0.102966, 0.994507, 0.013123], [0.016785, -0.014954, 0.999634]]",0.994446,"[8071, 8066, 7550, 8063]"
37.325645,"[-0.437500, 1.316406, -1.242188]","[-0.784034, 1.920895, -0.748601]","[-0.469999, 1.129997, -0.054155]","[0.108234, -0.235253, -0.063667]","[0.014648, -0.000977, -0.103027]","[-0.000122, 0.007385, -0.051453, 0.998657]","[0.004791, 0.014740, 0.002106, 0.999847]","[-0.382568, -0.098389, 0.087402]","[[0.994629, -0.102844, -0.014709], [0.102722, 0.994690, -0.001038], [0.014709, -0.000549, 0.999878]]",0.994629,"[8069, 8018, 7627, 8188]"
37.339317,"[-0.468750, 1.367188, -1.238281]","[-0.784034, 1.920895, -0.748601]","[-0.559999, 1.349998, -0.003794]","[0.108234, -0.235253, -0.063667]","[0.012207, -0.006104, -0.103027]","[-0.002808, 0.006256, -0.051544, 0.998657]","[-0.009613, 0.008301, 0.002258, 0.999908]","[-0.437256, 0.061523, 0.071533]","[[0.994629, -0.103027, -0.012207], [0.102905, 0.994690, -0.006287], [0.012695, 0.004944, 0.999939]]",0.994629,"[8197, 7985, 7553, 8163]"
37.374474,"[-0.476562, 1.406250, -1.234375]","[-0.779243, 1.910328, -0.750728]","[-0.449999, 1.119999, 0.033522]","[0.137094, -0.305808, -0.045292]","[0.006836, -0.011475, -0.103516]","[-0.005524, 0.003784, -0.051758, 0.998657]","[-0.002289, 0.012573, 0.002197, 0.999908]","[-0.144775, -0.329834, -0.106445]","[[0.994629, -0.103455, -0.006958], [0.103333, 0.994629, -0.011475], [0.008057, 0.010620, 0.999939]]",0.994629,"[8092, 8098, 7577, 8089]"
37.405727,"[-0.488281, 1.449219, -1.234375]","[-0.773327, 1.897011, -0.752142]","[-0.449999, 1.129997, -0.008389]","[0.165715, -0.375916, -0.027143]","[0.005127, -0.023926, -0.103027]","[-0.011871, 0.003204, -0.051483, 0.998596]","[-0.006805, 0.011230, 0.002258, 0.999908]","[-0.359131, -0.160156, 0.017334]","[[0.994629, -0.102966, -0.005127], [0.102722, 0.994385, -0.024109], [0.007568, 0.023376, 0.999634]]",0.994629,"[8271, 7963, 7497, 8248]"
37.440884,"[-0.519531, 1.488281, -1.222656]","[-0.769952, 1.889328, -0.752584]","[-0.519999, 1.349998, 0.062490]","[0.179908, -0.410737, -0.018174]","[0.002686, -0.024414, -0.102783]","[-0.012115, 0.002075, -0.051392, 0.998596]","[-0.021820, 0.005280, 0.002289, 0.999725]","[-0.003906, -0.166992, -0.071289]","[[0.994629, -0.102722, -0.002869], [0.102600, 0.994385, -0.024475], [0.005310, 0.023987, 0.999634]]",0.994629,"[8106, 8061, 7582, 8113]"
37.474087,"[-0.519531, 1.527344, -1.222656]","[-0.762374, 1.871932, -0.752948]","[-0.439999, 1.109999, 0.038979]","[0.208011, -0.479793, -0.000483]","[0.000488, -0.030273, -0.102051]","[-0.015106, 0.001038, -0.051086, 0.998596]","[-0.014496, 0.008331, 0.002289, 0.999847]","[-0.349121, 0.082764, 0.091797]","[[0.994812, -0.102112, -0.000488], [0.101990, 0.994385, -0.030334], [0.003540, 0.030090, 0.999573]]",0.994812,"[8032, 8099, 7683, 8076]"
37.507286,"[-0.546875, 1.566406, -1.207031]","[-0.753707, 1.851857, -0.752627]","[-0.509998, 1.329998, 0.133728]","[0.235669, -0.547907, 0.016828]","[-0.002686, -0.042480, -0.102295]","[-0.021301, -0.000336, -0.051178, 0.998474]","[-0.029633, 0.002502, 0.002258, 0.999542]","[-0.512939, -0.015381, -0.031494]","[[0.994751, -0.102234, 0.002808], [0.102234, 0.993896, -0.042542], [0.001465, 0.042542, 0.999084]]",0.994751,"[8303, 7997, 7497, 8241]"
37.540493,"[-0.546875, 1.609375, -1.199219]","[-0.743970, 1.829142, -0.751639]","[-0.419998, 1.099998, 0.136820]","[0.262806, -0.614894, 0.033700]","[-0.007812, -0.045654, -0.102539]","[-0.023071, -0.002777, -0.051300, 0.998413]","[-0.023529, 0.005768, 0.002319, 0.999695]","[0.129639, -0.290039, -0.002686]","[[0.994690, -0.102356, 0.007874], [0.102600, 0.993652, -0.045837], [-0.003235, 0.046326, 0.998901]]",0.99469,"[8155, 8142, 7628, 8147]"
37.573692,"[-0.578125, 1.648438, -1.191406]","[-0.738706, 1.816809, -0.750900]","[-0.400000, 1.079998, 0.211945]","[0.276155, -0.647908, 0.041955]","[-0.010742, -0.052490, -0.102539]","[-0.026520, -0.004059, -0.051422, 0.998322]","[-0.027313, 0.003967, 0.002289, 0.999603]","[-0.445312, -0.217529, -0.055420]","[[0.994690, -0.102539, 0.010803], [0.102905, 0.993286, -0.052612], [-0.005432, 0.053345, 0.998535]]",0.99469,"[8216, 8143, 7643, 8179]"
37.606895,"[-0.589844, 1.687500, -1.183594]","[-0.727404, 1.790227, -0.748944]","[-0.469999, 1.289997, 0.220039]","[0.302371, -0.712865, 0.058066]","[-0.013916, -0.059814, -0.103027]","[-0.030243, -0.005432, -0.051697, 0.998199]","[-0.042328, -0.000854, 0.002136, 0.999084]","[-0.048828, -0.072266, 0.027832]","[[0.994568, -0.102905, 0.013977], [0.103516, 0.992798, -0.059875], [-0.007751, 0.060974, 0.998108]]",0.994568,"[8278, 8106, 7598, 8259]"
37.640099,"[-0.597656, 1.726562, -1.175781]","[-0.715092, 1.761137, -0.746371]","[-0.369999, 1.049997, 0.295647]","[0.327884, -0.776252, 0.073604]","[-0.016357, -0.066162, -0.103271]","[-0.033539, -0.006439, -0.051910, 0.998077]","[-0.035736, 0.002380, 0.002258, 0.999329]","[-0.558594, 0.001465, -0.020264]","[[0.994507, -0.103210, 0.016357], [0.104065, 0.992371, -0.066345], [-0.009399, 0.067566, 0.997681]]",0.994507,"[8165, 8190, 7718, 8194]"
37.673306,"[-0.617188, 1.757812, -1.167969]","[-0.708566, 1.745672, -0.744859]","[-0.369999, 1.039999, 0.284098]","[0.340355, -0.807302, 0.081141]","[-0.020020, -0.073730, -0.103760]","[-0.037292, -0.008179, -0.052185, 0.997894]","[-0.039886, -0.000153, 0.002167, 0.999176]","[-0.162842, -0.112793, 0.047119]","[[0.994324, -0.103638, 0.020203], [0.104736, 0.991699, -0.073669], [-0.012512, 0.075256, 0.997009]]",0.994324,"[8313, 8162, 7656, 8271]"
