t,p,p_d,v,v_d,Angles,q,q_sp,w,R,T_sp,rpm
35.315941,"[0.019531, 0.000000, -1.164062]","[-0.000000, 0.000000, -0.000000]","[0.009998, 0.000000, 0.123768]","[-0.000004, 0.000001, -0.000002]","[0.026855, -0.023682, -0.022461]","[-0.011749, 0.013641, -0.011139, 0.999786]","[0.000000, 0.000702, -0.011078, 0.999908]","[0.061523, -0.438477, -0.110352]","[[0.999390, -0.022644, -0.026978], [0.021912, 0.999512, -0.023804], [0.027466, 0.023193, 0.999390]]",0.99939,"[8163, 8062, 8140, 8263]"
35.331562,"[0.019531, 0.000000, -1.164062]","[-0.000000, 0.000000, -0.000000]","[0.000000, 0.000000, 0.091785]","[-0.000004, 0.000001, -0.000002]","[0.022949, -0.021484, -0.022705]","[-0.010681, 0.011688, -0.011261, 0.999817]","[0.000000, 0.000092, -0.011078, 0.999908]","[0.210449, -0.577881, -0.008789]","[[0.999451, -0.022827, -0.023132], [0.022217, 0.999512, -0.021667], [0.023499, 0.021057, 0.999512]]",0.999451,"[8171, 8150, 8159, 8188]"
35.364765,"[0.019531, 0.000000, -1.164062]","[-0.000001, 0.000000, -0.000000]","[-0.009998, 0.000000, 0.067469]","[-0.000066, 0.000010, -0.000024]","[0.015381, -0.020752, -0.023193]","[-0.010284, 0.007843, -0.011505, 0.999847]","[0.000000, -0.000214, -0.011078, 0.999908]","[-0.053711, 0.004150, 0.008789]","[[0.999573, -0.023193, -0.015442], [0.022827, 0.999512, -0.020752], [0.015808, 0.020386, 0.999634]]",0.999573,"[8241, 8155, 7998, 8110]"
35.399921,"[0.019531, 0.000000, -1.164062]","[-0.000008, 0.000001, -0.000003]","[0.009998, 0.000000, 0.032251]","[-0.000317, 0.000046, -0.000116]","[0.009521, -0.021729, -0.023926]","[-0.010803, 0.004944, -0.011902, 0.999878]","[0.000000, 0.000702, -0.011078, 0.999908]","[0.129150, -0.030762, 0.036133]","[[0.999695, -0.023926, -0.009583], [0.023682, 0.999512, -0.021729], [0.010071, 0.021484, 0.999756]]",0.999695,"[8228, 8080, 7941, 8064]"
35.433128,"[0.027344, 0.000000, -1.167969]","[-0.000031, 0.000005, -0.000011]","[0.019999, 0.000000, 0.008535]","[-0.000957, 0.000139, -0.000352]","[0.007080, -0.020508, -0.024902]","[-0.010223, 0.003723, -0.012390, 0.999878]","[0.000000, 0.001678, -0.011078, 0.999908]","[-0.152588, -0.003174, -0.056641]","[[0.999695, -0.024902, -0.007141], [0.024658, 0.999512, -0.020569], [0.007629, 0.020325, 0.999817]]",0.999695,"[8096, 8048, 7957, 8049]"
35.466328,"[0.027344, 0.000000, -1.171875]","[-0.000055, 0.000008, -0.000020]","[0.019999, 0.009998, -0.026737]","[-0.001498, 0.000217, -0.000551]","[0.004639, -0.020264, -0.025879]","[-0.010101, 0.002502, -0.012909, 0.999878]","[-0.000610, 0.001678, -0.011078, 0.999908]","[0.279785, -0.219727, 0.010498]","[[0.999695, -0.025879, -0.004700], [0.025757, 0.999512, -0.020325], [0.005188, 0.020081, 0.999817]]",0.999695,"[8089, 8005, 7913, 8025]"
35.532738,"[0.027344, 0.000000, -1.175781]","[-0.000318, 0.000046, -0.000117]","[0.029999, 0.009998, -0.027615]","[-0.005935, 0.000850, -0.002191]","[0.001709, -0.020264, -0.027832]","[-0.010193, 0.001099, -0.013916, 0.999847]","[-0.000610, 0.002411, -0.011078, 0.999908]","[0.339355, -0.587402, -0.056152]","[[0.999573, -0.027893, -0.001892], [0.027771, 0.999390, -0.020447], [0.002380, 0.020325, 0.999756]]",0.999573,"[8051, 7967, 7863, 8019]"
35.565937,"[0.027344, 0.000000, -1.175781]","[-0.000451, 0.000065, -0.000166]","[0.059999, 0.000000, -0.045767]","[-0.007796, 0.001113, -0.002881]","[0.002441, -0.020508, -0.028564]","[-0.010223, 0.001373, -0.014313, 0.999847]","[-0.000153, 0.003876, -0.011078, 0.999908]","[-0.277100, 0.470215, -0.014648]","[[0.999573, -0.028687, -0.002441], [0.028564, 0.999390, -0.020508], [0.002930, 0.020386, 0.999756]]",0.999573,"[8001, 7964, 7846, 8026]"
35.599144,"[0.027344, 0.000000, -1.175781]","[-0.000845, 0.000121, -0.000312]","[0.039999, 0.009998, -0.079828]","[-0.012673, 0.001796, -0.004693]","[0.001953, -0.021973, -0.029785]","[-0.010986, 0.001251, -0.014862, 0.999847]","[-0.000641, 0.002899, -0.011078, 0.999908]","[0.057373, -0.142334, -0.088135]","[[0.999573, -0.029785, -0.002136], [0.029663, 0.999390, -0.022034], [0.002747, 0.021912, 0.999817]]",0.999573,"[8005, 7945, 7829, 7965]"
35.632347,"[0.027344, 0.007812, -1.179688]","[-0.001464, 0.000208, -0.000542]","[0.049999, 0.019999, -0.087223]","[-0.019339, 0.002721, -0.007177]","[0.000244, -0.020020, -0.030518]","[-0.009979, 0.000336, -0.015228, 0.999847]","[-0.001617, 0.003387, -0.011078, 0.999908]","[0.464355, -0.409424, 0.058105]","[[0.999573, -0.030518, -0.000366], [0.030396, 0.999390, -0.020020], [0.000854, 0.019897, 0.999817]]",0.999573,"[7977, 7977, 7824, 7933]"
35.667503,"[0.039062, 0.007812, -1.183594]","[-0.002383, 0.000337, -0.000883]","[0.080000, 0.019999, -0.040623]","[-0.028066, 0.003919, -0.010440]","[0.001709, -0.021484, -0.031006]","[-0.010773, 0.001068, -0.015533, 0.999817]","[-0.001648, 0.005829, -0.011078, 0.999908]","[0.203125, -0.152832, -0.041748]","[[0.999451, -0.031128, -0.001770], [0.031006, 0.999268, -0.021606], [0.002380, 0.021484, 0.999695]]",0.999451,"[7948, 7926, 7807, 8005]"
35.700722,"[0.039062, 0.007812, -1.183594]","[-0.002981, 0.000420, -0.001106]","[0.049999, 0.029999, -0.088985]","[-0.033280, 0.004628, -0.012395]","[0.000244, -0.019775, -0.031982]","[-0.009888, 0.000305, -0.016022, 0.999817]","[-0.002106, 0.004364, -0.011078, 0.999908]","[0.256836, -0.158203, -0.007812]","[[0.999451, -0.032104, -0.000244], [0.031982, 0.999268, -0.019836], [0.000854, 0.019714, 0.999756]]",0.999451,"[7968, 7981, 7818, 7933]"
35.733913,"[0.039062, 0.007812, -1.187500]","[-0.004513, 0.000633, -0.001677]","[0.109999, 0.019999, -0.076504]","[-0.045563, 0.006284, -0.017011]","[0.001953, -0.021484, -0.033203]","[-0.010773, 0.001251, -0.016663, 0.999786]","[-0.001648, 0.007416, -0.011078, 0.999908]","[-0.239990, 0.178955, -0.047607]","[[0.999329, -0.033386, -0.002136], [0.033264, 0.999146, -0.021606], [0.002747, 0.021484, 0.999695]]",0.999329,"[7953, 7879, 7815, 7978]"
35.767113,"[0.039062, 0.007812, -1.191406]","[-0.006575, 0.000916, -0.002448]","[0.059999, 0.039999, -0.122002]","[-0.060480, 0.008268, -0.022638]","[0.002197, -0.021240, -0.034912]","[-0.010590, 0.001404, -0.017487, 0.999786]","[-0.002472, 0.005219, -0.011078, 0.999908]","[0.209961, -0.082764, -0.062500]","[[0.999329, -0.035034, -0.002380], [0.034912, 0.999146, -0.021240], [0.003113, 0.021118, 0.999756]]",0.999329,"[7954, 7886, 7772, 7926]"
35.800316,"[0.046875, 0.007812, -1.195312]","[-0.007838, 0.001088, -0.002921]","[0.089998, 0.029999, -0.124119]","[-0.068983, 0.009388, -0.025854]","[0.003418, -0.021240, -0.036621]","[-0.010620, 0.001984, -0.018341, 0.999756]","[-0.002014, 0.007294, -0.011078, 0.999908]","[-0.135010, 0.188477, -0.043457]","[[0.999207, -0.036743, -0.003540], [0.036621, 0.999023, -0.021362], [0.004272, 0.021118, 0.999695]]",0.999207,"[7920, 7871, 7793, 7957]"
35.833549,"[0.046875, 0.007812, -1.203125]","[-0.010898, 0.001502, -0.004069]","[0.109999, 0.039999, -0.137104]","[-0.088164, 0.011885, -0.033133]","[0.003906, -0.021240, -0.038574]","[-0.010651, 0.002228, -0.019287, 0.999756]","[-0.002533, 0.008514, -0.011078, 0.999878]","[-0.052002, -0.115234, -0.068359]","[[0.999207, -0.038635, -0.004028], [0.038513, 0.999023, -0.021423], [0.004761, 0.021179, 0.999756]]",0.999207,"[7910, 7876, 7777, 7951]"
35.868671,"[0.058594, 0.007812, -1.207031]","[-0.014765, 0.002021, -0.005525]","[0.109999, 0.019999, -0.147387]","[-0.110339, 0.014725, -0.041584]","[0.005127, -0.021484, -0.040771]","[-0.010773, 0.002808, -0.020355, 0.999725]","[-0.001556, 0.009491, -0.011078, 0.999878]","[-0.240479, 0.360352, -0.027344]","[[0.999084, -0.040771, -0.005127], [0.040649, 0.998901, -0.021667], [0.005981, 0.021423, 0.999695]]",0.999084,"[7908, 7878, 7765, 7919]"
35.901875,"[0.058594, 0.019531, -1.210938]","[-0.019558, 0.002657, -0.007334]","[0.109999, 0.049999, -0.146751]","[-0.135578, 0.017903, -0.051247]","[0.005371, -0.021484, -0.042725]","[-0.010742, 0.002960, -0.021362, 0.999695]","[-0.003754, 0.009949, -0.011047, 0.999878]","[0.099365, -0.422119, -0.080078]","[[0.998962, -0.042847, -0.005432], [0.042603, 0.998779, -0.021667], [0.006287, 0.021301, 0.999634]]",0.998962,"[7907, 7847, 7735, 7944]"
35.935085,"[0.058594, 0.019531, -1.214844]","[-0.022340, 0.003023, -0.008386]","[0.119999, 0.039999, -0.153858]","[-0.149359, 0.019614, -0.056542]","[0.006836, -0.020752, -0.044678]","[-0.010345, 0.003754, -0.022369, 0.999695]","[-0.003296, 0.011047, -0.011047, 0.999847]","[0.020996, 0.358154, -0.065674]","[[0.998962, -0.044861, -0.007019], [0.044617, 0.998779, -0.020874], [0.007874, 0.020508, 0.999756]]",0.998962,"[7874, 7870, 7788, 7998]"
35.968288,"[0.066406, 0.019531, -1.218750]","[-0.028747, 0.003860, -0.010816]","[0.129999, 0.019999, -0.156963]","[-0.179241, 0.023268, -0.068067]","[0.008789, -0.021729, -0.045898]","[-0.010803, 0.004669, -0.022888, 0.999664]","[-0.002197, 0.012543, -0.011047, 0.999847]","[-0.212891, 0.410400, 0.018555]","[[0.998840, -0.045898, -0.008789], [0.045654, 0.998657, -0.021851], [0.009766, 0.021362, 0.999695]]",0.99884,"[7911, 7875, 7777, 7986]"
36.003437,"[0.078125, 0.019531, -1.222656]","[-0.036383, 0.004845, -0.013720]","[0.129999, 0.059999, -0.193409]","[-0.212186, 0.027209, -0.080844]","[0.008545, -0.021240, -0.048096]","[-0.010590, 0.004608, -0.024017, 0.999634]","[-0.004150, 0.013733, -0.011047, 0.999817]","[0.024902, 0.282227, -0.015625]","[[0.998718, -0.048157, -0.008667], [0.047913, 0.998535, -0.021423], [0.009644, 0.020935, 0.999634]]",0.998718,"[7921, 7875, 7736, 7994]"
36.034691,"[0.078125, 0.019531, -1.226562]","[-0.040698, 0.005396, -0.015365]","[0.139999, 0.029999, -0.195539]","[-0.229786, 0.029278, -0.087698]","[0.010010, -0.019531, -0.049805]","[-0.009705, 0.005280, -0.024902, 0.999634]","[-0.002594, 0.015106, -0.011047, 0.999817]","[0.066406, 0.217285, -0.060791]","[[0.998718, -0.049927, -0.010071], [0.049683, 0.998535, -0.019714], [0.010925, 0.019104, 0.999756]]",0.998718,"[7875, 7914, 7781, 7968]"
36.06789,"[0.078125, 0.019531, -1.230469]","[-0.050395, 0.006624, -0.019073]","[0.160000, 0.049999, -0.198456]","[-0.267179, 0.033590, -0.102328]","[0.012451, -0.020508, -0.051514]","[-0.010162, 0.006592, -0.025726, 0.999603]","[-0.003601, 0.016785, -0.011017, 0.999786]","[-0.129395, 0.126709, 0.003418]","[[0.998596, -0.051636, -0.012634], [0.051270, 0.998474, -0.020691], [0.013611, 0.019958, 0.999695]]",0.998596,"[7905, 7914, 7794, 7937]"
36.101097,"[0.089844, 0.019531, -1.230469]","[-0.061608, 0.008023, -0.023375]","[0.129999, 0.039999, -0.192417]","[-0.307382, 0.038099, -0.118158]","[0.014893, -0.021240, -0.053711]","[-0.010498, 0.007812, -0.026764, 0.999573]","[-0.003113, 0.017029, -0.011047, 0.999786]","[0.089600, -0.030518, -0.142334]","[[0.998474, -0.053711, -0.015015], [0.053345, 0.998413, -0.021423], [0.016113, 0.020569, 0.999695]]",0.998474,"[7921, 7894, 7789, 8016]"
36.13625,"[0.097656, 0.027344, -1.238281]","[-0.074443, 0.009602, -0.028319]","[0.139999, 0.039999, -0.202723]","[-0.350231, 0.042757, -0.135146]","[0.018311, -0.021973, -0.055664]","[-0.010742, 0.009521, -0.027740, 0.999512]","[-0.003479, 0.018982, -0.011017, 0.999725]","[-0.014648, 0.151123, 0.008789]","[[0.998230, -0.055725, -0.018433], [0.055237, 0.998169, -0.022034], [0.019531, 0.020935, 0.999573]]",0.99823,"[7922, 7900, 7791, 8027]"
36.169453,"[0.097656, 0.027344, -1.238281]","[-0.081501, 0.010460, -0.031045]","[0.150000, 0.059999, -0.185022]","[-0.372587, 0.045126, -0.144058]","[0.020996, -0.022705, -0.057861]","[-0.011047, 0.010864, -0.028839, 0.999481]","[-0.004486, 0.020569, -0.010986, 0.999695]","[-0.095215, 0.102295, -0.118896]","[[0.998108, -0.057922, -0.021057], [0.057434, 0.998108, -0.022766], [0.022278, 0.021423, 0.999573]]",0.998108,"[7919, 7921, 7821, 8022]"
36.202656,"[0.097656, 0.027344, -1.242188]","[-0.096955, 0.012316, -0.037033]","[0.150000, 0.039999, -0.236559]","[-0.419023, 0.049911, -0.162677]","[0.022705, -0.022461, -0.059814]","[-0.010864, 0.011749, -0.029755, 0.999420]","[-0.003143, 0.021790, -0.011017, 0.999695]","[0.286621, -0.154541, -0.043457]","[[0.997864, -0.059814, -0.022827], [0.059204, 0.997925, -0.022461], [0.024048, 0.020996, 0.999451]]",0.997864,"[7976, 7976, 7829, 8010]"
36.237812,"[0.109375, 0.027344, -1.246094]","[-0.114270, 0.014360, -0.043770]","[0.179998, 0.059999, -0.151796]","[-0.467569, 0.054709, -0.182305]","[0.026367, -0.023682, -0.061523]","[-0.011444, 0.013611, -0.030670, 0.999390]","[-0.004059, 0.025574, -0.010986, 0.999603]","[0.028564, 0.052734, -0.034180]","[[0.997803, -0.061707, -0.026489], [0.060974, 0.997925, -0.023743], [0.027832, 0.022034, 0.999390]]",0.997803,"[7981, 8009, 7841, 8054]"
36.271015,"[0.117188, 0.027344, -1.250000]","[-0.123640, 0.015451, -0.047427]","[0.139999, 0.059999, -0.150219]","[-0.492524, 0.057092, -0.192461]","[0.028809, -0.023193, -0.063477]","[-0.011169, 0.014832, -0.031525, 0.999329]","[-0.004059, 0.025574, -0.010986, 0.999603]","[0.030762, 0.272461, -0.081543]","[[0.997559, -0.063416, -0.028931], [0.062683, 0.997742, -0.023315], [0.030273, 0.021362, 0.999268]]",0.997559,"[8021, 8051, 7889, 8061]"
36.306171,"[0.117188, 0.039062, -1.250000]","[-0.143873, 0.017774, -0.055352]","[0.169998, 0.059999, -0.147398]","[-0.543693, 0.061791, -0.213434]","[0.033447, -0.024902, -0.065186]","[-0.011902, 0.017181, -0.032349, 0.999268]","[-0.004578, 0.028625, -0.010956, 0.999512]","[0.170166, -0.115234, -0.015137]","[[0.997314, -0.065125, -0.033569], [0.064270, 0.997620, -0.024963], [0.035034, 0.022644, 0.999146]]",0.997314,"[8037, 8033, 7929, 8159]"
36.339375,"[0.128906, 0.039062, -1.253906]","[-0.166134, 0.020277, -0.064112]","[0.139999, 0.059999, -0.135067]","[-0.596252, 0.066343, -0.235196]","[0.036377, -0.024170, -0.067139]","[-0.011505, 0.018677, -0.033295, 0.999207]","[-0.004456, 0.029602, -0.010956, 0.999481]","[-0.124512, 0.141602, -0.108154]","[[0.997070, -0.067078, -0.036560], [0.066101, 0.997498, -0.024292], [0.038025, 0.021729, 0.999023]]",0.99707,"[8041, 8097, 7950, 8173]"
36.372578,"[0.128906, 0.039062, -1.257812]","[-0.190469, 0.022954, -0.073735]","[0.119999, 0.059999, -0.186100]","[-0.649890, 0.070682, -0.257648]","[0.039307, -0.024658, -0.068604]","[-0.011627, 0.020111, -0.034027, 0.999146]","[-0.004089, 0.030457, -0.010956, 0.999451]","[0.105713, 0.060303, -0.019287]","[[0.996826, -0.068542, -0.039429], [0.067566, 0.997375, -0.024658], [0.040894, 0.021851, 0.998840]]",0.996826,"[8054, 8100, 7958, 8156]"
36.405788,"[0.128906, 0.039062, -1.261719]","[-0.203430, 0.024355, -0.078880]","[0.179998, 0.059999, -0.186829]","[-0.677017, 0.072751, -0.269103]","[0.043213, -0.025879, -0.070312]","[-0.012207, 0.022064, -0.034882, 0.999084]","[-0.004028, 0.035461, -0.010925, 0.999298]","[-0.175049, 0.127686, -0.090820]","[[0.996582, -0.070251, -0.043274], [0.069153, 0.997253, -0.026001], [0.044861, 0.022827, 0.998718]]",0.996582,"[8064, 8054, 7981, 8212]"
36.438984,"[0.136719, 0.039062, -1.265625]","[-0.230939, 0.027274, -0.089844]","[0.119999, 0.059999, -0.221674]","[-0.731653, 0.076641, -0.292395]","[0.044922, -0.025635, -0.072021]","[-0.011993, 0.022980, -0.035736, 0.999023]","[-0.004028, 0.035217, -0.010925, 0.999298]","[0.234375, -0.074463, -0.023682]","[[0.996338, -0.072021, -0.045044], [0.070801, 0.997131, -0.025635], [0.046753, 0.022339, 0.998596]]",0.996338,"[8095, 8114, 7951, 8191]"
36.472187,"[0.148438, 0.046875, -1.277344]","[-0.260591, 0.030337, -0.101728]","[0.139999, 0.059999, -0.262730]","[-0.786544, 0.080148, -0.316115]","[0.049072, -0.026367, -0.073486]","[-0.012329, 0.024994, -0.036438, 0.998962]","[-0.004181, 0.039124, -0.010895, 0.999146]","[-0.217041, 0.248291, -0.044922]","[[0.996094, -0.073486, -0.049072], [0.072144, 0.997070, -0.026489], [0.050781, 0.022827, 0.998474]]",0.996094,"[8064, 8097, 7966, 8204]"
36.507343,"[0.148438, 0.046875, -1.285156]","[-0.292383, 0.033529, -0.114544]","[0.109999, 0.059999, -0.332186]","[-0.841339, 0.083204, -0.340149]","[0.052002, -0.025635, -0.074951]","[-0.011871, 0.026459, -0.037201, 0.998901]","[-0.003967, 0.040344, -0.010895, 0.999115]","[-0.163330, 0.528809, -0.009277]","[[0.995850, -0.075012, -0.052002], [0.073669, 0.996948, -0.025757], [0.053711, 0.021729, 0.998352]]",0.99585,"[8077, 8111, 7943, 8177]"
36.54055,"[0.148438, 0.046875, -1.289062]","[-0.309088, 0.035168, -0.121308]","[0.119999, 0.059999, -0.353687]","[-0.868608, 0.084543, -0.352255]","[0.056152, -0.026123, -0.076416]","[-0.012054, 0.028656, -0.037781, 0.998810]","[-0.003876, 0.043396, -0.010895, 0.998962]","[0.190186, -0.290527, -0.082764]","[[0.995483, -0.076233, -0.056335], [0.074768, 0.996826, -0.026306], [0.058044, 0.021912, 0.998047]]",0.995483,"[8027, 8072, 7955, 8205]"
36.573753,"[0.156250, 0.058594, -1.296875]","[-0.344069, 0.038516, -0.135539]","[0.119999, 0.070000, -0.365000]","[-0.922624, 0.086799, -0.376550]","[0.059326, -0.025391, -0.077393]","[-0.011627, 0.030182, -0.038361, 0.998749]","[-0.004761, 0.046295, -0.010834, 0.998840]","[-0.056396, 0.323975, -0.010986]","[[0.995239, -0.077393, -0.059387], [0.075928, 0.996765, -0.025574], [0.061096, 0.020935, 0.997925]]",0.995239,"[8078, 8132, 7953, 8169]"
36.606953,"[0.156250, 0.058594, -1.304688]","[-0.381157, 0.041941, -0.150727]","[0.080000, 0.049999, -0.372644]","[-0.975724, 0.088444, -0.400891]","[0.064209, -0.026367, -0.078613]","[-0.011932, 0.032623, -0.038879, 0.998657]","[-0.003784, 0.047424, -0.010864, 0.998779]","[0.037598, 0.063721, -0.061523]","[[0.994873, -0.078491, -0.064209], [0.076904, 0.996704, -0.026428], [0.066040, 0.021301, 0.997620]]",0.994873,"[8053, 8119, 7956, 8213]"
36.640156,"[0.167969, 0.058594, -1.312500]","[-0.400473, 0.043675, -0.158677]","[0.089998, 0.070000, -0.401733]","[-1.001820, 0.089018, -0.413040]","[0.068359, -0.026611, -0.079834]","[-0.011963, 0.034790, -0.039490, 0.998566]","[-0.004456, 0.051300, -0.010834, 0.998596]","[-0.043213, 0.218994, -0.017822]","[[0.994507, -0.079773, -0.068542], [0.078064, 0.996643, -0.026733], [0.070374, 0.021118, 0.997375]]",0.994507,"[8080, 8120, 7975, 8239]"
36.671413,"[0.167969, 0.058594, -1.316406]","[-0.440601, 0.047166, -0.175281]","[0.059999, 0.059999, -0.414026]","[-1.052883, 0.089633, -0.437220]","[0.072266, -0.026611, -0.081055]","[-0.011780, 0.036652, -0.040009, 0.998474]","[-0.003845, 0.052643, -0.010834, 0.998535]","[-0.098389, 0.072754, 0.038330]","[[0.994141, -0.080811, -0.072266], [0.078979, 0.996582, -0.026550], [0.074097, 0.020569, 0.997070]]",0.994141,"[8085, 8139, 7985, 8196]"
36.706573,"[0.167969, 0.066406, -1.328125]","[-0.482695, 0.050667, -0.192827]","[0.049999, 0.059999, -0.446810]","[-1.102216, 0.089494, -0.461168]","[0.076660, -0.026611, -0.082275]","[-0.011780, 0.038910, -0.040619, 0.998352]","[-0.003998, 0.055695, -0.010803, 0.998352]","[-0.072754, 0.287109, 0.017090]","[[0.993652, -0.082092, -0.076721], [0.080139, 0.996399, -0.026733], [0.078552, 0.020386, 0.996704]]",0.993652,"[8097, 8142, 7956, 8232]"
36.739769,"[0.167969, 0.066406, -1.339844]","[-0.504457, 0.052411, -0.201950]","[0.029999, 0.059999, -0.456114]","[-1.126141, 0.089125, -0.473023]","[0.080078, -0.026855, -0.083252]","[-0.011810, 0.040619, -0.041077, 0.998260]","[-0.003906, 0.057892, -0.010803, 0.998230]","[0.022705, 0.133301, -0.047607]","[[0.993286, -0.083008, -0.080139], [0.081055, 0.996338, -0.026978], [0.081970, 0.020264, 0.996399]]",0.993286,"[8096, 8158, 7957, 8225]"
36.772968,"[0.167969, 0.066406, -1.347656]","[-0.549366, 0.055870, -0.220890]","[0.009998, 0.059999, -0.495913]","[-1.172331, 0.087759, -0.496434]","[0.084229, -0.027588, -0.084229]","[-0.011993, 0.042664, -0.041565, 0.998169]","[-0.003815, 0.060089, -0.010803, 0.998108]","[-0.098877, 0.255371, 0.037354]","[[0.992920, -0.084045, -0.084167], [0.081970, 0.996277, -0.027588], [0.086121, 0.020386, 0.996094]]",0.99292,"[8104, 8142, 7967, 8192]"
36.808128,"[0.167969, 0.066406, -1.359375]","[-0.596022, 0.059257, -0.240731]","[-0.019999, 0.070000, -0.517241]","[-1.216062, 0.085521, -0.519355]","[0.087646, -0.027100, -0.085449]","[-0.011688, 0.044373, -0.042084, 0.998077]","[-0.004211, 0.062408, -0.010773, 0.997955]","[-0.065918, 0.179199, -0.016846]","[[0.992554, -0.085083, -0.087585], [0.083008, 0.996216, -0.027161], [0.089539, 0.019592, 0.995850]]",0.992554,"[8120, 8156, 7934, 8189]"
36.841328,"[0.179688, 0.078125, -1.371094]","[-0.644335, 0.062539, -0.261457]","[-0.029999, 0.059999, -0.548569]","[-1.257085, 0.082371, -0.541700]","[0.092041, -0.026611, -0.086426]","[-0.011261, 0.046600, -0.042572, 0.997955]","[-0.004120, 0.066071, -0.010742, 0.997742]","[-0.084473, 0.077637, 0.015381]","[[0.992065, -0.086121, -0.092041], [0.083923, 0.996155, -0.026550], [0.093872, 0.018494, 0.995422]]",0.992065,"[8052, 8176, 7974, 8176]"
36.874535,"[0.167969, 0.078125, -1.378906]","[-0.669074, 0.064129, -0.272142]","[-0.049999, 0.059999, -0.545591]","[-1.276503, 0.080443, -0.552626]","[0.096436, -0.028809, -0.087402]","[-0.012268, 0.048859, -0.043030, 0.997803]","[-0.004120, 0.068115, -0.010742, 0.997589]","[-0.004883, 0.082764, -0.057129]","[[0.991455, -0.087097, -0.096436], [0.084656, 0.995972, -0.028748], [0.098511, 0.020325, 0.994873]]",0.991455,"[8149, 8128, 7926, 8238]"
36.907734,"[0.167969, 0.078125, -1.390625]","[-0.719657, 0.067185, -0.294145]","[-0.099998, 0.080000, -0.552860]","[-1.313023, 0.075862, -0.573942]","[0.101562, -0.028809, -0.088135]","[-0.012115, 0.051453, -0.043335, 0.997681]","[-0.004883, 0.069458, -0.010681, 0.997498]","[-0.034912, 0.325928, 0.043213]","[[0.990967, -0.087769, -0.101624], [0.085205, 0.995972, -0.028748], [0.103699, 0.019714, 0.994446]]",0.990967,"[8101, 8143, 7969, 8213]"
36.94289,"[0.156250, 0.089844, -1.402344]","[-0.771606, 0.070043, -0.316968]","[-0.089998, 0.039999, -0.548485]","[-1.346293, 0.070296, -0.594479]","[0.105713, -0.028564, -0.089111]","[-0.011963, 0.053497, -0.043701, 0.997528]","[-0.003571, 0.073242, -0.010742, 0.997223]","[0.249756, 0.080322, 0.158203]","[[0.990356, -0.088501, -0.105652], [0.085938, 0.995789, -0.028625], [0.107727, 0.019226, 0.993896]]",0.990356,"[8118, 8135, 7981, 8229]"
36.976093,"[0.156250, 0.089844, -1.417969]","[-0.824796, 0.072664, -0.340580]","[-0.150000, 0.080000, -0.540598]","[-1.376120, 0.063720, -0.614164]","[0.110107, -0.029053, -0.089600]","[-0.012054, 0.055695, -0.043976, 0.997406]","[-0.005280, 0.074097, -0.010620, 0.997162]","[-0.149414, 0.173340, -0.080566]","[[0.989868, -0.089111, -0.110046], [0.086426, 0.995789, -0.028992], [0.112122, 0.019104, 0.993469]]",0.989868,"[8145, 8179, 8001, 8221]"
37.009296,"[0.148438, 0.089844, -1.425781]","[-0.851807, 0.073873, -0.352669]","[-0.150000, 0.049999, -0.594698]","[-1.389685, 0.060050, -0.623662]","[0.113770, -0.029053, -0.089844]","[-0.012024, 0.057495, -0.044006, 0.997284]","[-0.003754, 0.077271, -0.010712, 0.996918]","[0.133789, 0.030762, -0.032227]","[[0.989380, -0.089233, -0.113586], [0.086426, 0.995728, -0.029053], [0.115662, 0.018921, 0.992981]]",0.98938,"[8129, 8204, 7989, 8229]"
37.044456,"[0.148438, 0.089844, -1.441406]","[-0.906580, 0.076064, -0.377391]","[-0.150000, 0.039999, -0.667376]","[-1.414033, 0.051937, -0.641938]","[0.117432, -0.029297, -0.089844]","[-0.012054, 0.059357, -0.043976, 0.997192]","[-0.003418, 0.081390, -0.010712, 0.996613]","[0.081787, 0.111572, 0.055908]","[[0.989014, -0.089172, -0.117310], [0.086243, 0.995789, -0.029297], [0.119385, 0.018799, 0.992615]]",0.989014,"[8145, 8209, 7969, 8222]"
37.077663,"[0.136719, 0.097656, -1.449219]","[-0.962228, 0.077917, -0.402807]","[-0.249998, 0.080000, -0.672590]","[-1.434569, 0.042789, -0.659204]","[0.121094, -0.028809, -0.089844]","[-0.011719, 0.061188, -0.043945, 0.997070]","[-0.005585, 0.079926, -0.010529, 0.996704]","[0.043457, 0.139160, 0.027100]","[[0.988525, -0.089111, -0.121033], [0.086182, 0.995728, -0.028809], [0.122986, 0.017944, 0.992126]]",0.988525,"[8128, 8190, 7940, 8171]"
37.108906,"[0.128906, 0.089844, -1.464844]","[-0.990331, 0.078705, -0.415761]","[-0.209999, 0.039999, -0.674322]","[-1.443366, 0.037827, -0.667440]","[0.124756, -0.029541, -0.089844]","[-0.011932, 0.062958, -0.043976, 0.996979]","[-0.003326, 0.085175, -0.010681, 0.996277]","[-0.077637, 0.015869, -0.020996]","[[0.988159, -0.089233, -0.124451], [0.086182, 0.995789, -0.029358], [0.126526, 0.018250, 0.991760]]",0.988159,"[8106, 8173, 7989, 8191]"
37.144066,"[0.117188, 0.097656, -1.480469]","[-1.047015, 0.079977, -0.442144]","[-0.320000, 0.080000, -0.698895]","[-1.457981, 0.027124, -0.683102]","[0.128174, -0.030762, -0.089600]","[-0.012512, 0.064697, -0.043732, 0.996857]","[-0.005981, 0.083313, -0.010468, 0.996429]","[-0.040771, -0.046143, -0.082275]","[[0.987732, -0.088867, -0.127930], [0.085571, 0.995789, -0.030640], [0.130005, 0.019287, 0.991211]]",0.987732,"[8154, 8178, 7907, 8168]"
37.177265,"[0.109375, 0.097656, -1.496094]","[-1.104180, 0.080811, -0.469113]","[-0.279999, 0.039999, -0.790184]","[-1.468527, 0.015393, -0.697628]","[0.130615, -0.030518, -0.089111]","[-0.012329, 0.065918, -0.043488, 0.996796]","[-0.005676, 0.088806, -0.010468, 0.995972]","[0.112549, 0.064209, 0.145264]","[[0.987427, -0.088379, -0.130371], [0.085083, 0.995850, -0.030334], [0.132446, 0.018860, 0.990906]]",0.987427,"[8101, 8179, 7924, 8132]"
37.210472,"[0.097656, 0.097656, -1.507812]","[-1.161706, 0.081166, -0.496640]","[-0.320000, 0.070000, -0.800495]","[-1.474952, 0.002636, -0.710994]","[0.132812, -0.031738, -0.088623]","[-0.012970, 0.067108, -0.043152, 0.996735]","[-0.007507, 0.089996, -0.010284, 0.995850]","[-0.136230, 0.125977, -0.048584]","[[0.987244, -0.087830, -0.132629], [0.084290, 0.995911, -0.031677], [0.134827, 0.020081, 0.990662]]",0.987244,"[8120, 8184, 7877, 8106]"
37.243675,"[0.089844, 0.109375, -1.523438]","[-1.190511, 0.081152, -0.510577]","[-0.419998, 0.059999, -0.840120]","[-1.476600, -0.004111, -0.717220]","[0.135254, -0.032715, -0.087891]","[-0.013336, 0.068329, -0.042694, 0.996674]","[-0.008575, 0.088776, -0.010193, 0.995941]","[-0.015137, -0.081299, 0.067627]","[[0.987000, -0.086975, -0.135071], [0.083313, 0.995972, -0.032471], [0.137268, 0.020752, 0.990295]]",0.987,"[8109, 8152, 7863, 8045]"
37.278828,"[0.066406, 0.109375, -1.539062]","[-1.248214, 0.080716, -0.538826]","[-0.379999, 0.039999, -0.829222]","[-1.476772, -0.018360, -0.728773]","[0.137939, -0.034180, -0.086914]","[-0.014008, 0.069580, -0.042206, 0.996582]","[-0.007782, 0.093536, -0.010223, 0.995514]","[-0.036865, 0.249512, 0.072510]","[[0.986694, -0.086121, -0.137512], [0.082214, 0.995972, -0.033875], [0.139832, 0.022034, 0.989868]]",0.986694,"[8111, 8137, 7834, 8082]"
37.312035,"[0.058594, 0.109375, -1.554688]","[-1.305829, 0.079705, -0.567496]","[-0.489998, 0.049999, -0.875122]","[-1.472724, -0.033581, -0.739077]","[0.138428, -0.034180, -0.085938]","[-0.014038, 0.069855, -0.041656, 0.996582]","[-0.008240, 0.091461, -0.010193, 0.995697]","[0.064209, -0.251953, 0.008789]","[[0.986694, -0.085083, -0.138062], [0.081055, 0.996033, -0.033875], [0.140381, 0.022156, 0.989746]]",0.986694,"[8122, 8193, 7803, 7980]"
37.345234,"[0.046875, 0.109375, -1.570312]","[-1.334557, 0.078972, -0.581976]","[-0.459999, 0.039999, -0.895773]","[-1.469123, -0.041547, -0.743757]","[0.140137, -0.034912, -0.084473]","[-0.014435, 0.070740, -0.040924, 0.996552]","[-0.007904, 0.096069, -0.010162, 0.995270]","[-0.113770, 0.282227, 0.021973]","[[0.986572, -0.083679, -0.139832], [0.079529, 0.996155, -0.034607], [0.142151, 0.023010, 0.989502]]",0.986572,"[8111, 8135, 7805, 8027]"
37.38039,"[0.027344, 0.109375, -1.589844]","[-1.391756, 0.077027, -0.611197]","[-0.480000, 0.039999, -0.905352]","[-1.458746, -0.058178, -0.752155]","[0.141113, -0.034424, -0.083252]","[-0.014282, 0.071228, -0.040253, 0.996521]","[-0.008179, 0.098145, -0.010132, 0.995056]","[0.141357, 0.004883, -0.053955]","[[0.986450, -0.082336, -0.140808], [0.078186, 0.996216, -0.034241], [0.143005, 0.022766, 0.989319]]",0.98645,"[8120, 8151, 7784, 7963]"
37.411655,"[0.007812, 0.109375, -1.605469]","[-1.448466, 0.074415, -0.640722]","[-0.599998, 0.049999, -0.916248]","[-1.444180, -0.075705, -0.759256]","[0.143799, -0.035156, -0.082031]","[-0.014587, 0.072540, -0.039673, 0.996460]","[-0.008881, 0.094604, -0.010101, 0.995422]","[-0.193115, 0.311523, -0.009277]","[[0.986206, -0.081238, -0.143433], [0.076965, 0.996338, -0.034912], [0.145630, 0.023315, 0.988953]]",0.986206,"[8097, 8133, 7783, 7965]"
37.444847,"[-0.007812, 0.117188, -1.621094]","[-1.504537, 0.071100, -0.670503]","[-0.539999, 0.019999, -0.908831]","[-1.425399, -0.094103, -0.765042]","[0.145752, -0.037354, -0.080811]","[-0.015686, 0.073547, -0.038971, 0.996399]","[-0.008209, 0.100433, -0.010101, 0.994843]","[0.079102, -0.331543, 0.060059]","[[0.986084, -0.080017, -0.145325], [0.075378, 0.996399, -0.037048], [0.147766, 0.025574, 0.988586]]",0.986084,"[8062, 8074, 7780, 8014]"
37.478046,"[-0.027344, 0.117188, -1.636719]","[-1.532270, 0.069171, -0.685467]","[-0.689999, 0.029999, -0.904549]","[-1.414448, -0.103615, -0.767434]","[0.145996, -0.036377, -0.079590]","[-0.015198, 0.073639, -0.038391, 0.996429]","[-0.008881, 0.095703, -0.010071, 0.995300]","[0.010986, 0.461426, 0.032959]","[[0.986145, -0.078796, -0.145569], [0.074280, 0.996521, -0.036011], [0.147888, 0.024658, 0.988647]]",0.986145,"[8134, 8170, 7771, 7983]"
37.51125,"[-0.046875, 0.117188, -1.652344]","[-1.587043, 0.064743, -0.715521]","[-0.599998, 0.009998, -0.937664]","[-1.389455, -0.123236, -0.771221]","[0.146729, -0.037109, -0.078125]","[-0.015625, 0.073975, -0.037659, 0.996429]","[-0.008209, 0.102631, -0.010071, 0.994629]","[0.011963, -0.246582, 0.003418]","[[0.986206, -0.077393, -0.146240], [0.072754, 0.996643, -0.036804], [0.148560, 0.025574, 0.988525]]",0.986206,"[8091, 8171, 7807, 7989]"
37.546413,"[-0.078125, 0.117188, -1.664062]","[-1.640763, 0.059533, -0.745702]","[-0.649998, 0.039999, -0.879400]","[-1.360347, -0.143631, -0.773659]","[0.146973, -0.037842, -0.076904]","[-0.016052, 0.074127, -0.036957, 0.996460]","[-0.010376, 0.101868, -0.009857, 0.994690]","[-0.802979, 0.538086, 0.049561]","[[0.986328, -0.076050, -0.146545], [0.071289, 0.996826, -0.037537], [0.148865, 0.026550, 0.988525]]",0.986328,"[8165, 8225, 7719, 7978]"
37.579609,"[-0.097656, 0.117188, -1.679688]","[-1.667193, 0.056625, -0.760824]","[-0.799999, 0.009998, -0.953562]","[-1.344282, -0.154105, -0.774369]","[0.148438, -0.036865, -0.074951]","[-0.015656, 0.074860, -0.036011, 0.996399]","[-0.009247, 0.096802, -0.010040, 0.995209]","[0.207764, -0.181152, 0.080811]","[[0.986084, -0.074158, -0.148071], [0.069397, 0.996765, -0.036682], [0.150269, 0.025818, 0.988159]]",0.986084,"[8122, 8207, 7802, 7913]"
37.612812,"[-0.117188, 0.117188, -1.695312]","[-1.719015, 0.050188, -0.791079]","[-0.689999, 0.000000, -0.968855]","[-1.309095, -0.175561, -0.774761]","[0.147705, -0.037109, -0.073486]","[-0.015778, 0.074432, -0.035339, 0.996460]","[-0.009308, 0.104309, -0.009918, 0.994446]","[0.031738, -0.142334, -0.064209]","[[0.986328, -0.072815, -0.147217], [0.068054, 0.996887, -0.036804], [0.149414, 0.026184, 0.988281]]",0.986328,"[8093, 8153, 7738, 7871]"
37.646015,"[-0.148438, 0.128906, -1.710938]","[-1.769402, 0.042900, -0.821328]","[-0.889997, 0.019999, -0.948498]","[-1.269960, -0.197683, -0.773778]","[0.148438, -0.039795, -0.072510]","[-0.017120, 0.074860, -0.034729, 0.996460]","[-0.011536, 0.095917, -0.009827, 0.995270]","[-0.049561, 0.232666, 0.011475]","[[0.986389, -0.071777, -0.148010], [0.066650, 0.997009, -0.039429], [0.150330, 0.028931, 0.988220]]",0.986389,"[8171, 8077, 7656, 7910]"
37.681183,"[-0.179688, 0.117188, -1.726562]","[-1.818185, 0.034737, -0.851512]","[-0.769999, -0.009998, -0.971569]","[-1.226889, -0.220410, -0.771409]","[0.147705, -0.039551, -0.071289]","[-0.017029, 0.074493, -0.034149, 0.996490]","[-0.010040, 0.102966, -0.009888, 0.994568]","[0.122070, -0.292725, -0.041260]","[[0.986511, -0.070679, -0.147278], [0.065552, 0.997009, -0.039124], [0.149597, 0.028870, 0.988281]]",0.986511,"[8049, 8074, 7715, 7846]"
37.714382,"[-0.207031, 0.117188, -1.742188]","[-1.841921, 0.030319, -0.866565]","[-0.809998, 0.009998, -0.952120]","[-1.203890, -0.231986, -0.769706]","[0.145996, -0.040039, -0.070312]","[-0.017334, 0.073700, -0.033600, 0.996582]","[-0.011719, 0.102600, -0.009705, 0.994598]","[-0.091553, 0.164062, 0.010986]","[[0.986877, -0.069580, -0.145691], [0.064453, 0.997131, -0.039612], [0.148010, 0.029602, 0.988525]]",0.986877,"[8139, 8086, 7640, 7815]"
37.747578,"[-0.238281, 0.117188, -1.757812]","[-1.888010, 0.020800, -0.896548]","[-0.999998, -0.009998, -0.942007]","[-1.155052, -0.255529, -0.765239]","[0.145508, -0.039551, -0.069092]","[-0.017212, 0.073395, -0.033051, 0.996613]","[-0.011414, 0.094330, -0.009857, 0.995422]","[-0.093506, -0.197998, 0.027100]","[[0.987000, -0.068481, -0.145142], [0.063354, 0.997192, -0.039246], [0.147339, 0.029480, 0.988586]]",0.987,"[8058, 8143, 7663, 7748]"
37.780785,"[-0.269531, 0.128906, -1.769531]","[-1.932114, 0.010347, -0.926330]","[-0.869999, -0.019999, -0.940277]","[-1.102497, -0.279555, -0.759393]","[0.145264, -0.041260, -0.067871]","[-0.018127, 0.073242, -0.032410, 0.996613]","[-0.012299, 0.101257, -0.009674, 0.994720]","[0.148682, -0.414551, 0.055420]","[[0.987061, -0.067322, -0.144775], [0.061951, 0.997131, -0.040894], [0.147095, 0.031372, 0.988525]]",0.987061,"[8091, 8031, 7674, 7861]"
37.813988,"[-0.296875, 0.117188, -1.781250]","[-1.953383, 0.004772, -0.941128]","[-0.909998, -0.019999, -0.944288]","[-1.074825, -0.291728, -0.755935]","[0.144043, -0.040039, -0.066162]","[-0.017609, 0.072601, -0.031555, 0.996735]","[-0.012665, 0.100403, -0.009644, 0.994812]","[-0.151123, 0.138916, 0.007812]","[[0.987549, -0.065491, -0.143616], [0.060364, 0.997437, -0.039795], [0.145813, 0.030518, 0.988892]]",0.987549,"[8121, 8128, 7645, 7759]"
37.847187,"[-0.328125, 0.117188, -1.796875]","[-1.994239, -0.007105, -0.970506]","[-1.099998, -0.019999, -0.935877]","[-1.016792, -0.316366, -0.747972]","[0.142578, -0.040283, -0.064209]","[-0.017761, 0.071899, -0.030640, 0.996796]","[-0.013550, 0.091522, -0.009705, 0.995636]","[-0.054688, -0.131592, 0.085205]","[[0.987793, -0.063660, -0.142273], [0.058533, 0.997498, -0.039917], [0.144348, 0.031006, 0.989014]]",0.987793,"[8099, 8118, 7639, 7717]"
37.880394,"[-0.367188, 0.117188, -1.808594]","[-2.032771, -0.019952, -0.999545]","[-0.959999, -0.039999, -0.834063]","[-0.955235, -0.341341, -0.738619]","[0.141357, -0.041504, -0.062744]","[-0.018524, 0.071320, -0.029785, 0.996826]","[-0.013367, 0.098450, -0.009613, 0.994995]","[0.090820, -0.403809, -0.041260]","[[0.987976, -0.062073, -0.141052], [0.056702, 0.997437, -0.041260], [0.143250, 0.032715, 0.989075]]",0.987976,"[8087, 8068, 7689, 7813]"
37.913597,"[-0.406250, 0.117188, -1.820312]","[-2.068828, -0.033774, -1.028198]","[-1.179998, -0.059999, -0.783087]","[-0.890282, -0.366591, -0.727862]","[0.139160, -0.042236, -0.061523]","[-0.018951, 0.070221, -0.029175, 0.996948]","[-0.013275, 0.087402, -0.009796, 0.996033]","[-0.145264, 0.409180, 0.048584]","[[0.988464, -0.060913, -0.138855], [0.055542, 0.997620, -0.041992], [0.141052, 0.033691, 0.989441]]",0.988464,"[8207, 8147, 7665, 7822]"
37.946796,"[-0.437500, 0.117188, -1.832031]","[-2.085896, -0.041059, -1.042354]","[-1.019999, -0.019999, -0.729147]","[-0.856674, -0.379297, -0.721998]","[0.137695, -0.042969, -0.060059]","[-0.019379, 0.069458, -0.028442, 0.997009]","[-0.016602, 0.095154, -0.009369, 0.995270]","[-0.210205, -0.055176, 0.055908]","[[0.988770, -0.059509, -0.137390], [0.054016, 0.997681, -0.042664], [0.139587, 0.034729, 0.989624]]",0.98877,"[8105, 8137, 7750, 7864]"
37.98,"[-0.468750, 0.117188, -1.843750]","[-2.117986, -0.056373, -1.070302]","[-1.049997, -0.059999, -0.828444]","[-0.787003, -0.404819, -0.709227]","[0.131104, -0.038818, -0.056396]","[-0.017578, 0.066071, -0.026886, 0.997284]","[-0.015747, 0.093689, -0.009460, 0.995422]","[0.458984, -0.442627, 0.165039]","[[0.989746, -0.056030, -0.130859], [0.051270, 0.997864, -0.038696], [0.132690, 0.031494, 0.990540]]",0.989746,"[8182, 8300, 7672, 7745]"
38.013203,"[-0.519531, 0.117188, -1.855469]","[-2.147337, -0.072688, -1.097739]","[-1.279999, -0.049999, -0.789299]","[-0.714256, -0.430466, -0.695101]","[0.128174, -0.040039, -0.053467]","[-0.018280, 0.064636, -0.025482, 0.997406]","[-0.017334, 0.080780, -0.009583, 0.996521]","[-0.151611, 0.148438, -0.049316]","[[0.990234, -0.053223, -0.127991], [0.048462, 0.997925, -0.039795], [0.129822, 0.033203, 0.990906]]",0.990234,"[8181, 8220, 7618, 7662]"
38.046406,"[-0.546875, 0.109375, -1.871094]","[-2.160925, -0.081219, -1.111250]","[-1.099998, -0.049999, -0.819818]","[-0.676865, -0.443287, -0.687567]","[0.128418, -0.044434, -0.051758]","[-0.020508, 0.064789, -0.024414, 0.997406]","[-0.018250, 0.089294, -0.009338, 0.995789]","[-0.445801, 0.512939, 0.152344]","[[0.990417, -0.051392, -0.128235], [0.046021, 0.997986, -0.044128], [0.130188, 0.037781, 0.990784]]",0.990417,"[8090, 8015, 7613, 7822]"
38.079609,"[-0.589844, 0.109375, -1.882812]","[-2.185901, -0.099036, -1.137810]","[-1.109999, -0.089998, -0.899698]","[-0.600343, -0.468897, -0.671617]","[0.124512, -0.044922, -0.049072]","[-0.020935, 0.062805, -0.023132, 0.997528]","[-0.017395, 0.087341, -0.009430, 0.995972]","[0.232910, -0.568604, 0.046875]","[[0.990967, -0.048889, -0.124329], [0.043518, 0.997986, -0.044739], [0.126160, 0.038879, 0.991150]]",0.990967,"[8109, 8083, 7564, 7748]"
38.112816,"[-0.636719, 0.109375, -1.894531]","[-2.207815, -0.117849, -1.163711]","[-1.369997, -0.080000, -0.829166]","[-0.521395, -0.494393, -0.654455]","[0.119141, -0.041992, -0.046387]","[-0.019623, 0.060059, -0.021912, 0.997742]","[-0.019104, 0.072968, -0.009613, 0.997101]","[0.434082, -0.265869, 0.090576]","[[0.991699, -0.046143, -0.118958], [0.041382, 0.998169, -0.041870], [0.120667, 0.036499, 0.991882]]",0.991699,"[8111, 8176, 7549, 7635]"
38.147968,"[-0.679688, 0.109375, -1.906250]","[-2.226610, -0.137660, -1.188927]","[-1.179998, -0.070000, -0.687067]","[-0.440392, -0.519690, -0.636175]","[0.116211, -0.043701, -0.043213]","[-0.020599, 0.058594, -0.020355, 0.997864]","[-0.021332, 0.080383, -0.009277, 0.996490]","[-0.149414, 0.002441, 0.036865]","[[0.992249, -0.043091, -0.116089], [0.038208, 0.998291, -0.043579], [0.117676, 0.038696, 0.992249]]",0.992249,"[8075, 8050, 7660, 7713]"
38.181171,"[-0.726562, 0.097656, -1.917969]","[-2.234807, -0.147929, -1.201255]","[-1.419998, -0.099998, -0.662001]","[-0.399238, -0.532227, -0.626642]","[0.112305, -0.045410, -0.041260]","[-0.021576, 0.056671, -0.019318, 0.997986]","[-0.020630, 0.066254, -0.009644, 0.997528]","[-0.202637, -0.080322, 0.116699]","[[0.992859, -0.041077, -0.112305], [0.036072, 0.998352, -0.045288], [0.113892, 0.040894, 0.992676]]",0.992859,"[8133, 8097, 7621, 7647]"
38.214378,"[-0.757812, 0.097656, -1.925781]","[-2.248777, -0.169207, -1.225352]","[-1.189999, -0.089998, -0.686506]","[-0.315704, -0.557049, -0.606811]","[0.106201, -0.048340, -0.039307]","[-0.023102, 0.053528, -0.018372, 0.998108]","[-0.022522, 0.075745, -0.009277, 0.996826]","[0.218994, -0.603271, 0.007324]","[[0.993469, -0.039185, -0.106018], [0.034180, 0.998108, -0.048157], [0.107605, 0.044128, 0.993103]]",0.993469,"[8127, 7979, 7626, 7788]"
38.247589,"[-0.796875, 0.097656, -1.937500]","[-2.259455, -0.191445, -1.248652]","[-1.209997, -0.089998, -0.700872]","[-0.230815, -0.581450, -0.586022]","[0.099609, -0.045166, -0.037354]","[-0.021637, 0.050232, -0.017548, 0.998352]","[-0.024078, 0.072815, -0.009247, 0.997009]","[-0.001709, 0.047852, 0.055420]","[[0.994324, -0.037292, -0.099548], [0.032898, 0.998413, -0.044983], [0.101013, 0.041443, 0.994019]]",0.994324,"[8119, 8163, 7593, 7576]"
38.280781,"[-0.859375, 0.089844, -1.945312]","[-2.263545, -0.202919, -1.259993]","[-1.479998, -0.119999, -0.676859]","[-0.187941, -0.593467, -0.575286]","[0.096191, -0.048340, -0.035400]","[-0.023285, 0.048553, -0.016571, 0.998413]","[-0.023834, 0.055878, -0.009705, 0.998077]","[-0.244629, -0.018555, -0.031006]","[[0.994690, -0.035461, -0.096191], [0.030823, 0.998352, -0.048157], [0.097656, 0.044861, 0.994141]]",0.99469,"[8115, 8067, 7561, 7534]"
