t,p,p_d,v,v_d,Angles,q,q_sp,w,R,T_sp,rpm
32.37841,"[-0.019531, 0.019531, -1.210938]","[-0.000000, -0.000000, 0.000000]","[-0.029999, -0.009998, -0.024097]","[-0.000003, -0.000002, 0.000000]","[0.016602, -0.026611, -0.044434]","[-0.013123, 0.008698, -0.022095, 0.999634]","[0.000366, -0.000092, -0.021210, 0.999756]","[0.047607, 0.239990, -0.087402]","[[0.998840, -0.044434, -0.016785], [0.043945, 0.998657, -0.026672], [0.017883, 0.025818, 0.999451]]",0.99884,"[7929, 7795, 7822, 7934]"
32.388176,"[-0.019531, 0.019531, -1.207031]","[-0.000000, -0.000000, 0.000000]","[-0.019999, -0.009998, -0.017237]","[-0.000003, -0.000002, 0.000000]","[0.015381, -0.025879, -0.044678]","[-0.012787, 0.007996, -0.022247, 0.999664]","[0.000336, 0.000122, -0.021210, 0.999756]","[-0.110352, -0.014648, 0.020508]","[[0.998962, -0.044739, -0.015381], [0.044250, 0.998779, -0.025940], [0.016479, 0.025208, 0.999634]]",0.998962,"[7867, 7829, 7822, 7926]"
32.50732,"[-0.027344, 0.019531, -1.210938]","[-0.000023, -0.000016, 0.000003]","[-0.019999, 0.000000, 0.022516]","[-0.000721, -0.000511, 0.000090]","[0.003174, -0.020996, -0.049561]","[-0.010529, 0.001953, -0.024750, 0.999634]","[0.000000, -0.000214, -0.021210, 0.999756]","[-0.043945, 0.534912, -0.064453]","[[0.998718, -0.049561, -0.003357], [0.049438, 0.998535, -0.021179], [0.004333, 0.020935, 0.999756]]",0.998718,"[7941, 7895, 7776, 7975]"
32.522957,"[-0.027344, 0.019531, -1.207031]","[-0.000041, -0.000029, 0.000005]","[-0.009998, 0.000000, 0.011982]","[-0.001128, -0.000799, 0.000140]","[0.003174, -0.020264, -0.050049]","[-0.010162, 0.001923, -0.025024, 0.999634]","[0.000000, 0.000214, -0.021210, 0.999756]","[-0.143799, 0.481201, -0.042236]","[[0.998718, -0.050110, -0.003296], [0.049988, 0.998535, -0.020447], [0.004272, 0.020203, 0.999756]]",0.998718,"[7913, 7886, 7805, 7950]"
32.651848,"[-0.027344, 0.019531, -1.207031]","[-0.000635, -0.000450, 0.000078]","[0.000000, 0.000000, -0.007254]","[-0.009503, -0.006748, 0.001156]","[-0.004639, -0.016602, -0.056885]","[-0.008362, -0.002197, -0.028503, 0.999542]","[-0.000366, 0.000702, -0.021210, 0.999756]","[0.023682, 0.055420, -0.069336]","[[0.998291, -0.057007, 0.004822], [0.057007, 0.998169, -0.016602], [-0.003967, 0.016846, 0.999756]]",0.998291,"[7936, 7936, 7753, 7877]"
32.657707,"[-0.027344, 0.019531, -1.207031]","[-0.000635, -0.000450, 0.000078]","[0.000000, 0.009998, -0.016132]","[-0.009503, -0.006748, 0.001156]","[-0.005127, -0.016602, -0.057373]","[-0.008453, -0.002350, -0.028717, 0.999542]","[-0.000854, 0.000702, -0.021210, 0.999756]","[0.143311, -0.183350, -0.085693]","[[0.998291, -0.057434, 0.005127], [0.057434, 0.998169, -0.016785], [-0.004272, 0.017029, 0.999817]]",0.998291,"[7921, 7935, 7783, 7888]"
32.808125,"[-0.027344, 0.019531, -1.210938]","[-0.004096, -0.002913, 0.000493]","[-0.009998, 0.019999, -0.054228]","[-0.039360, -0.028041, 0.004670]","[-0.007568, -0.018066, -0.067871]","[-0.009125, -0.003479, -0.034058, 0.999390]","[-0.001587, 0.000305, -0.021210, 0.999756]","[0.321533, -0.457275, -0.069336]","[[0.997681, -0.068054, 0.007568], [0.068176, 0.997559, -0.018066], [-0.006348, 0.018433, 0.999878]]",0.997681,"[7915, 7909, 7748, 7946]"
32.810059,"[-0.027344, 0.019531, -1.210938]","[-0.004096, -0.002913, 0.000493]","[0.009998, 0.019999, -0.054228]","[-0.039360, -0.028041, 0.004670]","[-0.007568, -0.018066, -0.067871]","[-0.009125, -0.003479, -0.034058, 0.999390]","[-0.001587, 0.001282, -0.021210, 0.999756]","[0.321533, -0.457275, -0.069336]","[[0.997681, -0.068054, 0.007568], [0.068176, 0.997559, -0.018066], [-0.006348, 0.018433, 0.999878]]",0.997681,"[7889, 7887, 7753, 7929]"
32.812008,"[-0.027344, 0.019531, -1.207031]","[-0.004096, -0.002913, 0.000493]","[0.029999, 0.019999, -0.063719]","[-0.039360, -0.028041, 0.004670]","[-0.006104, -0.018066, -0.068359]","[-0.009186, -0.002838, -0.034210, 0.999359]","[-0.001617, 0.002258, -0.021210, 0.999756]","[-0.088379, 0.391602, -0.087891]","[[0.997559, -0.068420, 0.006287], [0.068420, 0.997437, -0.018188], [-0.005066, 0.018555, 0.999756]]",0.997559,"[7901, 7900, 7763, 7942]"
32.825676,"[-0.019531, 0.019531, -1.210938]","[-0.004096, -0.002913, 0.000493]","[0.039999, 0.019999, -0.023586]","[-0.039360, -0.028041, 0.004670]","[-0.005615, -0.018311, -0.069824]","[-0.009277, -0.002563, -0.034912, 0.999329]","[-0.001648, 0.003235, -0.021210, 0.999756]","[-0.212891, 0.417236, -0.092773]","[[0.997437, -0.069824, 0.005737], [0.069824, 0.997314, -0.018433], [-0.004517, 0.018677, 0.999695]]",0.997437,"[7911, 7945, 7741, 7856]"
32.950684,"[-0.019531, 0.019531, -1.203125]","[-0.012727, -0.009073, 0.001502]","[0.029999, 0.029999, -0.035774]","[-0.091390, -0.065330, 0.010556]","[-0.002686, -0.019043, -0.077637]","[-0.009613, -0.001068, -0.038910, 0.999207]","[-0.002625, 0.003601, -0.021210, 0.999756]","[0.093262, -0.127441, -0.023926]","[[0.997009, -0.077759, 0.002869], [0.077759, 0.996826, -0.019165], [-0.001404, 0.019287, 0.999817]]",0.997009,"[7852, 7863, 7760, 7969]"
32.952644,"[-0.019531, 0.027344, -1.203125]","[-0.012727, -0.009073, 0.001502]","[0.029999, 0.039999, -0.023283]","[-0.091390, -0.065330, 0.010556]","[-0.003174, -0.018555, -0.077881]","[-0.009308, -0.001343, -0.038971, 0.999207]","[-0.003601, 0.003571, -0.021210, 0.999756]","[0.287598, -0.201904, -0.081055]","[[0.996948, -0.077881, 0.003357], [0.077881, 0.996826, -0.018555], [-0.002014, 0.018677, 0.999817]]",0.996948,"[7885, 7860, 7746, 7985]"
32.958488,"[-0.007812, 0.027344, -1.203125]","[-0.012727, -0.009073, 0.001502]","[0.089998, 0.029999, -0.020170]","[-0.091390, -0.065330, 0.010556]","[-0.002441, -0.018799, -0.077881]","[-0.009430, -0.000916, -0.039032, 0.999207]","[-0.003204, 0.007355, -0.021210, 0.999725]","[0.066162, -0.086914, -0.010254]","[[0.996948, -0.078003, 0.002563], [0.078003, 0.996826, -0.018799], [-0.001099, 0.018921, 0.999817]]",0.996948,"[7841, 7866, 7759, 7986]"
32.991695,"[-0.007812, 0.027344, -1.203125]","[-0.016678, -0.011900, 0.001956]","[0.049999, 0.029999, -0.002163]","[-0.111324, -0.079665, 0.012748]","[-0.001465, -0.019287, -0.080078]","[-0.009705, -0.000366, -0.040039, 0.999146]","[-0.003265, 0.005524, -0.021210, 0.999725]","[0.025146, 0.073486, -0.124512]","[[0.996765, -0.080017, 0.001465], [0.080017, 0.996582, -0.019409], [0.000000, 0.019409, 0.999756]]",0.996765,"[7889, 7920, 7750, 7929]"
33.134281,"[-0.007812, 0.027344, -1.203125]","[-0.037584, -0.026893, 0.004307]","[0.059999, 0.029999, 0.033613]","[-0.199111, -0.143072, 0.022036]","[0.002930, -0.022705, -0.085205]","[-0.011292, 0.001984, -0.042572, 0.999023]","[-0.004913, 0.008179, -0.021179, 0.999725]","[-0.064941, 0.119873, -0.094727]","[[0.996338, -0.085144, -0.002991], [0.085022, 0.996094, -0.022766], [0.004822, 0.022400, 0.999695]]",0.996338,"[7917, 7920, 7749, 7949]"
33.136223,"[0.000000, 0.039062, -1.199219]","[-0.037584, -0.026893, 0.004307]","[0.089998, 0.049999, 0.054855]","[-0.199111, -0.143072, 0.022036]","[0.003174, -0.022705, -0.085205]","[-0.011292, 0.002075, -0.042572, 0.999023]","[-0.006683, 0.010101, -0.021149, 0.999695]","[-0.011475, 0.091064, -0.008057]","[[0.996338, -0.085144, -0.003174], [0.085022, 0.996094, -0.022766], [0.005005, 0.022400, 0.999695]]",0.996338,"[7898, 7921, 7743, 7946]"
33.206539,"[0.000000, 0.039062, -1.199219]","[-0.055511, -0.039792, 0.006268]","[0.080000, 0.039999, -0.011955]","[-0.261200, -0.188182, 0.028259]","[0.005127, -0.024170, -0.086914]","[-0.011993, 0.003174, -0.043396, 0.998993]","[-0.007172, 0.011078, -0.021149, 0.999664]","[-0.030762, -0.027832, 0.059326]","[[0.996216, -0.086853, -0.005249], [0.086609, 0.995972, -0.024292], [0.007324, 0.023682, 0.999695]]",0.996216,"[7877, 7896, 7736, 7936]"
33.208488,"[0.007812, 0.039062, -1.199219]","[-0.055511, -0.039792, 0.006268]","[0.099998, 0.049999, -0.000614]","[-0.261200, -0.188182, 0.028259]","[0.004883, -0.024170, -0.086914]","[-0.011993, 0.003082, -0.043427, 0.998993]","[-0.007690, 0.012512, -0.021118, 0.999664]","[0.010254, -0.110352, -0.088867]","[[0.996216, -0.086914, -0.005066], [0.086670, 0.995972, -0.024292], [0.007141, 0.023682, 0.999695]]",0.996216,"[7866, 7907, 7731, 7931]"
33.229973,"[0.007812, 0.039062, -1.199219]","[-0.060776, -0.043586, 0.006836]","[0.080000, 0.039999, 0.004059]","[-0.277957, -0.200394, 0.029890]","[0.006348, -0.025635, -0.087402]","[-0.012695, 0.003784, -0.043640, 0.998962]","[-0.007690, 0.012024, -0.021118, 0.999664]","[-0.016357, 0.051025, 0.058838]","[[0.996155, -0.087341, -0.006409], [0.087097, 0.995850, -0.025757], [0.008606, 0.025024, 0.999634]]",0.996155,"[7892, 7899, 7731, 7939]"
33.263176,"[0.007812, 0.039062, -1.199219]","[-0.072309, -0.051907, 0.008068]","[0.070000, 0.049999, 0.030140]","[-0.312833, -0.225863, 0.033216]","[0.008545, -0.026611, -0.088379]","[-0.013062, 0.004852, -0.044128, 0.998932]","[-0.008789, 0.012482, -0.021118, 0.999634]","[-0.022705, -0.054443, -0.132080]","[[0.996033, -0.088379, -0.008545], [0.088013, 0.995728, -0.026611], [0.010742, 0.025635, 0.999573]]",0.996033,"[7858, 7873, 7760, 7975]"
33.296379,"[0.007812, 0.039062, -1.199219]","[-0.085239, -0.061250, 0.009432]","[0.109999, 0.049999, -0.006920]","[-0.349402, -0.252644, 0.036603]","[0.010254, -0.027832, -0.088867]","[-0.013702, 0.005798, -0.044403, 0.998901]","[-0.009583, 0.015411, -0.021057, 0.999603]","[-0.036621, 0.018799, 0.032715]","[[0.995972, -0.088928, -0.010376], [0.088562, 0.995667, -0.027954], [0.012695, 0.026855, 0.999512]]",0.995972,"[7867, 7888, 7767, 7967]"
33.362789,"[0.007812, 0.046875, -1.195312]","[-0.107384, -0.077282, 0.011726]","[0.089998, 0.049999, 0.008432]","[-0.407045, -0.295024, 0.041724]","[0.014160, -0.031250, -0.089844]","[-0.015350, 0.007874, -0.044861, 0.998840]","[-0.011810, 0.016449, -0.021027, 0.999573]","[0.007080, -0.106689, -0.068115]","[[0.995789, -0.089905, -0.014343], [0.089417, 0.995483, -0.031433], [0.017029, 0.029968, 0.999329]]",0.995789,"[7869, 7892, 7740, 7928]"
33.51709,"[0.027344, 0.046875, -1.187500]","[-0.183749, -0.132834, 0.019287]","[0.089998, 0.039999, 0.112555]","[-0.572705, -0.418067, 0.054802]","[0.024902, -0.038086, -0.093018]","[-0.018463, 0.013397, -0.046295, 0.998688]","[-0.016235, 0.024536, -0.020813, 0.999329]","[0.011230, 0.052246, -0.017578]","[[0.995422, -0.093079, -0.025024], [0.091980, 0.995056, -0.038208], [0.028442, 0.035645, 0.999023]]",0.995422,"[7904, 7957, 7756, 7987]"
33.519039,"[0.039062, 0.046875, -1.191406]","[-0.183749, -0.132834, 0.019287]","[0.099998, 0.019999, 0.110533]","[-0.572705, -0.418067, 0.054802]","[0.024902, -0.038086, -0.093018]","[-0.018494, 0.013336, -0.046265, 0.998657]","[-0.015533, 0.025787, -0.020813, 0.999329]","[-0.259277, 0.175537, -0.020752]","[[0.995300, -0.092957, -0.024902], [0.091858, 0.994934, -0.038269], [0.028320, 0.035706, 0.998901]]",0.9953,"[7915, 7952, 7784, 7962]"
33.530754,"[0.039062, 0.046875, -1.191406]","[-0.195146, -0.141158, 0.020372]","[0.089998, 0.049999, 0.078547]","[-0.594188, -0.434175, 0.056297]","[0.025635, -0.038818, -0.093262]","[-0.018829, 0.013794, -0.046417, 0.998627]","[-0.017365, 0.026001, -0.020752, 0.999268]","[0.120361, -0.006592, 0.015137]","[[0.995178, -0.093262, -0.025818], [0.092163, 0.994873, -0.038940], [0.029236, 0.036377, 0.998779]]",0.995178,"[7913, 7923, 7772, 8004]"
33.563957,"[0.039062, 0.058594, -1.187500]","[-0.206964, -0.149798, 0.021486]","[0.080000, 0.029999, 0.078100]","[-0.615757, -0.450388, 0.057748]","[0.028076, -0.040039, -0.093994]","[-0.019348, 0.015015, -0.046692, 0.998596]","[-0.018372, 0.027191, -0.020691, 0.999237]","[-0.135254, 0.166016, -0.009033]","[[0.995117, -0.093872, -0.028198], [0.092651, 0.994812, -0.040100], [0.031738, 0.037292, 0.998718]]",0.995117,"[7883, 7940, 7755, 7955]"
33.59716,"[0.046875, 0.058594, -1.187500]","[-0.231860, -0.168026, 0.023796]","[0.089998, 0.009998, 0.079992]","[-0.659040, -0.483044, 0.060493]","[0.031006, -0.043213, -0.094727]","[-0.020905, 0.016510, -0.046967, 0.998535]","[-0.018677, 0.029877, -0.020630, 0.999146]","[-0.104492, -0.127930, -0.051758]","[[0.994995, -0.094543, -0.031006], [0.093079, 0.994629, -0.043335], [0.034912, 0.040161, 0.998535]]",0.994995,"[7876, 7901, 7775, 8006]"
33.737789,"[0.058594, 0.058594, -1.191406]","[-0.332295, -0.241937, 0.032624]","[0.059999, 0.009998, -0.059864]","[-0.809562, -0.598116, 0.068054]","[0.041992, -0.051270, -0.096680]","[-0.024658, 0.022247, -0.047821, 0.998322]","[-0.025421, 0.038269, -0.020203, 0.998718]","[-0.697754, 0.521973, 0.043945]","[[0.994446, -0.096619, -0.042053], [0.094421, 0.994263, -0.051392], [0.046692, 0.047119, 0.997803]]",0.994446,"[7879, 7909, 7759, 8000]"
33.739742,"[0.058594, 0.058594, -1.191406]","[-0.332295, -0.241937, 0.032624]","[0.059999, -0.009998, -0.073200]","[-0.809562, -0.598116, 0.068054]","[0.041992, -0.051514, -0.096680]","[-0.024719, 0.022278, -0.047821, 0.998322]","[-0.024933, 0.038422, -0.020233, 0.998718]","[-0.079346, 0.032471, -0.017578]","[[0.994507, -0.096680, -0.042114], [0.094360, 0.994263, -0.051514], [0.046753, 0.047241, 0.997803]]",0.994507,"[7855, 7921, 7743, 7959]"
33.790527,"[0.058594, 0.058594, -1.191406]","[-0.381573, -0.278414, 0.036675]","[0.039999, 0.000000, -0.074472]","[-0.872174, -0.646819, 0.070089]","[0.046631, -0.053955, -0.096436]","[-0.025787, 0.024628, -0.047546, 0.998260]","[-0.028290, 0.041412, -0.020020, 0.998535]","[-0.446045, 0.455078, -0.023926]","[[0.994324, -0.096252, -0.046692], [0.093689, 0.994202, -0.053894], [0.051575, 0.049133, 0.997559]]",0.994324,"[7814, 7900, 7701, 7899]"
33.800285,"[0.058594, 0.058594, -1.191406]","[-0.381573, -0.278414, 0.036675]","[0.029999, 0.000000, -0.016350]","[-0.872174, -0.646819, 0.070089]","[0.048340, -0.056396, -0.096680]","[-0.027008, 0.025513, -0.047668, 0.998199]","[-0.028534, 0.041504, -0.019989, 0.998505]","[-0.298584, 0.221924, 0.027832]","[[0.994202, -0.096619, -0.048340], [0.093811, 0.994080, -0.056396], [0.053467, 0.051514, 0.997314]]",0.994202,"[7807, 7901, 7695, 7880]"
33.833488,"[0.058594, 0.058594, -1.191406]","[-0.416436, -0.304303, 0.039431]","[0.019999, -0.009998, -0.013622]","[-0.912836, -0.678776, 0.070976]","[0.051025, -0.058838, -0.096680]","[-0.028229, 0.026947, -0.047546, 0.998077]","[-0.030029, 0.043579, -0.019867, 0.998383]","[0.133301, 0.053711, -0.008545]","[[0.993896, -0.096497, -0.051147], [0.093445, 0.993713, -0.058960], [0.056396, 0.053833, 0.996826]]",0.993896,"[7860, 7865, 7675, 7937]"
33.866692,"[0.058594, 0.058594, -1.191406]","[-0.452871, -0.331434, 0.042215]","[0.019999, -0.019999, 0.002350]","[-0.952453, -0.710198, 0.071459]","[0.055420, -0.062744, -0.096924]","[-0.029968, 0.029205, -0.047577, 0.997986]","[-0.031525, 0.046234, -0.019714, 0.998230]","[-0.299072, 0.247559, 0.024170]","[[0.993713, -0.096741, -0.055481], [0.093201, 0.993591, -0.062683], [0.061096, 0.057068, 0.996460]]",0.993713,"[7855, 7869, 7714, 7929]"
33.899899,"[0.058594, 0.058594, -1.187500]","[-0.471667, -0.345459, 0.043612]","[0.009998, -0.029999, 0.002832]","[-0.971823, -0.725676, 0.071542]","[0.057617, -0.064697, -0.097412]","[-0.030945, 0.030396, -0.047699, 0.997894]","[-0.033264, 0.048279, -0.019562, 0.998077]","[-0.045166, -0.186523, -0.004883]","[[0.993469, -0.097107, -0.057678], [0.093323, 0.993408, -0.064697], [0.063538, 0.058838, 0.996094]]",0.993469,"[7842, 7912, 7717, 7901]"
34.044434,"[0.058594, 0.046875, -1.187500]","[-0.634930, -0.468132, 0.054619]","[-0.039999, -0.059999, -0.005203]","[-1.113888, -0.842232, 0.068103]","[0.072266, -0.077393, -0.099609]","[-0.036896, 0.038025, -0.048309, 0.997406]","[-0.040863, 0.058868, -0.018707, 0.997223]","[-0.223389, 0.173584, 0.039062]","[[0.992310, -0.099182, -0.072266], [0.093567, 0.992493, -0.077332], [0.079346, 0.069885, 0.994263]]",0.99231,"[7894, 7983, 7700, 7934]"
34.046375,"[0.058594, 0.046875, -1.183594]","[-0.634930, -0.468132, 0.054619]","[-0.049999, -0.099998, -0.014235]","[-1.113888, -0.842232, 0.068103]","[0.070068, -0.076416, -0.099365]","[-0.036438, 0.036926, -0.048279, 0.997467]","[-0.039032, 0.058533, -0.018829, 0.997314]","[0.017334, 0.454834, -0.011719]","[[0.992493, -0.099060, -0.070129], [0.093567, 0.992554, -0.076294], [0.077087, 0.069092, 0.994507]]",0.992493,"[7909, 7979, 7710, 7918]"
34.067863,"[0.058594, 0.039062, -1.183594]","[-0.656837, -0.484711, 0.055939]","[-0.070000, -0.089998, -0.001274]","[-1.129808, -0.855730, 0.067132]","[0.073242, -0.077881, -0.099121]","[-0.037140, 0.038483, -0.048035, 0.997406]","[-0.040619, 0.059723, -0.018707, 0.997192]","[0.316895, -0.371338, -0.026123]","[[0.992371, -0.098694, -0.073181], [0.092957, 0.992554, -0.077820], [0.080261, 0.070374, 0.994202]]",0.992371,"[7883, 7894, 7735, 8027]"
34.101067,"[0.046875, 0.039062, -1.183594]","[-0.701580, -0.518660, 0.058519]","[-0.109999, -0.129999, 0.019398]","[-1.160277, -0.881913, 0.064811]","[0.076660, -0.080078, -0.098877]","[-0.038116, 0.040253, -0.047852, 0.997314]","[-0.041016, 0.060211, -0.018646, 0.997162]","[-0.212646, 0.286133, 0.014160]","[[0.992126, -0.098572, -0.076660], [0.092346, 0.992493, -0.079956], [0.083862, 0.072144, 0.993835]]",0.992126,"[7885, 8003, 7742, 7884]"
34.134274,"[0.046875, 0.039062, -1.183594]","[-0.724383, -0.536009, 0.059771]","[-0.099998, -0.119999, 0.014898]","[-1.174801, -0.894575, 0.063460]","[0.079346, -0.083496, -0.098877]","[-0.039703, 0.041656, -0.047668, 0.997223]","[-0.043976, 0.063934, -0.018280, 0.996796]","[-0.076416, -0.052734, 0.014160]","[[0.992004, -0.098450, -0.079285], [0.091736, 0.992310, -0.083252], [0.086853, 0.075195, 0.993408]]",0.992004,"[7943, 7988, 7750, 7951]"
34.169426,"[0.046875, 0.027344, -1.179688]","[-0.770816, -0.571431, 0.062192]","[-0.119999, -0.139999, 0.033308]","[-1.202353, -0.918989, 0.060370]","[0.083252, -0.086426, -0.098633]","[-0.041046, 0.043732, -0.047455, 0.997070]","[-0.044983, 0.066498, -0.018097, 0.996582]","[-0.258057, 0.191895, 0.016602]","[[0.991638, -0.098267, -0.083313], [0.091064, 0.992065, -0.086121], [0.091003, 0.077698, 0.992737]]",0.991638,"[7925, 8002, 7773, 7921]"
34.202633,"[0.039062, 0.019531, -1.179688]","[-0.818282, -0.607782, 0.064481]","[-0.150000, -0.199999, -0.001574]","[-1.227858, -0.942152, 0.056760]","[0.085693, -0.089111, -0.098145]","[-0.042389, 0.045044, -0.047119, 0.996948]","[-0.044159, 0.067719, -0.018097, 0.996552]","[0.180176, -0.133545, 0.035400]","[[0.991333, -0.097839, -0.085815], [0.090149, 0.991821, -0.088806], [0.093750, 0.080261, 0.992188]]",0.991333,"[7956, 8013, 7770, 7954]"
34.235832,"[0.039062, 0.019531, -1.179688]","[-0.866709, -0.645015, 0.066619]","[-0.179998, -0.160000, 0.034142]","[-1.251240, -0.964001, 0.052622]","[0.090576, -0.092041, -0.097656]","[-0.043671, 0.047424, -0.046692, 0.996826]","[-0.048645, 0.069611, -0.017700, 0.996216]","[-0.421875, 0.523438, 0.034912]","[[0.991089, -0.097290, -0.090515], [0.088989, 0.991760, -0.091553], [0.098572, 0.082642, 0.991638]]",0.991089,"[7959, 8032, 7788, 7944]"
34.269035,"[0.027344, 0.007812, -1.179688]","[-0.891255, -0.663946, 0.067625]","[-0.169998, -0.189999, 0.025066]","[-1.262106, -0.974410, 0.050353]","[0.093262, -0.094238, -0.096680]","[-0.044739, 0.048828, -0.045990, 0.996735]","[-0.049316, 0.073120, -0.017456, 0.995941]","[0.150391, -0.540527, -0.000732]","[[0.990906, -0.096130, -0.093201], [0.087341, 0.991699, -0.093750], [0.101379, 0.084717, 0.991150]]",0.990906,"[7936, 8023, 7815, 7947]"
34.302238,"[0.019531, 0.000000, -1.175781]","[-0.940969, -0.702411, 0.069497]","[-0.259998, -0.259998, 0.073378]","[-1.282146, -0.994171, 0.045418]","[0.096924, -0.095947, -0.095703]","[-0.045624, 0.050690, -0.045502, 0.996643]","[-0.047943, 0.071686, -0.017639, 0.996094]","[0.078125, 0.465820, 0.126953]","[[0.990723, -0.095337, -0.096863], [0.086060, 0.991699, -0.095581], [0.105164, 0.086304, 0.990662]]",0.990723,"[7994, 8060, 7786, 7916]"
34.335442,"[0.007812, 0.000000, -1.175781]","[-0.991413, -0.741611, 0.071167]","[-0.219999, -0.240000, 0.112114]","[-1.299864, -1.012462, 0.039949]","[0.102051, -0.099854, -0.094971]","[-0.047424, 0.053284, -0.044830, 0.996429]","[-0.051758, 0.076385, -0.017090, 0.995575]","[-0.284668, 0.166992, 0.024170]","[[0.990173, -0.094421, -0.101929], [0.084290, 0.991394, -0.099365], [0.110352, 0.089722, 0.989685]]",0.990173,"[8006, 8107, 7833, 7931]"
34.368645,"[0.007812, -0.007812, -1.171875]","[-1.016866, -0.761462, 0.071918]","[-0.299999, -0.320000, 0.123909]","[-1.307829, -1.021040, 0.037016]","[0.104980, -0.100586, -0.093750]","[-0.047638, 0.054718, -0.044189, 0.996368]","[-0.050201, 0.076050, -0.017242, 0.995667]","[0.117920, -0.118164, 0.098145]","[[0.989990, -0.093323, -0.104858], [0.082825, 0.991455, -0.099854], [0.113159, 0.090088, 0.989319]]",0.98999,"[8010, 8135, 7858, 7965]"
34.403797,"[-0.007812, -0.019531, -1.171875]","[-1.068234, -0.801661, 0.073244]","[-0.279999, -0.279999, 0.102917]","[-1.321931, -1.037018, 0.030747]","[0.108398, -0.103516, -0.092773]","[-0.049072, 0.056458, -0.043457, 0.996246]","[-0.054352, 0.079773, -0.016693, 0.995178]","[-0.071289, 0.128662, 0.036377]","[[0.989746, -0.092163, -0.108276], [0.081055, 0.991333, -0.102722], [0.116699, 0.092834, 0.988708]]",0.989746,"[8061, 8105, 7895, 8022]"
34.437004,"[-0.019531, -0.027344, -1.171875]","[-1.120111, -0.842459, 0.074313]","[-0.320000, -0.279999, 0.063271]","[-1.333557, -1.051401, 0.023944]","[0.110596, -0.103027, -0.091309]","[-0.048920, 0.057556, -0.042664, 0.996246]","[-0.056549, 0.080719, -0.016479, 0.994965]","[0.045166, 0.001465, 0.030518]","[[0.989746, -0.090698, -0.110474], [0.079346, 0.991577, -0.102417], [0.118774, 0.092529, 0.988586]]",0.989746,"[8025, 8171, 7906, 7930]"
34.470207,"[-0.027344, -0.039062, -1.175781]","[-1.172385, -0.883782, 0.075107]","[-0.409998, -0.379999, 0.083401]","[-1.342609, -1.064125, 0.016608]","[0.112549, -0.105469, -0.089844]","[-0.050079, 0.058502, -0.041779, 0.996155]","[-0.053741, 0.079529, -0.016754, 0.995209]","[-0.073242, 0.140381, 0.026855]","[[0.989624, -0.089172, -0.112366], [0.077332, 0.991455, -0.104736], [0.120667, 0.094849, 0.988098]]",0.989624,"[8077, 8156, 7897, 7931]"
34.50341,"[-0.039062, -0.046875, -1.175781]","[-1.198643, -0.904618, 0.075394]","[-0.359999, -0.349998, 0.027821]","[-1.346156, -1.069838, 0.012742]","[0.115234, -0.106201, -0.087646]","[-0.050507, 0.059814, -0.040710, 0.996094]","[-0.057678, 0.084717, -0.016113, 0.994598]","[-0.132812, 0.052490, 0.139160]","[[0.989441, -0.087158, -0.115051], [0.075073, 0.991516, -0.105530], [0.123230, 0.095764, 0.987671]]",0.989441,"[8030, 8148, 7905, 7972]"
34.536629,"[-0.058594, -0.066406, -1.175781]","[-1.251336, -0.946613, 0.075734]","[-0.459999, -0.459999, 0.043640]","[-1.351242, -1.079949, 0.004613]","[0.116211, -0.106934, -0.086182]","[-0.050873, 0.060333, -0.039886, 0.996063]","[-0.054016, 0.082214, -0.016571, 0.994995]","[0.140869, 0.061035, -0.007080]","[[0.989380, -0.085632, -0.116150], [0.073303, 0.991516, -0.106201], [0.124207, 0.096558, 0.987427]]",0.98938,"[8073, 8181, 7866, 7930]"
34.571766,"[-0.078125, -0.089844, -1.175781]","[-1.304176, -0.988967, 0.075748]","[-0.419998, -0.400000, 0.034901]","[-1.353608, -1.088273, -0.004041]","[0.118408, -0.107422, -0.083740]","[-0.051086, 0.061279, -0.038513, 0.996063]","[-0.058533, 0.087036, -0.015900, 0.994354]","[0.085449, -0.115967, 0.068848]","[[0.989441, -0.083069, -0.118164], [0.070496, 0.991760, -0.106567], [0.125977, 0.097046, 0.987183]]",0.989441,"[8067, 8176, 7922, 7918]"
34.603024,"[-0.089844, -0.097656, -1.171875]","[-1.330615, -1.010258, 0.075624]","[-0.469999, -0.400000, 0.034798]","[-1.353765, -1.091753, -0.008561]","[0.119385, -0.107666, -0.081299]","[-0.051300, 0.061798, -0.037292, 0.996063]","[-0.060699, 0.087006, -0.015717, 0.994202]","[0.222412, -0.097412, 0.107178]","[[0.989502, -0.080688, -0.119324], [0.067993, 0.991882, -0.106873], [0.126892, 0.097595, 0.987000]]",0.989502,"[8111, 8207, 7894, 7919]"
34.638187,"[-0.109375, -0.117188, -1.175781]","[-1.383476, -1.053023, 0.075108]","[-0.569998, -0.529999, 0.048122]","[-1.351930, -1.097266, -0.017995]","[0.120605, -0.108643, -0.077881]","[-0.051819, 0.062286, -0.035614, 0.996063]","[-0.056091, 0.084869, -0.016235, 0.994659]","[-0.068604, -0.052002, 0.068848]","[[0.989563, -0.077454, -0.120361], [0.064514, 0.992004, -0.107727], [0.127686, 0.098816, 0.986755]]",0.989563,"[8118, 8235, 7934, 7873]"
34.671375,"[-0.117188, -0.128906, -1.175781]","[-1.436190, -1.095952, 0.074212]","[-0.519999, -0.480000, -0.012438]","[-1.347241, -1.100851, -0.027934]","[0.121338, -0.109375, -0.074951]","[-0.052277, 0.062683, -0.033997, 0.996094]","[-0.060852, 0.090302, -0.015472, 0.993927]","[0.072266, -0.074951, 0.180664]","[[0.989807, -0.074341, -0.121277], [0.061157, 0.992188, -0.108459], [0.128357, 0.099915, 0.986633]]",0.989807,"[8135, 8188, 7914, 7929]"
34.704582,"[-0.136719, -0.148438, -1.179688]","[-1.488682, -1.138995, 0.072918]","[-0.639999, -0.589998, -0.035084]","[-1.339617, -1.102466, -0.038382]","[0.121338, -0.109375, -0.072266]","[-0.052368, 0.062500, -0.032745, 0.996124]","[-0.056946, 0.086823, -0.016052, 0.994446]","[0.020020, 0.102051, -0.025635]","[[0.989929, -0.071838, -0.121094], [0.058655, 0.992310, -0.108521], [0.127930, 0.100220, 0.986633]]",0.989929,"[8163, 8247, 7889, 7840]"
34.739738,"[-0.167969, -0.167969, -1.183594]","[-1.514801, -1.160533, 0.072116]","[-0.579998, -0.499998, -0.047091]","[-1.334696, -1.102517, -0.043792]","[0.121826, -0.110596, -0.069580]","[-0.053040, 0.062683, -0.031372, 0.996124]","[-0.063141, 0.091614, -0.015167, 0.993652]","[0.162598, -0.369141, 0.018799]","[[0.990112, -0.069214, -0.121582], [0.055908, 0.992310, -0.109680], [0.128174, 0.101746, 0.986450]]",0.990112,"[8147, 8208, 7873, 7874]"
34.772957,"[-0.187500, -0.187500, -1.183594]","[-1.566715, -1.203579, 0.070189]","[-0.699999, -0.669998, -0.054192]","[-1.322634, -1.101099, -0.054972]","[0.122803, -0.109863, -0.067139]","[-0.052673, 0.063110, -0.030060, 0.996155]","[-0.056488, 0.087921, -0.016022, 0.994385]","[-0.117432, 0.231201, 0.107178]","[[0.990112, -0.066589, -0.122620], [0.053284, 0.992554, -0.108826], [0.128845, 0.101135, 0.986389]]",0.990112,"[8127, 8252, 7892, 7828]"
34.808098,"[-0.207031, -0.207031, -1.187500]","[-1.618093, -1.246530, 0.067814]","[-0.629999, -0.559999, -0.067545]","[-1.307596, -1.097628, -0.066627]","[0.121826, -0.110352, -0.063232]","[-0.053101, 0.062592, -0.028168, 0.996216]","[-0.063538, 0.093689, -0.014984, 0.993439]","[0.156250, -0.168213, 0.176758]","[[0.990479, -0.062805, -0.121704], [0.049500, 0.992676, -0.109375], [0.127686, 0.102295, 0.986389]]",0.990479,"[8196, 8232, 7867, 7830]"
34.839352,"[-0.238281, -0.238281, -1.187500]","[-1.668846, -1.289310, 0.064977]","[-0.799999, -0.699999, -0.100122]","[-1.289558, -1.092089, -0.078741]","[0.122070, -0.108398, -0.059326]","[-0.052307, 0.062531, -0.026276, 0.996338]","[-0.057556, 0.086670, -0.015991, 0.994415]","[0.172852, -0.300537, 0.118408]","[[0.990784, -0.058960, -0.121826], [0.045776, 0.993164, -0.107544], [0.127319, 0.100952, 0.986694]]",0.990784,"[8153, 8297, 7920, 7773]"
34.872551,"[-0.257812, -0.257812, -1.191406]","[-1.693888, -1.310605, 0.063380]","[-0.689999, -0.609999, -0.201046]","[-1.279381, -1.088576, -0.084958]","[0.121826, -0.108398, -0.056152]","[-0.052399, 0.062408, -0.024658, 0.996368]","[-0.063538, 0.094055, -0.014984, 0.993408]","[-0.099854, 0.250488, -0.012207]","[[0.990906, -0.055786, -0.121765], [0.042603, 0.993225, -0.107544], [0.126892, 0.101318, 0.986633]]",0.990906,"[8136, 8184, 7915, 7815]"
34.905769,"[-0.277344, -0.277344, -1.199219]","[-1.743440, -1.352970, 0.059813]","[-0.699999, -0.639999, -0.139038]","[-1.256941, -1.079967, -0.097714]","[0.120361, -0.108643, -0.052490]","[-0.052673, 0.061554, -0.022858, 0.996460]","[-0.063538, 0.095520, -0.014862, 0.993256]","[-0.181885, 0.033447, 0.082764]","[[0.991333, -0.052124, -0.120239], [0.039062, 0.993408, -0.107849], [0.125000, 0.102112, 0.986877]]",0.991333,"[8161, 8273, 7843, 7682]"
34.938957,"[-0.296875, -0.296875, -1.199219]","[-1.792064, -1.394963, 0.055739]","[-0.739998, -0.669998, -0.213428]","[-1.231633, -1.069341, -0.110869]","[0.119629, -0.107666, -0.048584]","[-0.052185, 0.061066, -0.020996, 0.996521]","[-0.063538, 0.095642, -0.014862, 0.993256]","[0.157471, -0.242920, 0.187988]","[[0.991516, -0.048279, -0.119568], [0.035461, 0.993530, -0.106689], [0.123840, 0.101440, 0.986938]]",0.991516,"[8162, 8311, 7841, 7677]"
34.97216,"[-0.339844, -0.316406, -1.207031]","[-1.815977, -1.415782, 0.053509]","[-0.919998, -0.819998, -0.248384]","[-1.217932, -1.063285, -0.117583]","[0.122314, -0.107910, -0.044678]","[-0.052551, 0.062317, -0.019012, 0.996490]","[-0.057556, 0.087402, -0.015961, 0.994354]","[0.058838, 0.005859, 0.090088]","[[0.991455, -0.044495, -0.122192], [0.031311, 0.993713, -0.107117], [0.126099, 0.102356, 0.986633]]",0.991455,"[8136, 8219, 7881, 7724]"
35.005363,"[-0.367188, -0.347656, -1.210938]","[-1.862981, -1.457054, 0.048650]","[-0.789999, -0.709999, -0.320652]","[-1.188456, -1.049697, -0.131280]","[0.124756, -0.109375, -0.041992]","[-0.053253, 0.063385, -0.017548, 0.996429]","[-0.063782, 0.094910, -0.014893, 0.993317]","[-0.228271, 0.441650, 0.104980]","[[0.991333, -0.041748, -0.124451], [0.028198, 0.993713, -0.108398], [0.128113, 0.103882, 0.986328]]",0.991333,"[8134, 8102, 7878, 7776]"
35.040535,"[-0.398438, -0.378906, -1.218750]","[-1.908794, -1.497768, 0.043248]","[-0.989998, -0.879999, -0.354656]","[-1.156269, -1.034168, -0.145310]","[0.122314, -0.105225, -0.038330]","[-0.051270, 0.062073, -0.015869, 0.996613]","[-0.056366, 0.086456, -0.016113, 0.994507]","[0.389893, -0.252441, 0.172119]","[[0.991699, -0.038086, -0.122131], [0.025269, 0.994141, -0.104248], [0.125305, 0.100220, 0.986938]]",0.991699,"[8110, 8234, 7877, 7637]"
35.073723,"[-0.417969, -0.398438, -1.222656]","[-1.953289, -1.537832, 0.037293]","[-0.829998, -0.759998, -0.337326]","[-1.121458, -1.016741, -0.159639]","[0.122070, -0.104004, -0.034668]","[-0.050873, 0.061829, -0.014069, 0.996674]","[-0.063416, 0.095642, -0.014862, 0.993256]","[0.021484, -0.159912, 0.087402]","[[0.991821, -0.034424, -0.121826], [0.021729, 0.994324, -0.103210], [0.124634, 0.099670, 0.987061]]",0.991821,"[8111, 8199, 7865, 7642]"
35.106926,"[-0.457031, -0.429688, -1.226562]","[-1.975010, -1.557595, 0.034105]","[-0.869999, -0.779999, -0.322529]","[-1.103093, -1.007328, -0.166906]","[0.121826, -0.103027, -0.031738]","[-0.050446, 0.061707, -0.012695, 0.996735]","[-0.062927, 0.094055, -0.015015, 0.993439]","[-0.056152, 0.248535, 0.087402]","[[0.992004, -0.031616, -0.121765], [0.019043, 0.994507, -0.102173], [0.124207, 0.098999, 0.987244]]",0.992004,"[8151, 8239, 7863, 7603]"
35.140137,"[-0.476562, -0.457031, -1.230469]","[-2.017354, -1.596555, 0.027298]","[-1.049997, -0.969997, -0.279068]","[-1.064477, -0.987120, -0.181633]","[0.123535, -0.104492, -0.028564]","[-0.051270, 0.062408, -0.011108, 0.996674]","[-0.054535, 0.086853, -0.016266, 0.994568]","[-0.298096, 0.087402, 0.038086]","[[0.991943, -0.028564, -0.123291], [0.015747, 0.994446, -0.103638], [0.125488, 0.100830, 0.986938]]",0.991943,"[8143, 8226, 7876, 7654]"
35.175282,"[-0.519531, -0.488281, -1.234375]","[-2.058141, -1.634690, 0.019912]","[-0.929998, -0.829998, -0.223354]","[-1.023423, -0.965108, -0.196588]","[0.123291, -0.100830, -0.025391]","[-0.049591, 0.062164, -0.009583, 0.996765]","[-0.061707, 0.092590, -0.015228, 0.993652]","[0.199707, -0.246582, 0.097168]","[[0.991943, -0.025330, -0.122986], [0.012878, 0.994751, -0.100098], [0.124817, 0.097656, 0.987244]]",0.991943,"[8159, 8209, 7926, 7741]"
35.208488,"[-0.558594, -0.527344, -1.238281]","[-2.077925, -1.653430, 0.015998]","[-1.129997, -1.009998, -0.206388]","[-1.002002, -0.953437, -0.204144]","[0.121826, -0.097412, -0.023193]","[-0.047882, 0.061462, -0.008667, 0.996948]","[-0.052795, 0.082703, -0.016663, 0.995026]","[-0.060791, 0.352295, 0.062988]","[[0.992371, -0.023254, -0.121704], [0.011414, 0.995300, -0.096619], [0.123291, 0.094421, 0.987915]]",0.992371,"[8168, 8351, 7975, 7661]"
35.241688,"[-0.589844, -0.546875, -1.238281]","[-2.116199, -1.690195, 0.007727]","[-0.959999, -0.869999, -0.219923]","[-0.957446, -0.928804, -0.219384]","[0.121582, -0.098389, -0.020996]","[-0.048401, 0.061218, -0.007538, 0.996918]","[-0.060364, 0.091278, -0.015442, 0.993866]","[-0.017334, -0.182129, 0.009033]","[[0.992310, -0.021057, -0.121338], [0.009094, 0.995117, -0.097534], [0.122681, 0.095581, 0.987732]]",0.99231,"[8244, 8268, 7994, 7829]"
35.274899,"[-0.617188, -0.578125, -1.246094]","[-2.152700, -1.725974, -0.001145]","[-0.989998, -0.889997, -0.266033]","[-0.910647, -0.902470, -0.234781]","[0.119141, -0.093506, -0.018311]","[-0.046173, 0.059998, -0.006378, 0.997101]","[-0.059753, 0.090424, -0.015564, 0.993958]","[0.267822, -0.169922, 0.202393]","[[0.992615, -0.018311, -0.119080], [0.007202, 0.995544, -0.092896], [0.120178, 0.091309, 0.988464]]",0.992615,"[8212, 8404, 7996, 7661]"
35.308098,"[-0.656250, -0.617188, -1.250000]","[-2.187323, -1.760686, -0.010618]","[-1.189999, -1.079998, -0.250986]","[-0.861715, -0.874495, -0.250297]","[0.118408, -0.093750, -0.016846]","[-0.046295, 0.059509, -0.005615, 0.997131]","[-0.050110, 0.080566, -0.016998, 0.995331]","[0.122070, 0.091553, -0.006592]","[[0.992798, -0.016785, -0.118164], [0.005676, 0.995605, -0.093018], [0.119141, 0.091675, 0.988586]]",0.992798,"[8243, 8369, 7946, 7688]"
35.34325,"[-0.699219, -0.648438, -1.253906]","[-2.203902, -1.777617, -0.015581]","[-1.029999, -0.929998, -0.272209]","[-0.836484, -0.859913, -0.258088]","[0.118652, -0.094727, -0.015137]","[-0.046783, 0.059631, -0.004730, 0.997101]","[-0.057556, 0.087524, -0.015961, 0.994354]","[0.214111, -0.156738, 0.030518]","[[0.992737, -0.015076, -0.118469], [0.003845, 0.995483, -0.093933], [0.119324, 0.092712, 0.988403]]",0.992737,"[8259, 8219, 7947, 7871]"
35.376453,"[-0.738281, -0.687500, -1.261719]","[-2.235570, -1.810623, -0.025969]","[-1.249998, -1.139997, -0.295689]","[-0.784507, -0.829562, -0.273731]","[0.115967, -0.087891, -0.013672]","[-0.043518, 0.058289, -0.004303, 0.997345]","[-0.046814, 0.076355, -0.017487, 0.995819]","[0.177734, -0.148682, 0.084717]","[[0.993164, -0.013733, -0.115845], [0.003479, 0.996155, -0.087402], [0.116577, 0.086304, 0.989380]]",0.993164,"[8141, 8425, 8003, 7625]"
35.40966,"[-0.769531, -0.718750, -1.265625]","[-2.265166, -1.842407, -0.036967]","[-1.089998, -0.959999, -0.324865]","[-0.730631, -0.797701, -0.289414]","[0.115234, -0.090332, -0.012939]","[-0.044739, 0.057831, -0.003906, 0.997314]","[-0.055359, 0.083649, -0.016388, 0.994812]","[-0.086426, 0.333252, -0.027344]","[[0.993225, -0.013000, -0.114990], [0.002625, 0.995911, -0.089783], [0.115601, 0.088806, 0.989258]]",0.993225,"[8246, 8190, 7917, 7813]"
35.442867,"[-0.808594, -0.757812, -1.269531]","[-2.279170, -1.857830, -0.042697]","[-1.089998, -0.989998, -0.312695]","[-0.702999, -0.781213, -0.297264]","[0.111572, -0.084717, -0.012939]","[-0.041901, 0.056061, -0.004089, 0.997559]","[-0.053284, 0.082703, -0.016602, 0.994995]","[0.008545, -0.000488, 0.000488]","[[0.993713, -0.012878, -0.111511], [0.003479, 0.996460, -0.084106], [0.112122, 0.083130, 0.990234]]",0.993713,"[8135, 8420, 7967, 7671]"
35.47607,"[-0.859375, -0.789062, -1.277344]","[-2.305530, -1.887683, -0.054614]","[-1.339998, -1.199999, -0.385342]","[-0.646442, -0.747180, -0.312954]","[0.107666, -0.081787, -0.010742]","[-0.040558, 0.054108, -0.003174, 0.997711]","[-0.042725, 0.069214, -0.018127, 0.996490]","[0.152832, -0.384277, 0.104004]","[[0.994080, -0.010742, -0.107666], [0.001953, 0.996643, -0.081299], [0.108154, 0.080566, 0.990845]]",0.99408,"[8204, 8347, 7940, 7642]"
35.509285,"[-0.886719, -0.816406, -1.285156]","[-2.329650, -1.916182, -0.067145]","[-1.139997, -1.009998, -0.341688]","[-0.588217, -0.711765, -0.328609]","[0.105225, -0.078369, -0.011475]","[-0.038818, 0.052795, -0.003632, 0.997833]","[-0.051788, 0.077972, -0.016998, 0.995453]","[0.244385, -0.080078, -0.118164]","[[0.994324, -0.011414, -0.105103], [0.003113, 0.996887, -0.077942], [0.105591, 0.077087, 0.991333]]",0.994324,"[8146, 8292, 7987, 7773]"
35.54443,"[-0.937500, -0.859375, -1.289062]","[-2.351465, -1.943275, -0.080288]","[-1.379997, -1.239998, -0.380096]","[-0.528427, -0.675029, -0.344200]","[0.101318, -0.075928, -0.011230]","[-0.037689, 0.050842, -0.003784, 0.997986]","[-0.039246, 0.064636, -0.018555, 0.996948]","[0.227295, -0.300293, -0.044678]","[[0.994751, -0.011414, -0.101196], [0.003723, 0.997070, -0.075684], [0.101685, 0.074829, 0.991943]]",0.994751,"[8226, 8433, 7935, 7629]"
35.577629,"[-0.968750, -0.898438, -1.296875]","[-2.361486, -1.956271, -0.087083]","[-1.149998, -1.029999, -0.423862]","[-0.497994, -0.656194, -0.351956]","[0.099609, -0.072021, -0.010742]","[-0.035767, 0.049988, -0.003632, 0.998108]","[-0.048370, 0.074615, -0.017456, 0.995880]","[-0.037598, -0.173584, 0.098633]","[[0.994934, -0.010864, -0.099487], [0.003662, 0.997375, -0.071777], [0.099976, 0.071045, 0.992432]]",0.994934,"[8118, 8318, 8006, 7688]"
35.610832,"[-1.027344, -0.937500, -1.304688]","[-2.379736, -1.981156, -0.101135]","[-1.429998, -1.249998, -0.424643]","[-0.436060, -0.617594, -0.367386]","[0.096191, -0.069580, -0.010986]","[-0.034424, 0.048309, -0.003906, 0.998230]","[-0.036469, 0.058472, -0.018982, 0.997437]","[0.466309, -0.289062, -0.011719]","[[0.995239, -0.011169, -0.096191], [0.004456, 0.997559, -0.069214], [0.096680, 0.068359, 0.992920]]",0.995239,"[8178, 8372, 7921, 7646]"
35.645985,"[-1.066406, -0.968750, -1.312500]","[-2.395538, -2.004508, -0.115785]","[-1.199999, -1.049997, -0.395880]","[-0.372835, -0.577833, -0.382669]","[0.092773, -0.066406, -0.010986]","[-0.032928, 0.046539, -0.003967, 0.998383]","[-0.045349, 0.067566, -0.018036, 0.996490]","[0.136963, -0.015137, 0.057617]","[[0.995667, -0.011047, -0.092651], [0.004822, 0.997803, -0.066223], [0.093140, 0.065369, 0.993530]]",0.995667,"[8131, 8302, 7967, 7696]"
35.679188,"[-1.109375, -1.019531, -1.316406]","[-2.408848, -2.026285, -0.131028]","[-1.239998, -1.069998, -0.345530]","[-0.308422, -0.536972, -0.397774]","[0.086914, -0.060303, -0.009766]","[-0.029907, 0.043671, -0.003662, 0.998596]","[-0.042389, 0.063477, -0.018402, 0.996887]","[0.266602, -0.658936, 0.000977]","[[0.996155, -0.009949, -0.086975], [0.004700, 0.998169, -0.060120], [0.087341, 0.059387, 0.994385]]",0.996155,"[8137, 8476, 8011, 7583]"
35.712395,"[-1.148438, -1.058594, -1.324219]","[-2.414553, -2.036569, -0.138871]","[-1.479998, -1.279999, -0.337646]","[-0.275805, -0.516149, -0.405251]","[0.084229, -0.059082, -0.009766]","[-0.029297, 0.042297, -0.003632, 0.998657]","[-0.030487, 0.049774, -0.019623, 0.998077]","[0.196533, 0.003906, 0.220459]","[[0.996338, -0.009766, -0.084290], [0.004761, 0.998169, -0.058899], [0.084656, 0.058167, 0.994629]]",0.996338,"[8216, 8412, 7984, 7715]"
35.745598,"[-1.199219, -1.089844, -1.328125]","[-2.424041, -2.055907, -0.154990]","[-1.209997, -1.069998, -0.347683]","[-0.209816, -0.473761, -0.420032]","[0.080078, -0.055420, -0.009277]","[-0.027527, 0.040161, -0.003540, 0.998810]","[-0.039551, 0.059875, -0.018768, 0.997223]","[0.210938, -0.046387, -0.077881]","[[0.996704, -0.009338, -0.080017], [0.004822, 0.998413, -0.055298], [0.080383, 0.054688, 0.995239]]",0.996704,"[8195, 8316, 7992, 7787]"
35.778801,"[-1.250000, -1.136719, -1.339844]","[-2.430933, -2.073568, -0.171681]","[-1.519999, -1.299997, -0.362032]","[-0.142921, -0.430443, -0.434557]","[0.074707, -0.051514, -0.008789]","[-0.025543, 0.037506, -0.003479, 0.998962]","[-0.025970, 0.041809, -0.020081, 0.998566]","[-0.155029, -0.089600, -0.004395]","[[0.997131, -0.008911, -0.074768], [0.005005, 0.998657, -0.051392], [0.075012, 0.050781, 0.995850]]",0.997131,"[8178, 8475, 8024, 7608]"
35.812004,"[-1.289062, -1.167969, -1.343750]","[-2.433395, -2.081763, -0.180240]","[-1.249998, -1.069998, -0.367342]","[-0.109157, -0.408448, -0.441716]","[0.068848, -0.049805, -0.008057]","[-0.024719, 0.034607, -0.003204, 0.999084]","[-0.036133, 0.052002, -0.019257, 0.997803]","[0.221924, -0.368896, 0.072021]","[[0.997559, -0.008179, -0.068970], [0.004639, 0.998718, -0.049683], [0.069214, 0.049194, 0.996338]]",0.997559,"[8241, 8309, 7978, 7778]"
