t,p,p_d,v,v_d,Angles,q,q_sp,w,R,T_sp,rpm
36.242733,"[-0.046875, 0.007812, -1.167969]","[0.000000, 0.000000, -0.000000]","[-0.039999, -0.009998, -0.016636]","[0.000004, 0.000001, -0.000002]","[0.010010, -0.023926, -0.035400]","[-0.011902, 0.005310, -0.017639, 0.999756]","[-0.000336, -0.000732, -0.017181, 0.999847]","[0.069336, -0.088623, -0.173584]","[[0.999268, -0.035461, -0.010193], [0.035095, 0.999023, -0.024048], [0.010925, 0.023560, 0.999634]]",0.999268,"[7946, 7843, 7815, 7922]"
36.26226,"[-0.046875, 0.007812, -1.167969]","[0.000000, 0.000000, -0.000000]","[-0.029999, -0.009998, -0.063427]","[0.000018, 0.000005, -0.000010]","[0.009521, -0.022461, -0.035889]","[-0.011200, 0.004974, -0.017944, 0.999756]","[0.000000, -0.000336, -0.017181, 0.999847]","[0.004639, -0.036377, 0.073486]","[[0.999268, -0.036011, -0.009521], [0.035767, 0.999023, -0.022583], [0.010254, 0.022217, 0.999634]]",0.999268,"[7916, 7859, 7828, 7914]"
36.295464,"[-0.058594, 0.007812, -1.167969]","[0.000001, 0.000000, -0.000001]","[-0.059999, 0.000000, -0.036942]","[0.000056, 0.000015, -0.000032]","[0.005615, -0.021973, -0.037109]","[-0.010956, 0.003021, -0.018555, 0.999756]","[-0.000305, -0.002441, -0.017181, 0.999847]","[-0.035400, 0.010742, -0.118408]","[[0.999207, -0.037231, -0.005615], [0.036987, 0.999023, -0.022034], [0.006348, 0.021790, 0.999695]]",0.999207,"[7943, 7876, 7777, 7875]"
36.328663,"[-0.058594, 0.007812, -1.167969]","[0.000006, 0.000002, -0.000004]","[-0.019999, -0.009998, -0.052946]","[0.000271, 0.000071, -0.000153]","[0.003174, -0.021240, -0.038330]","[-0.010620, 0.001892, -0.019135, 0.999756]","[0.000122, -0.000580, -0.017181, 0.999847]","[0.113037, 0.047363, -0.059814]","[[0.999207, -0.038330, -0.003357], [0.038208, 0.999023, -0.021362], [0.004089, 0.021118, 0.999695]]",0.999207,"[7949, 7842, 7773, 7896]"
36.430225,"[-0.058594, 0.007812, -1.171875]","[0.000122, 0.000032, -0.000069]","[-0.009998, 0.000000, -0.055309]","[0.002721, 0.000712, -0.001540]","[-0.000244, -0.019775, -0.041992]","[-0.009918, 0.000031, -0.021027, 0.999725]","[-0.000214, -0.000244, -0.017181, 0.999847]","[-0.071289, 0.096924, 0.050049]","[[0.999084, -0.042114, 0.000366], [0.041992, 0.998901, -0.019897], [0.000366, 0.019775, 0.999756]]",0.999084,"[7897, 7853, 7798, 7879]"
36.564995,"[-0.058594, 0.007812, -1.171875]","[0.001249, 0.000328, -0.000708]","[0.000000, 0.000000, -0.045933]","[0.016483, 0.004349, -0.009360]","[-0.002930, -0.019287, -0.047119]","[-0.009735, -0.001312, -0.023651, 0.999664]","[-0.000366, 0.000214, -0.017181, 0.999847]","[0.017334, -0.058105, -0.050293]","[[0.998840, -0.047302, 0.003052], [0.047302, 0.998657, -0.019409], [-0.002197, 0.019531, 0.999756]]",0.99884,"[7944, 7872, 7788, 7935]"
36.596249,"[-0.058594, 0.007812, -1.171875]","[0.002032, 0.000535, -0.001153]","[0.000000, 0.009998, -0.046310]","[0.023914, 0.006324, -0.013593]","[-0.003418, -0.019043, -0.048340]","[-0.009613, -0.001556, -0.024170, 0.999634]","[-0.000854, 0.000092, -0.017181, 0.999847]","[0.109863, -0.107178, -0.018799]","[[0.998718, -0.048340, 0.003540], [0.048340, 0.998535, -0.019165], [-0.002686, 0.019287, 0.999695]]",0.998718,"[7939, 7862, 7789, 7948]"
36.633354,"[-0.058594, 0.007812, -1.171875]","[0.003143, 0.000829, -0.001785]","[0.009998, 0.009998, -0.068954]","[0.033310, 0.008831, -0.018953]","[-0.003906, -0.018555, -0.049316]","[-0.009308, -0.001740, -0.024750, 0.999634]","[-0.000854, 0.000580, -0.017181, 0.999847]","[0.075195, -0.096436, -0.020508]","[[0.998657, -0.049500, 0.003906], [0.049500, 0.998535, -0.018555], [-0.003052, 0.018677, 0.999756]]",0.998657,"[7946, 7900, 7807, 7930]"
36.732967,"[-0.058594, 0.007812, -1.171875]","[0.007899, 0.002095, -0.004495]","[0.029999, 0.009998, -0.034124]","[0.066541, 0.017761, -0.037968]","[-0.003906, -0.018555, -0.052002]","[-0.009338, -0.001801, -0.026062, 0.999603]","[-0.000488, 0.001068, -0.017181, 0.999847]","[0.075195, -0.049072, -0.010742]","[[0.998535, -0.052124, 0.004028], [0.052124, 0.998413, -0.018616], [-0.003174, 0.018738, 0.999756]]",0.998535,"[7982, 7914, 7828, 8003]"
36.764214,"[-0.058594, 0.007812, -1.171875]","[0.009280, 0.002464, -0.005284]","[0.019999, 0.019999, -0.061987]","[0.074994, 0.020046, -0.042817]","[-0.004639, -0.018555, -0.052979]","[-0.009369, -0.002167, -0.026550, 0.999603]","[-0.000854, 0.000336, -0.017181, 0.999847]","[0.172607, -0.048096, 0.006836]","[[0.998535, -0.053101, 0.004822], [0.053101, 0.998413, -0.018677], [-0.003845, 0.018799, 0.999817]]",0.998535,"[7978, 7915, 7790, 7977]"
36.79937,"[-0.046875, 0.007812, -1.167969]","[0.012569, 0.003344, -0.007162]","[0.039999, 0.019999, 0.007200]","[0.093798, 0.025147, -0.053620]","[-0.004883, -0.017334, -0.054199]","[-0.008820, -0.002258, -0.027130, 0.999573]","[-0.000854, 0.001678, -0.017181, 0.999847]","[0.074707, -0.006104, -0.056152]","[[0.998413, -0.054260, 0.004944], [0.054260, 0.998291, -0.017517], [-0.004089, 0.017761, 0.999756]]",0.998413,"[7995, 7997, 7863, 8005]"
36.832584,"[-0.046875, 0.007812, -1.164062]","[0.016642, 0.004438, -0.009492]","[0.019999, 0.029999, -0.005884]","[0.115176, 0.030976, -0.065927]","[-0.004395, -0.017578, -0.055176]","[-0.008881, -0.001984, -0.027649, 0.999573]","[-0.001221, 0.000214, -0.017181, 0.999847]","[-0.047852, 0.084229, 0.018799]","[[0.998413, -0.055298, 0.004456], [0.055298, 0.998291, -0.017700], [-0.003479, 0.017822, 0.999817]]",0.998413,"[8025, 7988, 7896, 8054]"
36.865776,"[-0.039062, 0.019531, -1.164062]","[0.019004, 0.005074, -0.010845]","[0.070000, 0.009998, -0.002296]","[0.126837, 0.034167, -0.072650]","[-0.004639, -0.018311, -0.056641]","[-0.009186, -0.002106, -0.028320, 0.999542]","[-0.001007, 0.002777, -0.017181, 0.999847]","[-0.050537, -0.124756, -0.080566]","[[0.998291, -0.056641, 0.004700], [0.056641, 0.998169, -0.018311], [-0.003723, 0.018433, 0.999756]]",0.998291,"[8044, 8004, 7900, 8088]"
36.898979,"[-0.039062, 0.019531, -1.164062]","[0.024444, 0.006542, -0.013963]","[0.049999, 0.029999, -0.019829]","[0.152094, 0.041108, -0.087240]","[-0.004639, -0.017578, -0.058105]","[-0.008942, -0.002167, -0.029053, 0.999512]","[-0.001831, 0.001526, -0.017181, 0.999847]","[0.059326, 0.112793, -0.007080]","[[0.998169, -0.058105, 0.004822], [0.058105, 0.998047, -0.017761], [-0.003845, 0.018005, 0.999695]]",0.998169,"[8066, 8030, 7891, 8052]"
36.934135,"[-0.039062, 0.019531, -1.167969]","[0.030919, 0.008295, -0.017680]","[0.049999, 0.019999, -0.036880]","[0.179887, 0.048791, -0.103334]","[-0.004639, -0.018311, -0.060059]","[-0.009216, -0.002045, -0.030029, 0.999481]","[-0.001221, 0.001190, -0.017181, 0.999847]","[0.073242, -0.152832, -0.104492]","[[0.998047, -0.060059, 0.004639], [0.060059, 0.997925, -0.018311], [-0.003540, 0.018555, 0.999695]]",0.998047,"[8071, 8039, 7924, 8114]"
36.967339,"[-0.039062, 0.019531, -1.167969]","[0.038529, 0.010363, -0.022055]","[0.070000, 0.029999, -0.052832]","[0.210148, 0.057208, -0.120902]","[-0.002686, -0.020020, -0.061523]","[-0.010071, -0.001129, -0.030762, 0.999481]","[-0.001587, 0.001434, -0.017181, 0.999847]","[-0.284668, 0.418945, 0.009277]","[[0.998108, -0.061523, 0.002869], [0.061523, 0.997925, -0.020081], [-0.001648, 0.020203, 0.999817]]",0.998108,"[8056, 7981, 7925, 8133]"
37.000542,"[-0.039062, 0.019531, -1.171875]","[0.042788, 0.011524, -0.024506]","[0.059999, 0.029999, -0.092705]","[0.226166, 0.061685, -0.130222]","[-0.003662, -0.018799, -0.062988]","[-0.009521, -0.001587, -0.031586, 0.999451]","[-0.001465, 0.000458, -0.017181, 0.999847]","[0.194580, -0.538086, -0.104492]","[[0.997925, -0.063171, 0.003723], [0.063171, 0.997803, -0.018982], [-0.002625, 0.019104, 0.999756]]",0.997925,"[8043, 8030, 7928, 8119]"
37.033745,"[-0.039062, 0.019531, -1.175781]","[0.052276, 0.014116, -0.029973]","[0.070000, 0.039999, -0.127636]","[0.259907, 0.071168, -0.149898]","[-0.003906, -0.019287, -0.064453]","[-0.009674, -0.001678, -0.032227, 0.999420]","[-0.001709, 0.000092, -0.017181, 0.999847]","[-0.206543, 0.384277, -0.017822]","[[0.997864, -0.064453, 0.003967], [0.064453, 0.997681, -0.019287], [-0.002747, 0.019409, 0.999756]]",0.997864,"[8054, 8070, 7938, 8095]"
37.066948,"[-0.027344, 0.019531, -1.175781]","[0.063121, 0.017092, -0.036234]","[0.089998, 0.039999, -0.150049]","[0.295765, 0.081323, -0.170876]","[-0.003418, -0.019531, -0.065674]","[-0.009888, -0.001495, -0.032837, 0.999420]","[-0.001343, 0.000946, -0.017181, 0.999847]","[0.050781, -0.224854, -0.075195]","[[0.997864, -0.065674, 0.003601], [0.065674, 0.997681, -0.019714], [-0.002380, 0.019836, 0.999817]]",0.997864,"[8057, 8031, 7920, 8157]"
37.135303,"[-0.027344, 0.027344, -1.179688]","[0.082113, 0.022332, -0.047222]","[0.109999, 0.049999, -0.174618]","[0.353123, 0.097737, -0.204583]","[-0.004395, -0.019287, -0.068604]","[-0.009796, -0.001862, -0.034332, 0.999359]","[-0.002075, 0.000183, -0.017181, 0.999847]","[0.145020, -0.131592, -0.074219]","[[0.997620, -0.068665, 0.004395], [0.068665, 0.997437, -0.019470], [-0.003052, 0.019714, 0.999756]]",0.99762,"[8102, 8088, 7933, 8182]"
37.16851,"[-0.019531, 0.027344, -1.183594]","[0.096690, 0.026376, -0.055676]","[0.089998, 0.039999, -0.183626]","[0.393411, 0.109399, -0.228375]","[-0.003418, -0.020508, -0.069824]","[-0.010376, -0.001434, -0.034882, 0.999329]","[-0.001312, -0.001343, -0.017212, 0.999847]","[-0.114990, 0.025635, -0.008789]","[[0.997498, -0.069763, 0.003540], [0.069763, 0.997314, -0.020691], [-0.002197, 0.020813, 0.999695]]",0.997498,"[8102, 8052, 7966, 8195]"
37.234917,"[-0.007812, 0.027344, -1.191406]","[0.121568, 0.033320, -0.070140]","[0.099998, 0.070000, -0.214849]","[0.456274, 0.127832, -0.265707]","[-0.003906, -0.020264, -0.072021]","[-0.010193, -0.001587, -0.036072, 0.999298]","[-0.002014, -0.002716, -0.017212, 0.999817]","[0.021484, 0.035156, 0.006104]","[[0.997375, -0.072144, 0.003906], [0.072144, 0.997192, -0.020325], [-0.002441, 0.020447, 0.999756]]",0.997375,"[8130, 8083, 8000, 8225]"
37.26812,"[-0.007812, 0.027344, -1.195312]","[0.140233, 0.038564, -0.081022]","[0.129999, 0.049999, -0.221128]","[0.499420, 0.140665, -0.291488]","[-0.004883, -0.019775, -0.073242]","[-0.009979, -0.002106, -0.036621, 0.999268]","[-0.000549, -0.002686, -0.017212, 0.999847]","[-0.079346, -0.011475, -0.056152]","[[0.997253, -0.073242, 0.004883], [0.073242, 0.997070, -0.019836], [-0.003540, 0.020081, 0.999695]]",0.997253,"[8127, 8141, 8029, 8185]"
37.303272,"[0.000000, 0.039062, -1.199219]","[0.160595, 0.044315, -0.092921]","[0.150000, 0.049999, -0.249966]","[0.543202, 0.153855, -0.317796]","[-0.005615, -0.020264, -0.074463]","[-0.010223, -0.002533, -0.037292, 0.999237]","[-0.000916, -0.002563, -0.017212, 0.999847]","[0.020996, -0.238525, -0.041260]","[[0.997131, -0.074585, 0.005798], [0.074585, 0.996948, -0.020264], [-0.004333, 0.020630, 0.999695]]",0.997131,"[8144, 8110, 8011, 8248]"
37.336483,"[0.000000, 0.039062, -1.207031]","[0.182677, 0.050588, -0.105856]","[0.119999, 0.039999, -0.269310]","[0.587325, 0.167334, -0.344473]","[-0.005859, -0.019775, -0.075928]","[-0.010071, -0.002625, -0.037933, 0.999207]","[0.000092, -0.005585, -0.017181, 0.999817]","[0.007080, 0.200195, -0.030029]","[[0.997009, -0.075867, 0.005981], [0.075867, 0.996826, -0.019958], [-0.004517, 0.020325, 0.999695]]",0.997009,"[8161, 8160, 8028, 8243]"
37.369678,"[0.000000, 0.039062, -1.210938]","[0.194362, 0.053922, -0.112714]","[0.160000, 0.059999, -0.311422]","[0.609407, 0.174158, -0.357892]","[-0.007568, -0.018555, -0.077148]","[-0.009399, -0.003448, -0.038635, 0.999207]","[-0.000519, -0.005249, -0.017212, 0.999817]","[0.030518, -0.134277, 0.008789]","[[0.996948, -0.077148, 0.007568], [0.077271, 0.996826, -0.018555], [-0.006226, 0.019043, 0.999756]]",0.996948,"[8121, 8158, 8027, 8253]"
37.404839,"[0.007812, 0.039062, -1.222656]","[0.219028, 0.060994, -0.127219]","[0.109999, 0.059999, -0.345255]","[0.653439, 0.187936, -0.384798]","[-0.008301, -0.018066, -0.079102]","[-0.009247, -0.003815, -0.039612, 0.999146]","[0.000153, -0.009125, -0.017181, 0.999786]","[0.015137, 0.016602, 0.027832]","[[0.996704, -0.079102, 0.008362], [0.079224, 0.996582, -0.018250], [-0.006897, 0.018738, 0.999695]]",0.996704,"[8127, 8157, 8022, 8258]"
37.438042,"[0.019531, 0.039062, -1.226562]","[0.245406, 0.068606, -0.142775]","[0.179998, 0.039999, -0.338026]","[0.697015, 0.201822, -0.411643]","[-0.009033, -0.017822, -0.081299]","[-0.009094, -0.004242, -0.040741, 0.999115]","[0.001678, -0.006805, -0.017181, 0.999817]","[0.041748, -0.349365, -0.143799]","[[0.996582, -0.081360, 0.009216], [0.081482, 0.996460, -0.017883], [-0.007751, 0.018494, 0.999756]]",0.996582,"[8116, 8128, 8062, 8294]"
37.471241,"[0.019531, 0.046875, -1.234375]","[0.259227, 0.072615, -0.150944]","[0.179998, 0.070000, -0.361862]","[0.718528, 0.208780, -0.424986]","[-0.010254, -0.018555, -0.083252]","[-0.009491, -0.004822, -0.041687, 0.999054]","[0.000397, -0.008881, -0.017181, 0.999786]","[-0.020020, 0.146973, 0.016602]","[[0.996338, -0.083252, 0.010376], [0.083374, 0.996216, -0.018616], [-0.008911, 0.019348, 0.999634]]",0.996338,"[8194, 8168, 8029, 8308]"
37.504448,"[0.027344, 0.046875, -1.242188]","[0.288127, 0.081043, -0.168064]","[0.160000, 0.049999, -0.396847]","[0.760827, 0.222690, -0.451419]","[-0.012695, -0.017822, -0.085449]","[-0.009247, -0.005981, -0.042786, 0.999023]","[0.001770, -0.011444, -0.017181, 0.999756]","[0.094482, -0.267334, -0.100830]","[[0.996216, -0.085449, 0.012695], [0.085571, 0.996155, -0.018005], [-0.011230, 0.018982, 0.999695]]",0.996216,"[8172, 8186, 8056, 8315]"
37.537655,"[0.027344, 0.046875, -1.250000]","[0.318656, 0.090013, -0.186208]","[0.219999, 0.070000, -0.408203]","[0.801880, 0.236523, -0.477361]","[-0.013184, -0.017822, -0.086914]","[-0.009216, -0.006256, -0.043549, 0.998962]","[0.001495, -0.010590, -0.017181, 0.999786]","[-0.242676, 0.248535, -0.016602]","[[0.995972, -0.086975, 0.013306], [0.087097, 0.995911, -0.017944], [-0.011719, 0.018921, 0.999634]]",0.995972,"[8154, 8186, 8037, 8337]"
37.572823,"[0.039062, 0.058594, -1.265625]","[0.350754, 0.099519, -0.205349]","[0.179998, 0.070000, -0.449093]","[0.841372, 0.250202, -0.502641]","[-0.015137, -0.016113, -0.088623]","[-0.008392, -0.007202, -0.044373, 0.998932]","[0.001587, -0.014252, -0.017181, 0.999725]","[-0.164551, 0.265625, -0.007080]","[[0.995850, -0.088623, 0.015137], [0.088745, 0.995789, -0.016174], [-0.013672, 0.017395, 0.999634]]",0.99585,"[8149, 8204, 8045, 8307]"
37.606007,"[0.046875, 0.058594, -1.277344]","[0.367370, 0.104471, -0.215285]","[0.179998, 0.080000, -0.515469]","[0.860441, 0.256963, -0.514981]","[-0.016357, -0.015625, -0.089844]","[-0.008240, -0.007904, -0.044952, 0.998901]","[0.001709, -0.015961, -0.017151, 0.999695]","[0.151367, -0.233887, -0.059814]","[[0.995728, -0.089722, 0.016541], [0.089966, 0.995728, -0.015808], [-0.015076, 0.017151, 0.999634]]",0.995728,"[8144, 8163, 8042, 8356]"
37.639214,"[0.046875, 0.058594, -1.289062]","[0.401703, 0.114770, -0.235874]","[0.219999, 0.080000, -0.539488]","[0.897058, 0.270286, -0.538972]","[-0.018066, -0.015137, -0.090820]","[-0.008026, -0.008698, -0.045502, 0.998871]","[0.002716, -0.016418, -0.017151, 0.999695]","[-0.126221, 0.070801, -0.009766]","[[0.995605, -0.090820, 0.018066], [0.091064, 0.995605, -0.015320], [-0.016724, 0.016785, 0.999573]]",0.995605,"[8107, 8162, 8032, 8302]"
37.672421,"[0.058594, 0.058594, -1.300781]","[0.437427, 0.125584, -0.257381]","[0.209999, 0.070000, -0.559925]","[0.931413, 0.283288, -0.561914]","[-0.020020, -0.014648, -0.091797]","[-0.007782, -0.009735, -0.045959, 0.998840]","[0.003967, -0.018707, -0.017120, 0.999664]","[0.135498, -0.105957, -0.063965]","[[0.995422, -0.091736, 0.020142], [0.091980, 0.995544, -0.014709], [-0.018799, 0.016418, 0.999573]]",0.995422,"[8120, 8157, 8024, 8306]"
37.705635,"[0.066406, 0.066406, -1.312500]","[0.455778, 0.131179, -0.268464]","[0.269999, 0.089998, -0.598804]","[0.947655, 0.289648, -0.572943]","[-0.021729, -0.013916, -0.092529]","[-0.007507, -0.010529, -0.046387, 0.998840]","[0.003113, -0.018005, -0.017120, 0.999664]","[-0.044922, -0.066406, 0.042725]","[[0.995422, -0.092590, 0.021729], [0.092834, 0.995544, -0.014038], [-0.020386, 0.015991, 0.999634]]",0.995422,"[8118, 8120, 8030, 8289]"
37.740772,"[0.078125, 0.066406, -1.328125]","[0.493404, 0.142739, -0.291263]","[0.219999, 0.080000, -0.607258]","[0.978126, 0.302045, -0.594035]","[-0.023193, -0.012695, -0.093262]","[-0.006927, -0.011383, -0.046692, 0.998810]","[0.004639, -0.022369, -0.017090, 0.999573]","[0.079102, 0.094971, -0.018311]","[[0.995300, -0.093201, 0.023376], [0.093445, 0.995483, -0.012817], [-0.022156, 0.014893, 0.999573]]",0.9953,"[8099, 8125, 8047, 8259]"
37.773983,"[0.089844, 0.066406, -1.339844]","[0.532157, 0.154770, -0.314855]","[0.240000, 0.080000, -0.602108]","[1.005705, 0.313963, -0.613725]","[-0.025146, -0.011963, -0.093750]","[-0.006622, -0.012329, -0.046936, 0.998810]","[0.005402, -0.023468, -0.017059, 0.999542]","[-0.067627, -0.133057, -0.046387]","[[0.995300, -0.093689, 0.025269], [0.093933, 0.995483, -0.012146], [-0.024048, 0.014343, 0.999634]]",0.9953,"[8092, 8105, 8029, 8290]"
37.807186,"[0.089844, 0.078125, -1.351562]","[0.571926, 0.167257, -0.339185]","[0.289999, 0.099998, -0.655121]","[1.030191, 0.325349, -0.631896]","[-0.027832, -0.010742, -0.094238]","[-0.006073, -0.013641, -0.047211, 0.998779]","[0.004547, -0.023712, -0.017059, 0.999542]","[0.172607, -0.079346, -0.018311]","[[0.995178, -0.094238, 0.027832], [0.094482, 0.995483, -0.010864], [-0.026733, 0.013428, 0.999573]]",0.995178,"[8121, 8116, 8001, 8301]"
37.840385,"[0.097656, 0.078125, -1.367188]","[0.592157, 0.173666, -0.351611]","[0.289999, 0.089998, -0.661812]","[1.041211, 0.330828, -0.640377]","[-0.030029, -0.009277, -0.094727]","[-0.005371, -0.014862, -0.047394, 0.998779]","[0.005920, -0.025757, -0.017029, 0.999481]","[-0.080322, 0.062012, -0.028320]","[[0.995117, -0.094604, 0.030212], [0.094849, 0.995544, -0.009338], [-0.029236, 0.012146, 0.999573]]",0.995117,"[8092, 8133, 8011, 8240]"
37.873589,"[0.117188, 0.089844, -1.382812]","[0.633229, 0.186799, -0.376943]","[0.329998, 0.119999, -0.703575]","[1.060699, 0.341326, -0.656069]","[-0.032227, -0.009033, -0.095459]","[-0.005249, -0.015961, -0.047760, 0.998718]","[0.004700, -0.025665, -0.017059, 0.999512]","[0.115234, -0.051025, -0.003418]","[[0.994873, -0.095276, 0.032410], [0.095520, 0.995361, -0.009033], [-0.031433, 0.011963, 0.999390]]",0.994873,"[8079, 8096, 7983, 8272]"
37.906792,"[0.128906, 0.089844, -1.394531]","[0.674983, 0.200325, -0.402846]","[0.299999, 0.089998, -0.697384]","[1.076647, 0.351171, -0.669983]","[-0.033447, -0.009277, -0.095947]","[-0.005493, -0.016510, -0.048035, 0.998718]","[0.007202, -0.028900, -0.016968, 0.999390]","[-0.145264, -0.011719, -0.021484]","[[0.994873, -0.095825, 0.033508], [0.096069, 0.995361, -0.009460], [-0.032532, 0.012512, 0.999451]]",0.994873,"[8068, 8053, 7997, 8266]"
37.939995,"[0.128906, 0.089844, -1.410156]","[0.696072, 0.207228, -0.415991]","[0.289999, 0.099998, -0.731180]","[1.083254, 0.355838, -0.676249]","[-0.035400, -0.008545, -0.096436]","[-0.005188, -0.017548, -0.048279, 0.998688]","[0.007477, -0.032196, -0.016937, 0.999298]","[0.176514, -0.103271, -0.033203]","[[0.994751, -0.096313, 0.035583], [0.096558, 0.995361, -0.008728], [-0.034607, 0.012024, 0.999390]]",0.994751,"[8043, 8046, 7979, 8295]"
37.973202,"[0.148438, 0.097656, -1.425781]","[0.738611, 0.221305, -0.442635]","[0.379999, 0.129999, -0.743496]","[1.093651, 0.364640, -0.687354]","[-0.037109, -0.008301, -0.096191]","[-0.005035, -0.018402, -0.048248, 0.998657]","[0.006470, -0.029663, -0.016968, 0.999390]","[-0.097900, 0.144531, 0.046387]","[[0.994629, -0.096191, 0.037231], [0.096558, 0.995300, -0.008301], [-0.036377, 0.011841, 0.999268]]",0.994629,"[7996, 8026, 7958, 8292]"
38.006405,"[0.156250, 0.097656, -1.441406]","[0.781464, 0.235706, -0.469664]","[0.309999, 0.119999, -0.774851]","[1.100219, 0.372701, -0.696504]","[-0.041260, -0.007080, -0.096680]","[-0.004517, -0.020447, -0.048401, 0.998627]","[0.007904, -0.035370, -0.016876, 0.999176]","[0.144531, -0.288330, -0.137939]","[[0.994507, -0.096497, 0.041321], [0.096863, 0.995300, -0.007080], [-0.040466, 0.010986, 0.999146]]",0.994507,"[8043, 8059, 7926, 8223]"
38.041553,"[0.179688, 0.109375, -1.460938]","[0.824504, 0.250409, -0.497018]","[0.419998, 0.150000, -0.827013]","[1.102877, 0.380000, -0.703645]","[-0.042969, -0.006348, -0.096680]","[-0.004181, -0.021393, -0.048370, 0.998566]","[0.006989, -0.031616, -0.016937, 0.999329]","[0.013672, -0.260742, -0.002930]","[[0.994263, -0.096497, 0.043091], [0.096741, 0.995117, -0.006348], [-0.042358, 0.010376, 0.998901]]",0.994263,"[7994, 8013, 7941, 8227]"
38.074768,"[0.179688, 0.109375, -1.476562]","[0.846047, 0.257864, -0.510789]","[0.349998, 0.119999, -0.821909]","[1.102718, 0.383357, -0.706450]","[-0.045654, -0.005127, -0.096924]","[-0.003723, -0.022705, -0.048553, 0.998535]","[0.009521, -0.037781, -0.016785, 0.999084]","[0.079102, -0.137695, -0.069824]","[[0.994141, -0.096863, 0.045654], [0.097107, 0.995117, -0.005249], [-0.045044, 0.009644, 0.998840]]",0.994141,"[7974, 7993, 7873, 8135]"
38.10796,"[0.187500, 0.117188, -1.492188]","[0.889075, 0.272963, -0.538474]","[0.359999, 0.129999, -0.850578]","[1.099405, 0.389468, -0.710507]","[-0.045898, -0.005371, -0.096924]","[-0.003876, -0.022858, -0.048462, 0.998535]","[0.009552, -0.039734, -0.016785, 0.998993]","[-0.064453, 0.134521, 0.087891]","[[0.994141, -0.096680, 0.046021], [0.096924, 0.995178, -0.005554], [-0.045288, 0.009949, 0.998779]]",0.994141,"[7944, 7912, 7901, 8195]"
38.141167,"[0.207031, 0.117188, -1.507812]","[0.931898, 0.288286, -0.566279]","[0.489998, 0.150000, -0.842468]","[1.092092, 0.394771, -0.712485]","[-0.048340, -0.005371, -0.097168]","[-0.003876, -0.024048, -0.048645, 0.998535]","[0.009369, -0.034973, -0.016846, 0.999176]","[0.070068, -0.305420, -0.062988]","[[0.994141, -0.096985, 0.048401], [0.097351, 0.995239, -0.005432], [-0.047668, 0.010071, 0.998840]]",0.994141,"[7940, 7895, 7902, 8226]"
38.178276,"[0.226562, 0.128906, -1.531250]","[0.974337, 0.303792, -0.594107]","[0.400000, 0.150000, -0.911921]","[1.080771, 0.399250, -0.712360]","[-0.051758, -0.003662, -0.097168]","[-0.003113, -0.025818, -0.048615, 0.998474]","[0.009949, -0.041199, -0.016754, 0.998932]","[0.059326, -0.310059, -0.016602]","[[0.993896, -0.096985, 0.051819], [0.097229, 0.995178, -0.003723], [-0.051331, 0.008728, 0.998596]]",0.993896,"[7951, 7944, 7834, 8128]"
38.209522,"[0.238281, 0.128906, -1.546875]","[0.995378, 0.311609, -0.608013]","[0.519999, 0.169998, -0.907877]","[1.073612, 0.401180, -0.711513]","[-0.054443, -0.001953, -0.096680]","[-0.002289, -0.027161, -0.048431, 0.998474]","[0.009888, -0.037170, -0.016785, 0.999115]","[0.182861, -0.609863, -0.012939]","[[0.993896, -0.096619, 0.054443], [0.096863, 0.995361, -0.001953], [-0.054077, 0.007202, 0.998535]]",0.993896,"[7853, 7879, 7825, 8141]"
38.242725,"[0.257812, 0.136719, -1.562500]","[1.036992, 0.327346, -0.635749]","[0.449999, 0.150000, -0.872696]","[1.056313, 0.404419, -0.708246]","[-0.055420, -0.001465, -0.096436]","[-0.002075, -0.027740, -0.048248, 0.998444]","[0.011566, -0.042145, -0.016663, 0.998901]","[-0.004395, 0.264160, 0.011963]","[[0.993774, -0.096313, 0.055603], [0.096436, 0.995300, -0.001526], [-0.055237, 0.006775, 0.998413]]",0.993774,"[7930, 7873, 7794, 8049]"
38.275932,"[0.277344, 0.136719, -1.582031]","[1.077854, 0.343194, -0.663318]","[0.469999, 0.150000, -0.878469]","[1.035091, 0.406823, -0.702885]","[-0.055908, -0.000977, -0.095947]","[-0.001892, -0.027985, -0.047974, 0.998444]","[0.012421, -0.042236, -0.016632, 0.998871]","[-0.054932, 0.033936, 0.084229]","[[0.993774, -0.095764, 0.056030], [0.095886, 0.995300, -0.001160], [-0.055786, 0.006409, 0.998352]]",0.993774,"[7860, 7830, 7822, 8107]"
38.311092,"[0.289062, 0.148438, -1.597656]","[1.097953, 0.351149, -0.677013]","[0.579998, 0.189999, -0.877840]","[1.023024, 0.407716, -0.699437]","[-0.057617, 0.000000, -0.095459]","[-0.001282, -0.028809, -0.047699, 0.998444]","[0.010895, -0.038971, -0.016724, 0.999023]","[-0.014648, -0.044189, 0.014404]","[[0.993774, -0.095215, 0.057678], [0.095337, 0.995422, 0.000183], [-0.057434, 0.005310, 0.998291]]",0.993774,"[7838, 7808, 7791, 8102]"
38.344288,"[0.308594, 0.148438, -1.609375]","[1.137399, 0.367101, -0.704179]","[0.519999, 0.160000, -0.867680]","[0.996047, 0.408884, -0.691005]","[-0.059326, 0.000488, -0.094482]","[-0.001160, -0.029724, -0.047272, 0.998444]","[0.013397, -0.042969, -0.016571, 0.998840]","[-0.020020, 0.014648, 0.088867]","[[0.993774, -0.094360, 0.059448], [0.094482, 0.995483, 0.000488], [-0.059326, 0.005127, 0.998230]]",0.993774,"[7890, 7802, 7759, 8031]"
38.377491,"[0.339844, 0.156250, -1.625000]","[1.175720, 0.383083, -0.730974]","[0.619999, 0.219999, -0.847063]","[0.965306, 0.409234, -0.680553]","[-0.059570, 0.001709, -0.094238]","[-0.000519, -0.029846, -0.047028, 0.998444]","[0.010773, -0.038727, -0.016754, 0.999023]","[-0.031738, 0.029541, -0.007080]","[[0.993774, -0.093933, 0.059631], [0.093933, 0.995544, 0.001709], [-0.059631, 0.003784, 0.998169]]",0.993774,"[7806, 7788, 7786, 8080]"
38.410698,"[0.347656, 0.167969, -1.640625]","[1.212772, 0.399064, -0.757324]","[0.539999, 0.179998, -0.890396]","[0.930926, 0.408769, -0.668116]","[-0.060303, 0.002686, -0.093506]","[0.000000, -0.030212, -0.046692, 0.998474]","[0.013184, -0.044434, -0.016571, 0.998779]","[0.315186, -0.246338, -0.005615]","[[0.993896, -0.093262, 0.060364], [0.093262, 0.995667, 0.002808], [-0.060364, 0.002808, 0.998230]]",0.993896,"[7822, 7756, 7748, 8041]"
38.443916,"[0.367188, 0.167969, -1.656250]","[1.230772, 0.407039, -0.770302]","[0.579998, 0.169998, -0.857420]","[0.912402, 0.408237, -0.661169]","[-0.060059, 0.003418, -0.092529]","[0.000458, -0.030121, -0.046173, 0.998474]","[0.014740, -0.043060, -0.016510, 0.998810]","[-0.192139, 0.327637, 0.050537]","[[0.993896, -0.092285, 0.060120], [0.092163, 0.995667, 0.003601], [-0.060242, 0.001892, 0.998108]]",0.993896,"[7775, 7745, 7759, 8052]"
38.477104,"[0.398438, 0.179688, -1.671875]","[1.265650, 0.422958, -0.795835]","[0.689999, 0.240000, -0.875509]","[0.872781, 0.406586, -0.645851]","[-0.060303, 0.005127, -0.091309]","[0.001251, -0.030334, -0.045593, 0.998505]","[0.011475, -0.038116, -0.016724, 0.999054]","[0.075195, -0.160156, 0.059082]","[[0.994019, -0.091187, 0.060486], [0.090942, 0.995850, 0.005188], [-0.060730, 0.000305, 0.998169]]",0.994019,"[7756, 7732, 7768, 8013]"
38.510307,"[0.417969, 0.187500, -1.683594]","[1.298918, 0.438796, -0.820736]","[0.599998, 0.199999, -0.831490]","[0.829815, 0.404158, -0.628676]","[-0.060547, 0.006104, -0.090332]","[0.001740, -0.030457, -0.045044, 0.998505]","[0.014130, -0.043213, -0.016541, 0.998810]","[0.074707, -0.002686, -0.038086]","[[0.994019, -0.090088, 0.060669], [0.089844, 0.995850, 0.006104], [-0.061035, -0.000732, 0.998047]]",0.994019,"[7770, 7754, 7723, 7963]"
38.54351,"[0.437500, 0.199219, -1.695312]","[1.314900, 0.446674, -0.832923]","[0.749998, 0.259998, -0.818262]","[0.807112, 0.402656, -0.619426]","[-0.059082, 0.005127, -0.088867]","[0.001343, -0.029694, -0.044312, 0.998566]","[0.011475, -0.036652, -0.016754, 0.999115]","[-0.054199, 0.056152, 0.078857]","[[0.994263, -0.088623, 0.059204], [0.088379, 0.995972, 0.005249], [-0.059448, 0.000000, 0.998169]]",0.994263,"[7762, 7638, 7738, 8040]"
38.578663,"[0.457031, 0.199219, -1.710938]","[1.345512, 0.462340, -0.856745]","[0.669998, 0.209999, -0.801102]","[0.759325, 0.399087, -0.599552]","[-0.057617, 0.006348, -0.087646]","[0.001984, -0.028961, -0.043732, 0.998627]","[0.014709, -0.040863, -0.016541, 0.998901]","[-0.112793, 0.176025, 0.015625]","[[0.994507, -0.087524, 0.057678], [0.087280, 0.996155, 0.006409], [-0.058044, -0.001404, 0.998291]]",0.994507,"[7707, 7683, 7741, 7946]"
38.611866,"[0.488281, 0.207031, -1.718750]","[1.374183, 0.477844, -0.879742]","[0.659998, 0.219999, -0.769035]","[0.708586, 0.394792, -0.578003]","[-0.056396, 0.005371, -0.086182]","[0.001526, -0.028381, -0.043060, 0.998688]","[0.014709, -0.041107, -0.016541, 0.998901]","[0.223877, -0.353271, -0.017822]","[[0.994751, -0.086182, 0.056519], [0.085938, 0.996338, 0.005432], [-0.056885, -0.000549, 0.998413]]",0.994751,"[7738, 7599, 7732, 8033]"
38.645069,"[0.519531, 0.226562, -1.734375]","[1.400826, 0.493171, -0.901875]","[0.809998, 0.279999, -0.797646]","[0.654957, 0.389774, -0.554772]","[-0.055420, 0.008301, -0.084961]","[0.003021, -0.027985, -0.042328, 0.998718]","[0.011658, -0.033234, -0.016785, 0.999237]","[-0.002441, 0.381836, 0.060791]","[[0.994873, -0.084778, 0.055603], [0.084412, 0.996399, 0.008301], [-0.056213, -0.003662, 0.998413]]",0.994873,"[7655, 7663, 7735, 7949]"
38.678272,"[0.539062, 0.226562, -1.746094]","[1.413339, 0.500755, -0.912589]","[0.699999, 0.240000, -0.721300]","[0.627129, 0.387004, -0.542575]","[-0.052979, 0.008545, -0.083008]","[0.003265, -0.026764, -0.041412, 0.998749]","[0.014435, -0.038788, -0.016602, 0.998993]","[-0.098877, 0.435059, 0.155029]","[[0.994995, -0.082947, 0.053162], [0.082581, 0.996399, 0.008667], [-0.053772, -0.004272, 0.998413]]",0.994995,"[7685, 7641, 7698, 7883]"
38.711475,"[0.566406, 0.238281, -1.753906]","[1.436728, 0.515758, -0.933292]","[0.859999, 0.299999, -0.711189]","[0.569500, 0.380945, -0.516984]","[-0.050781, 0.009033, -0.081543]","[0.003601, -0.025574, -0.040680, 0.998840]","[0.011475, -0.030426, -0.016815, 0.999298]","[-0.060059, -0.136719, 0.031494]","[[0.995361, -0.081543, 0.050842], [0.081055, 0.996643, 0.009216], [-0.051453, -0.005066, 0.998657]]",0.995361,"[7631, 7602, 7761, 7973]"
38.746635,"[0.597656, 0.250000, -1.761719]","[1.457807, 0.530508, -0.952960]","[0.739998, 0.249998, -0.635828]","[0.509455, 0.374233, -0.489959]","[-0.048340, 0.009033, -0.080078]","[0.003693, -0.024353, -0.040009, 0.998901]","[0.014252, -0.035278, -0.016663, 0.999115]","[0.163086, 0.221680, 0.041504]","[[0.995605, -0.080139, 0.048401], [0.079773, 0.996765, 0.009216], [-0.049011, -0.005432, 0.998779]]",0.995605,"[7699, 7607, 7697, 7929]"
38.779842,"[0.617188, 0.257812, -1.773438]","[1.467453, 0.537783, -0.962388]","[0.739998, 0.259998, -0.603626]","[0.478521, 0.370630, -0.475902]","[-0.045166, 0.010254, -0.079102]","[0.004364, -0.022827, -0.039429, 0.998962]","[0.014130, -0.034912, -0.016663, 0.999146]","[-0.041260, 0.171143, 0.110840]","[[0.995850, -0.079041, 0.045288], [0.078552, 0.996887, 0.010437], [-0.046021, -0.006897, 0.998901]]",0.99585,"[7624, 7602, 7780, 7959]"
38.813057,"[0.648438, 0.269531, -1.781250]","[1.484912, 0.552111, -0.980415]","[0.919998, 0.329998, -0.570534]","[0.415026, 0.362947, -0.446759]","[-0.042236, 0.009766, -0.078125]","[0.004181, -0.021332, -0.038940, 0.999023]","[0.010651, -0.025085, -0.016907, 0.999481]","[-0.046387, 0.231689, 0.057129]","[[0.996094, -0.078003, 0.042297], [0.077637, 0.996948, 0.009949], [-0.043030, -0.006653, 0.999084]]",0.996094,"[7645, 7532, 7733, 7977]"
38.846249,"[0.679688, 0.277344, -1.789062]","[1.499845, 0.566129, -0.997274]","[0.769999, 0.289999, -0.539806]","[0.349527, 0.354671, -0.416346]","[-0.040039, 0.011475, -0.077393]","[0.005035, -0.020233, -0.038544, 0.999054]","[0.013184, -0.030884, -0.016754, 0.999268]","[-0.021729, -0.031250, 0.018066]","[[0.996216, -0.077271, 0.040039], [0.076782, 0.997009, 0.011536], [-0.040894, -0.008484, 0.999146]]",0.996216,"[7626, 7645, 7774, 7897]"
38.879452,"[0.707031, 0.289062, -1.796875]","[1.512200, 0.579816, -1.012930]","[0.959999, 0.339998, -0.514492]","[0.282104, 0.345788, -0.384687]","[-0.035156, 0.010254, -0.076172]","[0.004547, -0.017822, -0.038055, 0.999115]","[0.010712, -0.020203, -0.016968, 0.999573]","[0.053223, 0.166992, -0.030518]","[[0.996460, -0.076233, 0.035278], [0.075867, 0.997070, 0.010376], [-0.036011, -0.007690, 0.999329]]",0.99646,"[7609, 7534, 7764, 8013]"
38.912655,"[0.726562, 0.308594, -1.804688]","[1.517367, 0.586523, -1.020277]","[0.779999, 0.320000, -0.527369]","[0.247787, 0.341148, -0.368423]","[-0.030762, 0.008789, -0.075439]","[0.003937, -0.015533, -0.037628, 0.999176]","[0.011200, -0.027985, -0.016876, 0.999390]","[0.076660, 0.010986, -0.011963]","[[0.996704, -0.075378, 0.030762], [0.075012, 0.997131, 0.008972], [-0.031372, -0.006653, 0.999512]]",0.996704,"[7634, 7544, 7723, 7971]"
38.945854,"[0.757812, 0.316406, -1.808594]","[1.525711, 0.599663, -1.034041]","[0.809998, 0.309999, -0.426682]","[0.178032, 0.331466, -0.335171]","[-0.026611, 0.008789, -0.074951]","[0.003998, -0.013489, -0.037384, 0.999207]","[0.011871, -0.024567, -0.016876, 0.999481]","[0.135742, 0.266357, 0.049072]","[[0.996826, -0.074890, 0.026672], [0.074646, 0.997131, 0.008911], [-0.027283, -0.006958, 0.999573]]",0.996826,"[7591, 7518, 7734, 7985]"
38.98103,"[0.789062, 0.328125, -1.812500]","[1.531267, 0.612416, -1.046460]","[0.999998, 0.369999, -0.426323]","[0.106903, 0.321284, -0.300907]","[-0.021729, 0.008545, -0.073242]","[0.003906, -0.011017, -0.036530, 0.999268]","[0.008759, -0.013397, -0.017059, 0.999725]","[0.126709, -0.402588, 0.012451]","[[0.997070, -0.073181, 0.021729], [0.072937, 0.997253, 0.008545], [-0.022339, -0.006958, 0.999695]]",0.99707,"[7542, 7519, 7815, 8021]"
39.014217,"[0.816406, 0.339844, -1.820312]","[1.533002, 0.618637, -1.052158]","[0.809998, 0.329998, -0.403368]","[0.070965, 0.316013, -0.283459]","[-0.019287, 0.009521, -0.072021]","[0.004517, -0.009918, -0.035919, 0.999268]","[0.010834, -0.020538, -0.016968, 0.999573]","[0.016113, -0.044922, 0.067139]","[[0.997070, -0.071960, 0.019470], [0.071716, 0.997253, 0.009644], [-0.020203, -0.008301, 0.999634]]",0.99707,"[7598, 7632, 7721, 7875]"
39.047417,"[0.859375, 0.347656, -1.824219]","[1.534365, 0.630770, -1.062539]","[0.999998, 0.400000, -0.381550]","[-0.001625, 0.305170, -0.247990]","[-0.013428, 0.006348, -0.071533]","[0.002960, -0.006897, -0.035767, 0.999329]","[0.006836, 0.019745, -0.017334, 0.999603]","[-0.129150, 0.221191, -0.014648]","[[0.997314, -0.071594, 0.013550], [0.071472, 0.997375, 0.006348], [-0.014038, -0.005371, 0.999817]]",0.997314,"[7647, 7520, 7683, 7927]"
39.080631,"[0.878906, 0.359375, -1.824219]","[1.532869, 0.642474, -1.071532]","[0.829998, 0.339998, -0.369122]","[-0.074890, 0.293933, -0.211849]","[-0.001953, 0.005371, -0.071289]","[0.002686, -0.001099, -0.035583, 0.999359]","[0.009766, 0.012970, -0.017334, 0.999695]","[0.049072, 0.497314, 0.073486]","[[0.997437, -0.071228, 0.001953], [0.071106, 0.997437, 0.005371], [-0.002441, -0.005249, 0.999939]]",0.997437,"[7645, 7545, 7629, 7830]"
39.113827,"[0.906250, 0.378906, -1.824219]","[1.528452, 0.653733, -1.079123]","[0.829998, 0.349998, -0.335659]","[-0.148626, 0.282375, -0.175299]","[0.014648, 0.001221, -0.070312]","[0.000916, 0.007385, -0.035217, 0.999359]","[0.008636, 0.014893, -0.017334, 0.999695]","[-0.316895, 1.007324, 0.070312]","[[0.997437, -0.070435, -0.014832], [0.070435, 0.997498, 0.001221], [0.014587, -0.002319, 0.999878]]",0.997437,"[7529, 7352, 7714, 8050]"
39.14703,"[0.949219, 0.386719, -1.828125]","[1.525191, 0.659189, -1.082366]","[1.009998, 0.400000, -0.311758]","[-0.185427, 0.276501, -0.156876]","[0.026123, 0.001465, -0.069336]","[0.001251, 0.013123, -0.034698, 0.999298]","[0.006104, 0.026947, -0.017334, 0.999451]","[-0.009033, 0.241455, 0.046875]","[[0.997192, -0.069397, -0.026306], [0.069397, 0.997498, 0.001526], [0.026062, -0.003357, 0.999573]]",0.997192,"[7450, 7367, 7766, 8024]"
39.182182,"[0.976562, 0.398438, -1.832031]","[1.516512, 0.669758, -1.087772]","[0.819998, 0.359999, -0.274654]","[-0.258880, 0.264589, -0.119861]","[0.035400, 0.001465, -0.069336]","[0.001465, 0.017761, -0.034637, 0.999237]","[0.007935, 0.020264, -0.017334, 0.999603]","[-0.234375, 0.314697, 0.010498]","[[0.996948, -0.069275, -0.035583], [0.069275, 0.997559, 0.001587], [0.035339, -0.004150, 0.999329]]",0.996948,"[7486, 7488, 7722, 7872]"
39.215385,"[1.019531, 0.406250, -1.832031]","[1.504973, 0.679858, -1.091729]","[0.989998, 0.449999, -0.210257]","[-0.331832, 0.252516, -0.082774]","[0.044678, -0.002930, -0.068604]","[-0.000732, 0.022461, -0.034271, 0.999146]","[0.003326, 0.032135, -0.017273, 0.999298]","[0.195312, -0.416504, -0.001221]","[[0.996582, -0.068604, -0.044861], [0.068481, 0.997559, -0.003052], [0.044861, -0.000122, 0.998901]]",0.996582,"[7560, 7309, 7663, 8038]"
39.248589,"[1.039062, 0.429688, -1.832031]","[1.498139, 0.684730, -1.093165]","[0.809998, 0.359999, -0.174124]","[-0.368018, 0.246439, -0.064254]","[0.054443, -0.002197, -0.067139]","[-0.000183, 0.027313, -0.033600, 0.999054]","[0.006866, 0.026093, -0.017365, 0.999481]","[-0.119873, 0.555420, -0.007568]","[[0.996216, -0.067200, -0.054565], [0.067078, 0.997681, -0.002258], [0.054565, -0.001526, 0.998413]]",0.996216,"[7468, 7452, 7705, 7947]"
39.281792,"[1.058594, 0.437500, -1.832031]","[1.482359, 0.694119, -1.094953]","[0.789999, 0.359999, -0.202181]","[-0.439663, 0.234231, -0.027333]","[0.063477, -0.003174, -0.065674]","[-0.000549, 0.031830, -0.032837, 0.998962]","[0.006714, 0.027435, -0.017365, 0.999420]","[0.142578, 0.337158, 0.003418]","[[0.995850, -0.065674, -0.063538], [0.065552, 0.997864, -0.003235], [0.063538, -0.001038, 0.997986]]",0.99585,"[7498, 7383, 7755, 8001]"
39.315002,"[1.097656, 0.457031, -1.832031]","[1.463805, 0.703030, -1.095304]","[0.939999, 0.459999, -0.177515]","[-0.510069, 0.222003, 0.009295]","[0.067871, -0.003662, -0.065674]","[-0.000793, 0.034058, -0.032745, 0.998901]","[0.000916, 0.038696, -0.017181, 0.999084]","[0.006836, 0.180664, 0.054932]","[[0.995605, -0.065491, -0.067993], [0.065369, 0.997925, -0.003845], [0.067993, -0.000671, 0.997742]]",0.995605,"[7492, 7407, 7722, 7903]"
39.350151,"[1.117188, 0.468750, -1.828125]","[1.442529, 0.711463, -1.094233]","[0.749998, 0.369999, -0.134514]","[-0.578970, 0.209806, 0.045498]","[0.076172, -0.009033, -0.065186]","[-0.003265, 0.038300, -0.032471, 0.998749]","[0.005035, 0.032776, -0.017334, 0.999298]","[-0.082275, 0.352051, 0.023438]","[[0.994995, -0.065186, -0.076294], [0.064575, 0.997925, -0.009033], [0.076660, 0.004028, 0.997070]]",0.994995,"[7552, 7385, 7660, 7934]"
39.383354,"[1.148438, 0.476562, -1.828125]","[1.430891, 0.715502, -1.093169]","[0.889997, 0.449999, -0.090515]","[-0.612774, 0.203735, 0.063400]","[0.084473, -0.011230, -0.064941]","[-0.004303, 0.042450, -0.032257, 0.998596]","[0.000702, 0.043213, -0.017181, 0.998901]","[-0.329102, 0.286621, 0.027832]","[[0.994385, -0.064819, -0.084534], [0.064087, 0.997986, -0.011353], [0.085022, 0.005859, 0.996460]]",0.994385,"[7469, 7348, 7763, 7996]"
39.416557,"[1.167969, 0.500000, -1.828125]","[1.405658, 0.723223, -1.090001]","[0.709999, 0.369999, -0.069202]","[-0.678923, 0.191678, 0.098721]","[0.091797, -0.012207, -0.065918]","[-0.004578, 0.046143, -0.032623, 0.998413]","[0.003723, 0.038025, -0.017303, 0.999115]","[-0.048584, 0.277100, -0.008789]","[[0.993652, -0.065613, -0.091858], [0.064758, 0.997864, -0.012207], [0.092346, 0.006104, 0.995728]]",0.993652,"[7497, 7419, 7722, 7940]"
39.44976,"[1.199219, 0.507812, -1.824219]","[1.377877, 0.730478, -1.085466]","[0.689999, 0.379999, -0.092972]","[-0.742938, 0.179775, 0.133305]","[0.097656, -0.015625, -0.064941]","[-0.006256, 0.049072, -0.032104, 0.998230]","[0.003052, 0.041290, -0.017273, 0.998962]","[0.121338, -0.530518, -0.052979]","[[0.992981, -0.064819, -0.097595], [0.063477, 0.997681, -0.015686], [0.098328, 0.009338, 0.994934]]",0.992981,"[7525, 7324, 7740, 8037]"
39.482964,"[1.218750, 0.527344, -1.820312]","[1.363062, 0.733932, -1.082696]","[0.799999, 0.459999, -0.075191]","[-0.774062, 0.173896, 0.150278]","[0.102783, -0.012939, -0.065186]","[-0.004791, 0.051697, -0.032288, 0.998108]","[-0.002075, 0.050110, -0.017029, 0.998566]","[0.050049, 0.006104, -0.111328]","[[0.992432, -0.065002, -0.102844], [0.063904, 0.997742, -0.012939], [0.103455, 0.006226, 0.994507]]",0.992432,"[7428, 7391, 7777, 7909]"
