t,p,p_d,v,v_d,Angles,q,q_sp,w,R,T_sp,rpm
54.681747,"[-0.019531, 0.058594, -1.015625]","[-0.000000, 0.000000, -0.000000]","[-0.009998, -0.009998, 0.042034]","[-0.000003, 0.000001, -0.000000]","[0.022705, -0.020752, -0.036865]","[-0.010193, 0.011627, -0.018311, 0.999695]","[-0.000366, 0.000092, -0.018280, 0.999817]","[0.083252, 0.063965, 0.067383]","[[0.998962, -0.036865, -0.022827], [0.036377, 0.999023, -0.020813], [0.023560, 0.019958, 0.999390]]",0.998962,"[7960, 7874, 7947, 8063]"
54.738384,"[-0.019531, 0.058594, -1.015625]","[-0.000001, 0.000000, -0.000000]","[0.000000, 0.000000, 0.029646]","[-0.000042, 0.000008, -0.000006]","[0.014648, -0.019775, -0.038818]","[-0.009766, 0.007599, -0.019379, 0.999725]","[-0.000366, 0.000458, -0.018280, 0.999817]","[-0.062744, -0.124756, -0.054199]","[[0.999084, -0.038940, -0.014771], [0.038574, 0.998962, -0.019836], [0.015503, 0.019226, 0.999634]]",0.999084,"[7990, 7948, 7854, 7933]"
54.875103,"[-0.019531, 0.058594, -1.015625]","[-0.000093, 0.000017, -0.000014]","[0.009998, 0.000000, 0.023014]","[-0.002084, 0.000386, -0.000314]","[0.007568, -0.019287, -0.044434]","[-0.009644, 0.004059, -0.022186, 0.999695]","[-0.000366, 0.001190, -0.018280, 0.999817]","[0.046143, -0.237061, -0.041016]","[[0.998962, -0.044495, -0.007629], [0.044250, 0.998779, -0.019470], [0.008484, 0.019104, 0.999756]]",0.998962,"[7950, 7922, 7876, 7998]"
54.906353,"[-0.019531, 0.066406, -1.015625]","[-0.000207, 0.000038, -0.000031]","[0.019999, 0.000000, 0.028687]","[-0.003905, 0.000720, -0.000589]","[0.006104, -0.019043, -0.045898]","[-0.009460, 0.003296, -0.022949, 0.999695]","[-0.000885, 0.001923, -0.018280, 0.999817]","[0.187744, -0.165771, -0.068115]","[[0.998901, -0.046021, -0.006104], [0.045776, 0.998779, -0.019104], [0.006958, 0.018738, 0.999817]]",0.998901,"[7954, 7921, 7852, 7999]"
54.974712,"[-0.027344, 0.066406, -1.015625]","[-0.000741, 0.000136, -0.000112]","[0.019999, 0.009998, 0.079718]","[-0.010525, 0.001924, -0.001593]","[0.004639, -0.018311, -0.048828]","[-0.009094, 0.002655, -0.024475, 0.999664]","[-0.001343, 0.001434, -0.018280, 0.999817]","[0.158936, 0.217773, -0.064941]","[[0.998779, -0.049011, -0.004822], [0.048889, 0.998657, -0.018372], [0.005676, 0.018005, 0.999817]]",0.998779,"[7938, 7923, 7844, 7970]"
55.007915,"[-0.027344, 0.066406, -1.015625]","[-0.000970, 0.000178, -0.000147]","[0.039999, 0.000000, 0.018009]","[-0.012960, 0.002363, -0.001964]","[0.005127, -0.018066, -0.051025]","[-0.009003, 0.002808, -0.025482, 0.999634]","[-0.000885, 0.002411, -0.018280, 0.999817]","[-0.171387, 0.260742, 0.089111]","[[0.998657, -0.051025, -0.005127], [0.050903, 0.998535, -0.018188], [0.005981, 0.017822, 0.999817]]",0.998657,"[7909, 7898, 7851, 7993]"
55.074322,"[-0.019531, 0.066406, -1.015625]","[-0.002472, 0.000450, -0.000375]","[0.049999, 0.000000, -0.039286]","[-0.026606, 0.004801, -0.004045]","[0.003662, -0.017822, -0.054443]","[-0.008942, 0.002136, -0.027222, 0.999603]","[-0.000916, 0.003510, -0.018280, 0.999817]","[-0.025635, 0.244873, -0.101074]","[[0.998535, -0.054504, -0.003784], [0.054382, 0.998413, -0.018005], [0.004639, 0.017761, 0.999878]]",0.998535,"[7927, 7886, 7806, 7939]"
55.107525,"[-0.019531, 0.066406, -1.011719]","[-0.003035, 0.000552, -0.000460]","[0.059999, 0.000000, -0.030909]","[-0.031121, 0.005601, -0.004736]","[0.005127, -0.018555, -0.055664]","[-0.009186, 0.002930, -0.027863, 0.999573]","[-0.000916, 0.004120, -0.018280, 0.999817]","[-0.051025, -0.076904, 0.027588]","[[0.998413, -0.055786, -0.005310], [0.055664, 0.998291, -0.018555], [0.006287, 0.018188, 0.999817]]",0.998413,"[7891, 7869, 7818, 8011]"
55.142681,"[-0.007812, 0.066406, -1.007812]","[-0.004449, 0.000806, -0.000676]","[0.080000, 0.009998, 0.089712]","[-0.041633, 0.007452, -0.006348]","[0.003906, -0.017090, -0.057861]","[-0.008484, 0.002289, -0.028931, 0.999542]","[-0.001312, 0.005951, -0.018280, 0.999786]","[0.010498, 0.203369, -0.045654]","[[0.998291, -0.057922, -0.004028], [0.057800, 0.998169, -0.017151], [0.005005, 0.016785, 0.999817]]",0.998291,"[7935, 7933, 7810, 7960]"
55.175884,"[-0.007812, 0.066406, -1.003906]","[-0.006315, 0.001139, -0.000961]","[0.059999, 0.000000, 0.098148]","[-0.054266, 0.009658, -0.008290]","[0.005371, -0.017822, -0.059570]","[-0.008911, 0.002991, -0.029755, 0.999512]","[-0.000580, 0.005096, -0.018280, 0.999817]","[-0.043213, -0.068848, 0.015137]","[[0.998169, -0.059570, -0.005432], [0.059448, 0.998047, -0.018005], [0.006409, 0.017639, 0.999817]]",0.998169,"[7935, 7951, 7833, 8028]"
55.244247,"[0.000000, 0.066406, -1.000000]","[-0.010150, 0.001818, -0.001547]","[0.089998, 0.019999, 0.136332]","[-0.077499, 0.013668, -0.011875]","[0.006836, -0.017578, -0.062500]","[-0.008728, 0.003723, -0.031281, 0.999481]","[-0.001587, 0.007416, -0.018280, 0.999786]","[-0.012939, -0.016113, -0.015869]","[[0.998047, -0.062683, -0.006897], [0.062439, 0.997925, -0.017700], [0.007874, 0.017212, 0.999878]]",0.998047,"[7986, 7961, 7879, 8089]"
55.277451,"[0.000000, 0.066406, -0.996094]","[-0.013531, 0.002412, -0.002066]","[0.080000, 0.009998, 0.144281]","[-0.096016, 0.016826, -0.014744]","[0.007080, -0.016846, -0.064453]","[-0.008362, 0.003906, -0.032196, 0.999451]","[-0.000977, 0.007172, -0.018280, 0.999786]","[0.022705, -0.056152, -0.136230]","[[0.997925, -0.064514, -0.007263], [0.064270, 0.997803, -0.017029], [0.008240, 0.016418, 0.999817]]",0.997925,"[7987, 8008, 7916, 8072]"
55.31065,"[0.000000, 0.066406, -0.992188]","[-0.017684, 0.003138, -0.002704]","[0.109999, 0.019999, 0.146795]","[-0.117061, 0.020378, -0.018015]","[0.008545, -0.017090, -0.065674]","[-0.008484, 0.004639, -0.032867, 0.999420]","[-0.001495, 0.009003, -0.018280, 0.999786]","[0.003418, 0.086670, 0.036621]","[[0.997803, -0.065857, -0.008667], [0.065613, 0.997681, -0.017273], [0.009766, 0.016663, 0.999817]]",0.997803,"[7970, 7992, 7892, 8077]"
55.343853,"[0.000000, 0.066406, -0.988281]","[-0.020082, 0.003554, -0.003074]","[0.089998, 0.019999, 0.161419]","[-0.128550, 0.022301, -0.019806]","[0.010498, -0.017822, -0.067383]","[-0.008728, 0.005646, -0.033661, 0.999390]","[-0.001465, 0.008270, -0.018280, 0.999786]","[-0.037354, 0.077148, -0.164307]","[[0.997681, -0.067444, -0.010681], [0.067200, 0.997620, -0.017883], [0.011780, 0.017029, 0.999817]]",0.997681,"[8002, 7998, 7908, 8111]"
55.377056,"[0.000000, 0.066406, -0.988281]","[-0.025582, 0.004505, -0.003922]","[0.109999, 0.019999, 0.159658]","[-0.153487, 0.026439, -0.023703]","[0.010986, -0.016602, -0.068604]","[-0.008087, 0.005890, -0.034332, 0.999359]","[-0.001373, 0.009979, -0.018280, 0.999756]","[0.167480, -0.082275, 0.032715]","[[0.997559, -0.068787, -0.011169], [0.068542, 0.997498, -0.016602], [0.012268, 0.015747, 0.999756]]",0.997559,"[8001, 8023, 7920, 8062]"
55.412212,"[0.000000, 0.066406, -0.980469]","[-0.032106, 0.005625, -0.004931]","[0.099998, 0.019999, 0.189299]","[-0.181046, 0.030955, -0.028026]","[0.012939, -0.017334, -0.070801]","[-0.008453, 0.006775, -0.035309, 0.999329]","[-0.001251, 0.009979, -0.018280, 0.999756]","[0.029053, 0.054932, -0.066895]","[[0.997437, -0.070740, -0.012939], [0.070496, 0.997375, -0.017395], [0.014038, 0.016418, 0.999756]]",0.997437,"[7994, 8020, 7931, 8115]"
55.478619,"[0.019531, 0.066406, -0.972656]","[-0.044042, 0.007653, -0.006782]","[0.119999, 0.029999, 0.216690]","[-0.227285, 0.038406, -0.035318]","[0.015869, -0.016846, -0.072998]","[-0.008209, 0.008270, -0.036377, 0.999268]","[-0.001831, 0.013489, -0.018250, 0.999725]","[-0.077148, 0.127197, -0.026123]","[[0.997192, -0.072937, -0.015930], [0.072571, 0.997192, -0.017029], [0.017029, 0.015808, 0.999695]]",0.997192,"[8028, 8062, 7973, 8095]"
55.511829,"[0.019531, 0.066406, -0.968750]","[-0.053576, 0.009257, -0.008266]","[0.099998, 0.029999, 0.181044]","[-0.261310, 0.043789, -0.040713]","[0.017090, -0.016113, -0.073730]","[-0.007782, 0.008942, -0.036743, 0.999237]","[-0.001709, 0.013397, -0.018280, 0.999725]","[0.082764, -0.020508, 0.106201]","[[0.997009, -0.073669, -0.017273], [0.073303, 0.997070, -0.016235], [0.018372, 0.014893, 0.999634]]",0.997009,"[8031, 8076, 7972, 8137]"
55.546974,"[0.027344, 0.066406, -0.960938]","[-0.064489, 0.011078, -0.009968]","[0.129999, 0.039999, 0.181625]","[-0.297814, 0.049472, -0.046529]","[0.019531, -0.016602, -0.074951]","[-0.007935, 0.010132, -0.037354, 0.999207]","[-0.002228, 0.016296, -0.018250, 0.999695]","[0.237061, -0.072021, -0.029297]","[[0.996948, -0.074890, -0.019653], [0.074524, 0.997009, -0.016663], [0.020752, 0.015076, 0.999573]]",0.996948,"[8071, 8055, 7994, 8208]"
55.580177,"[0.027344, 0.066406, -0.957031]","[-0.076874, 0.013126, -0.011906]","[0.129999, 0.029999, 0.199762]","[-0.336695, 0.055420, -0.052754]","[0.021484, -0.016113, -0.075439]","[-0.007629, 0.011108, -0.037628, 0.999207]","[-0.001648, 0.017181, -0.018250, 0.999664]","[-0.188232, 0.114990, -0.022217]","[[0.996887, -0.075439, -0.021606], [0.075073, 0.997070, -0.016113], [0.022705, 0.014404, 0.999634]]",0.996887,"[8023, 8087, 7995, 8131]"
55.613384,"[0.039062, 0.078125, -0.957031]","[-0.083647, 0.014238, -0.012968]","[0.119999, 0.049999, 0.170061]","[-0.356990, 0.058482, -0.056017]","[0.023438, -0.016602, -0.076172]","[-0.007874, 0.012054, -0.038055, 0.999146]","[-0.003021, 0.018494, -0.018219, 0.999634]","[0.093018, -0.048584, -0.036133]","[[0.996704, -0.076294, -0.023499], [0.075806, 0.996826, -0.016724], [0.024597, 0.014771, 0.999451]]",0.996704,"[8053, 8076, 7974, 8184]"
55.64854,"[0.039062, 0.078125, -0.949219]","[-0.098408, 0.016644, -0.015288]","[0.129999, 0.029999, 0.181150]","[-0.399195, 0.064755, -0.062830]","[0.026123, -0.017090, -0.077148]","[-0.008026, 0.013397, -0.038483, 0.999115]","[-0.001831, 0.020081, -0.018250, 0.999603]","[0.010010, -0.119385, -0.050049]","[[0.996582, -0.077148, -0.026123], [0.076660, 0.996765, -0.017090], [0.027344, 0.015015, 0.999390]]",0.996582,"[8041, 8080, 8005, 8197]"
55.681744,"[0.039062, 0.078125, -0.945312]","[-0.114859, 0.019299, -0.017881]","[0.099998, 0.029999, 0.181250]","[-0.443431, 0.071188, -0.070014]","[0.028564, -0.017578, -0.077881]","[-0.008240, 0.014648, -0.038879, 0.999084]","[-0.001709, 0.020111, -0.018250, 0.999603]","[-0.025635, 0.281006, -0.025391]","[[0.996460, -0.077942, -0.028625], [0.077454, 0.996765, -0.017639], [0.029846, 0.015320, 0.999329]]",0.99646,"[8088, 8075, 8004, 8195]"
55.714947,"[0.039062, 0.078125, -0.945312]","[-0.123744, 0.020721, -0.019285]","[0.109999, 0.059999, 0.180630]","[-0.466260, 0.074451, -0.073738]","[0.030762, -0.018066, -0.078613]","[-0.008392, 0.015747, -0.039185, 0.999054]","[-0.003082, 0.021790, -0.018219, 0.999573]","[0.031738, -0.255615, -0.041992]","[[0.996338, -0.078613, -0.030823], [0.078003, 0.996704, -0.018066], [0.032043, 0.015503, 0.999268]]",0.996338,"[8048, 8085, 8006, 8207]"
55.74815,"[0.058594, 0.078125, -0.945312]","[-0.142867, 0.023758, -0.022315]","[0.099998, 0.039999, 0.152870]","[-0.513196, 0.081034, -0.081434]","[0.032471, -0.017822, -0.079590]","[-0.008240, 0.016632, -0.039612, 0.999023]","[-0.001770, 0.024231, -0.018250, 0.999512]","[0.016357, 0.260742, -0.021729]","[[0.996216, -0.079468, -0.032593], [0.078857, 0.996643, -0.017822], [0.033813, 0.015137, 0.999207]]",0.996216,"[8094, 8110, 8010, 8211]"
55.783306,"[0.058594, 0.078125, -0.941406]","[-0.163854, 0.027052, -0.025651]","[0.139999, 0.049999, 0.157366]","[-0.561685, 0.087650, -0.089440]","[0.034180, -0.018555, -0.080566]","[-0.008575, 0.017517, -0.040192, 0.998993]","[-0.002075, 0.027893, -0.018219, 0.999420]","[0.088623, 0.043213, -0.102051]","[[0.996094, -0.080627, -0.034302], [0.080017, 0.996582, -0.018616], [0.035645, 0.015686, 0.999146]]",0.996094,"[8109, 8092, 7964, 8225]"
55.816509,"[0.066406, 0.078125, -0.941406]","[-0.186766, 0.030605, -0.029306]","[0.080000, 0.049999, 0.076420]","[-0.611518, 0.094246, -0.097731]","[0.037109, -0.019043, -0.081787]","[-0.008820, 0.019012, -0.040710, 0.998932]","[-0.001953, 0.027039, -0.018219, 0.999451]","[-0.097900, 0.124512, 0.063721]","[[0.995850, -0.081726, -0.037292], [0.080994, 0.996399, -0.019226], [0.038635, 0.016052, 0.999023]]",0.99585,"[8106, 8116, 7997, 8218]"
55.849728,"[0.058594, 0.089844, -0.937500]","[-0.198957, 0.032478, -0.031256]","[0.109999, 0.029999, 0.073990]","[-0.636860, 0.097518, -0.101972]","[0.039551, -0.018311, -0.082764]","[-0.008301, 0.020233, -0.041260, 0.998901]","[-0.001495, 0.029999, -0.018219, 0.999359]","[0.030029, 0.021240, -0.175537]","[[0.995728, -0.082825, -0.039734], [0.082092, 0.996399, -0.018311], [0.041077, 0.014893, 0.998962]]",0.995728,"[8033, 8098, 7979, 8186]"
55.882915,"[0.066406, 0.097656, -0.937500]","[-0.224838, 0.036414, -0.035408]","[0.099998, 0.049999, 0.050495]","[-0.688256, 0.103974, -0.110629]","[0.042725, -0.018799, -0.083252]","[-0.008484, 0.021790, -0.041443, 0.998871]","[-0.002777, 0.031921, -0.018188, 0.999298]","[-0.064941, 0.236328, 0.108887]","[[0.995605, -0.083252, -0.042847], [0.082397, 0.996399, -0.018799], [0.044189, 0.015137, 0.998901]]",0.995605,"[8058, 8069, 7980, 8157]"
55.916119,"[0.066406, 0.097656, -0.937500]","[-0.252736, 0.040599, -0.039902]","[0.080000, 0.049999, 0.058422]","[-0.740376, 0.110260, -0.119489]","[0.045166, -0.019287, -0.083984]","[-0.008728, 0.022980, -0.041718, 0.998810]","[-0.002655, 0.033264, -0.018188, 0.999268]","[0.011963, -0.032715, -0.120117]","[[0.995361, -0.083801, -0.045227], [0.082947, 0.996277, -0.019409], [0.046570, 0.015503, 0.998718]]",0.995361,"[8098, 8093, 7974, 8189]"
55.951279,"[0.066406, 0.097656, -0.937500]","[-0.282686, 0.045025, -0.044745]","[0.089998, 0.059999, 0.052107]","[-0.792985, 0.116321, -0.128519]","[0.048340, -0.019531, -0.084473]","[-0.008820, 0.024658, -0.041931, 0.998749]","[-0.002716, 0.035950, -0.018158, 0.999176]","[-0.148438, 0.179932, -0.004150]","[[0.995117, -0.084290, -0.048462], [0.083313, 0.996155, -0.019714], [0.049927, 0.015564, 0.998474]]",0.995117,"[8084, 8092, 7988, 8175]"
55.984478,"[0.078125, 0.097656, -0.933594]","[-0.298429, 0.047325, -0.047300]","[0.070000, 0.039999, 0.022396]","[-0.819381, 0.119246, -0.133086]","[0.051514, -0.019775, -0.085449]","[-0.008789, 0.026215, -0.042450, 0.998688]","[-0.001526, 0.038025, -0.018188, 0.999084]","[0.116943, -0.018799, -0.055908]","[[0.994873, -0.085327, -0.051575], [0.084351, 0.996094, -0.019836], [0.053040, 0.015320, 0.998352]]",0.994873,"[8080, 8110, 7985, 8202]"
56.01965,"[0.078125, 0.097656, -0.933594]","[-0.331468, 0.052094, -0.052678]","[0.089998, 0.049999, 0.030050]","[-0.872209, 0.124852, -0.142304]","[0.054932, -0.019775, -0.085449]","[-0.008728, 0.027954, -0.042511, 0.998688]","[-0.001709, 0.041687, -0.018188, 0.998962]","[-0.066406, 0.091064, -0.075928]","[[0.994873, -0.085449, -0.055054], [0.084473, 0.996277, -0.019836], [0.056519, 0.015076, 0.998352]]",0.994873,"[8078, 8112, 7996, 8184]"
56.052837,"[0.078125, 0.109375, -0.929688]","[-0.366568, 0.057075, -0.058418]","[0.049999, 0.049999, 0.029848]","[-0.924855, 0.130081, -0.151601]","[0.058594, -0.019287, -0.085693]","[-0.008392, 0.029694, -0.042480, 0.998627]","[-0.001984, 0.042419, -0.018158, 0.998901]","[0.138672, -0.000977, 0.066895]","[[0.994629, -0.085449, -0.058594], [0.084351, 0.996216, -0.019348], [0.059937, 0.014221, 0.998108]]",0.994629,"[8111, 8122, 7991, 8205]"
56.08604,"[0.078125, 0.109375, -0.929688]","[-0.384891, 0.059640, -0.061425]","[0.049999, 0.070000, 0.100815]","[-0.951030, 0.132536, -0.156270]","[0.062744, -0.019531, -0.085449]","[-0.008392, 0.031769, -0.042419, 0.998566]","[-0.002747, 0.045227, -0.018127, 0.998779]","[-0.104248, 0.111816, 0.008057]","[[0.994385, -0.085327, -0.062744], [0.084229, 0.996277, -0.019531], [0.064087, 0.014038, 0.997803]]",0.994385,"[8094, 8142, 8030, 8204]"
56.119244,"[0.089844, 0.109375, -0.929688]","[-0.423052, 0.064907, -0.067712]","[0.019999, 0.059999, 0.046881]","[-1.002893, 0.137089, -0.165617]","[0.065430, -0.019287, -0.085205]","[-0.008240, 0.033203, -0.042267, 0.998535]","[-0.001953, 0.047302, -0.018127, 0.998688]","[0.096680, 0.024414, 0.052490]","[[0.994263, -0.084961, -0.065613], [0.083862, 0.996338, -0.019287], [0.066956, 0.013672, 0.997681]]",0.994263,"[8136, 8165, 8038, 8219]"
56.152451,"[0.089844, 0.109375, -0.925781]","[-0.463227, 0.070343, -0.074363]","[0.029999, 0.059999, 0.055529]","[-1.053911, 0.141122, -0.174953]","[0.069092, -0.020264, -0.084961]","[-0.008636, 0.035004, -0.042175, 0.998474]","[-0.001526, 0.050598, -0.018158, 0.998535]","[-0.062744, 0.027100, -0.032959]","[[0.994019, -0.084839, -0.069214], [0.083618, 0.996338, -0.020264], [0.070557, 0.014282, 0.997437]]",0.994019,"[8160, 8168, 8046, 8233]"
56.18565,"[0.089844, 0.117188, -0.925781]","[-0.505378, 0.075925, -0.081380]","[0.000000, 0.070000, 0.013548]","[-1.103818, 0.144581, -0.184241]","[0.072998, -0.019775, -0.084961]","[-0.008331, 0.036957, -0.042053, 0.998413]","[-0.002289, 0.052307, -0.018097, 0.998444]","[-0.003906, 0.257568, 0.052490]","[[0.993774, -0.084656, -0.073120], [0.083313, 0.996338, -0.019775], [0.074463, 0.013550, 0.997131]]",0.993774,"[8153, 8163, 8026, 8219]"
56.220806,"[0.089844, 0.117188, -0.925781]","[-0.527173, 0.078763, -0.085023]","[-0.019999, 0.049999, -0.005163]","[-1.128266, 0.146078, -0.188853]","[0.076904, -0.020264, -0.084717]","[-0.008545, 0.038940, -0.041931, 0.998322]","[-0.000977, 0.054749, -0.018158, 0.998322]","[0.096191, 0.169189, 0.050293]","[[0.993408, -0.084412, -0.077026], [0.083069, 0.996277, -0.020386], [0.078369, 0.013794, 0.996765]]",0.993408,"[8134, 8157, 8043, 8227]"
56.254005,"[0.089844, 0.117188, -0.925781]","[-0.572184, 0.084521, -0.092579]","[0.000000, 0.059999, 0.010704]","[-1.176022, 0.148580, -0.197998]","[0.081055, -0.021240, -0.084473]","[-0.008911, 0.040955, -0.041779, 0.998260]","[-0.001068, 0.059021, -0.018127, 0.998077]","[-0.145752, 0.088867, -0.037109]","[[0.993164, -0.084167, -0.080994], [0.082703, 0.996338, -0.021301], [0.082458, 0.014343, 0.996521]]",0.993164,"[8169, 8152, 8047, 8229]"
56.287212,"[0.089844, 0.117188, -0.929688]","[-0.619027, 0.090362, -0.100489]","[-0.039999, 0.059999, 0.011938]","[-1.222033, 0.150383, -0.207003]","[0.085449, -0.020752, -0.083984]","[-0.008606, 0.043152, -0.041534, 0.998169]","[-0.000732, 0.060486, -0.018158, 0.997986]","[0.117920, 0.300781, 0.041260]","[[0.992798, -0.083740, -0.085449], [0.082153, 0.996399, -0.020813], [0.086792, 0.013611, 0.996094]]",0.992798,"[8196, 8192, 8013, 8223]"
56.320415,"[0.078125, 0.128906, -0.933594]","[-0.643113, 0.093306, -0.104576]","[-0.049999, 0.059999, 0.009745]","[-1.244314, 0.151010, -0.211444]","[0.090088, -0.021240, -0.083740]","[-0.008698, 0.045502, -0.041351, 0.998077]","[-0.001251, 0.062927, -0.018097, 0.997833]","[-0.093018, 0.035156, 0.001221]","[[0.992432, -0.083374, -0.090149], [0.081787, 0.996399, -0.021179], [0.091492, 0.013611, 0.995728]]",0.992432,"[8162, 8173, 8061, 8234]"
56.353619,"[0.078125, 0.128906, -0.933594]","[-0.692566, 0.099220, -0.113007]","[-0.099998, 0.080000, -0.003981]","[-1.287276, 0.151687, -0.220178]","[0.093750, -0.021729, -0.083984]","[-0.008911, 0.047333, -0.041443, 0.997986]","[-0.001862, 0.063995, -0.018066, 0.997772]","[0.053467, 0.432617, 0.048340]","[[0.992065, -0.083618, -0.093689], [0.081909, 0.996399, -0.021790], [0.095154, 0.013855, 0.995361]]",0.992065,"[8205, 8184, 8028, 8211]"
56.386822,"[0.078125, 0.128906, -0.933594]","[-0.743651, 0.105146, -0.121774]","[-0.089998, 0.049999, -0.049204]","[-1.327928, 0.151565, -0.228690]","[0.097900, -0.022949, -0.083740]","[-0.009491, 0.049408, -0.041290, 0.997894]","[-0.000122, 0.068176, -0.018158, 0.997498]","[-0.024658, -0.063477, -0.016357]","[[0.991699, -0.083435, -0.097839], [0.081482, 0.996399, -0.023071], [0.099304, 0.014893, 0.994934]]",0.991699,"[8181, 8165, 8038, 8223]"
56.420025,"[0.066406, 0.128906, -0.933594]","[-0.796282, 0.111051, -0.130871]","[-0.119999, 0.059999, -0.034277]","[-1.366069, 0.150610, -0.236951]","[0.101807, -0.022705, -0.082520]","[-0.009216, 0.051422, -0.040649, 0.997803]","[-0.000153, 0.069763, -0.018158, 0.997375]","[-0.194580, 0.535400, 0.073730]","[[0.991333, -0.082153, -0.101868], [0.080200, 0.996460, -0.022644], [0.103333, 0.014221, 0.994507]]",0.991333,"[8215, 8191, 8036, 8220]"
56.453232,"[0.066406, 0.136719, -0.937500]","[-0.823135, 0.113984, -0.135537]","[-0.150000, 0.070000, -0.115736]","[-1.384128, 0.149811, -0.240976]","[0.105225, -0.021973, -0.082031]","[-0.008850, 0.052979, -0.040405, 0.997742]","[-0.000824, 0.072296, -0.018097, 0.997192]","[0.123779, -0.106201, 0.025879]","[[0.991089, -0.081665, -0.105042], [0.079712, 0.996521, -0.022034], [0.106384, 0.013367, 0.994202]]",0.991089,"[8183, 8202, 8029, 8205]"
56.488384,"[0.058594, 0.128906, -0.941406]","[-0.877876, 0.119795, -0.145104]","[-0.169998, 0.070000, -0.094116]","[-1.418133, 0.147553, -0.248802]","[0.109375, -0.022461, -0.081787]","[-0.009003, 0.055145, -0.040253, 0.997620]","[0.000000, 0.074890, -0.018127, 0.997009]","[-0.246826, 0.239502, 0.002686]","[[0.990601, -0.081360, -0.109314], [0.079285, 0.996521, -0.022461], [0.110657, 0.013550, 0.993713]]",0.990601,"[8174, 8180, 8022, 8182]"
56.521584,"[0.046875, 0.128906, -0.945312]","[-0.933883, 0.125500, -0.154970]","[-0.219999, 0.070000, -0.124809]","[-1.449164, 0.144397, -0.256304]","[0.112549, -0.022461, -0.081055]","[-0.008942, 0.056732, -0.039856, 0.997559]","[0.000305, 0.075623, -0.018158, 0.996948]","[0.162598, 0.161133, 0.018311]","[[0.990356, -0.080566, -0.112488], [0.078491, 0.996643, -0.022461], [0.113831, 0.013306, 0.993408]]",0.990356,"[8220, 8151, 7989, 8220]"
56.554787,"[0.046875, 0.136719, -0.945312]","[-0.962334, 0.128302, -0.160012]","[-0.199999, 0.059999, -0.124456]","[-1.463521, 0.142477, -0.259928]","[0.116455, -0.022217, -0.080322]","[-0.008728, 0.058594, -0.039520, 0.997467]","[0.000580, 0.080597, -0.018158, 0.996552]","[-0.142578, 0.034424, 0.023682]","[[0.989990, -0.079895, -0.116211], [0.077820, 0.996704, -0.022095], [0.117554, 0.012817, 0.992981]]",0.98999,"[8186, 8188, 8025, 8183]"
56.58799,"[0.039062, 0.136719, -0.949219]","[-1.020020, 0.133782, -0.170302]","[-0.249998, 0.049999, -0.140558]","[-1.489811, 0.137944, -0.266900]","[0.119141, -0.022217, -0.079834]","[-0.008667, 0.060028, -0.039185, 0.997406]","[0.001404, 0.081848, -0.018219, 0.996460]","[0.087158, 0.282959, 0.032715]","[[0.989746, -0.079285, -0.119019], [0.077087, 0.996826, -0.022095], [0.120361, 0.012573, 0.992676]]",0.989746,"[8260, 8180, 7984, 8158]"
56.621201,"[0.027344, 0.136719, -0.953125]","[-1.078688, 0.139068, -0.180860]","[-0.309999, 0.070000, -0.158903]","[-1.512779, 0.132476, -0.273493]","[0.123291, -0.022705, -0.079346]","[-0.008942, 0.062042, -0.038849, 0.997284]","[0.000671, 0.082306, -0.018158, 0.996429]","[-0.101074, -0.050049, 0.002197]","[[0.989258, -0.078674, -0.123047], [0.076355, 0.996826, -0.022705], [0.124390, 0.013062, 0.992126]]",0.989258,"[8226, 8189, 7995, 8196]"
56.6544,"[0.019531, 0.148438, -0.957031]","[-1.138173, 0.144120, -0.191665]","[-0.289999, 0.070000, -0.169840]","[-1.532303, 0.126072, -0.279685]","[0.126221, -0.022217, -0.078369]","[-0.008698, 0.063507, -0.038361, 0.997223]","[0.000244, 0.087067, -0.018097, 0.996033]","[-0.050049, 0.399902, 0.009521]","[[0.989014, -0.077698, -0.126038], [0.075378, 0.996948, -0.022278], [0.127258, 0.012512, 0.991821]]",0.989014,"[8225, 8183, 7977, 8195]"
56.687599,"[0.007812, 0.148438, -0.957031]","[-1.168173, 0.146547, -0.197154]","[-0.379999, 0.080000, -0.138399]","[-1.540736, 0.122518, -0.282622]","[0.128418, -0.021973, -0.077881]","[-0.008423, 0.064667, -0.038239, 0.997131]","[0.000000, 0.086060, -0.018097, 0.996094]","[0.106201, -0.337402, -0.066895]","[[0.988647, -0.077393, -0.128296], [0.075195, 0.996887, -0.021851], [0.129517, 0.011841, 0.991394]]",0.988647,"[8234, 8240, 8014, 8156]"
56.722755,"[0.000000, 0.148438, -0.960938]","[-1.228647, 0.151184, -0.208304]","[-0.339998, 0.059999, -0.106123]","[-1.554914, 0.114706, -0.288180]","[0.132080, -0.022949, -0.076660]","[-0.008972, 0.066437, -0.037506, 0.997040]","[0.001099, 0.091919, -0.018158, 0.995575]","[-0.229736, 0.231689, -0.040283]","[[0.988281, -0.076050, -0.131775], [0.073608, 0.996948, -0.022949], [0.133118, 0.012939, 0.990967]]",0.988281,"[8267, 8228, 8012, 8195]"
56.755955,"[-0.019531, 0.156250, -0.964844]","[-1.289603, 0.155497, -0.219663]","[-0.369999, 0.049999, -0.192863]","[-1.565450, 0.105966, -0.293295]","[0.133057, -0.022217, -0.076416]","[-0.008514, 0.066864, -0.037384, 0.997009]","[0.001312, 0.093750, -0.018188, 0.995422]","[0.313721, -0.122803, 0.065674]","[[0.988159, -0.075745, -0.132690], [0.073425, 0.996948, -0.022034], [0.133911, 0.012024, 0.990784]]",0.988159,"[8296, 8254, 7943, 8165]"
56.789162,"[-0.027344, 0.156250, -0.972656]","[-1.320218, 0.157520, -0.225415]","[-0.489998, 0.070000, -0.165802]","[-1.569326, 0.101250, -0.295684]","[0.136963, -0.022705, -0.076660]","[-0.008667, 0.068817, -0.037415, 0.996887]","[0.000641, 0.091309, -0.018127, 0.995636]","[-0.131348, 0.123779, -0.025391]","[[0.987671, -0.075867, -0.136536], [0.073425, 0.997009, -0.022522], [0.137756, 0.012146, 0.990295]]",0.987671,"[8251, 8252, 7971, 8139]"
56.82238,"[-0.046875, 0.156250, -0.976562]","[-1.381628, 0.161281, -0.237053]","[-0.459999, 0.059999, -0.272573]","[-1.574276, 0.091139, -0.300113]","[0.138428, -0.021973, -0.076416]","[-0.008362, 0.069641, -0.037292, 0.996826]","[0.001038, 0.096069, -0.018127, 0.995178]","[0.064697, 0.072754, 0.115234]","[[0.987427, -0.075623, -0.138184], [0.073181, 0.996948, -0.021973], [0.139404, 0.011475, 0.990051]]",0.987427,"[8237, 8220, 7927, 8115]"
56.855568,"[-0.066406, 0.167969, -0.980469]","[-1.443158, 0.164629, -0.248855]","[-0.579998, 0.070000, -0.221550]","[-1.575466, 0.080136, -0.304073]","[0.139893, -0.022705, -0.075928]","[-0.008636, 0.070282, -0.037140, 0.996796]","[0.000122, 0.093140, -0.018066, 0.995483]","[-0.036865, -0.095215, -0.064941]","[[0.987305, -0.075317, -0.139465], [0.072876, 0.997009, -0.022522], [0.140686, 0.012024, 0.989929]]",0.987305,"[8259, 8223, 7906, 8084]"
56.89072,"[-0.089844, 0.156250, -0.984375]","[-1.504664, 0.167531, -0.260803]","[-0.489998, 0.049999, -0.247328]","[-1.572874, 0.068264, -0.307556]","[0.141113, -0.023193, -0.075684]","[-0.008972, 0.070953, -0.036957, 0.996735]","[0.001678, 0.100555, -0.018188, 0.994751]","[-0.148926, -0.045166, -0.093506]","[[0.987061, -0.075012, -0.140808], [0.072449, 0.996948, -0.023193], [0.142029, 0.012695, 0.989624]]",0.987061,"[8249, 8202, 7913, 8116]"
56.92588,"[-0.097656, 0.156250, -0.992188]","[-1.535367, 0.168804, -0.266826]","[-0.549999, 0.059999, -0.262495]","[-1.570156, 0.062011, -0.309117]","[0.142090, -0.023682, -0.075439]","[-0.009094, 0.071472, -0.036835, 0.996704]","[0.001434, 0.101410, -0.018158, 0.994659]","[-0.048828, 0.250000, 0.017822]","[[0.986938, -0.074829, -0.141846], [0.072144, 0.997009, -0.023499], [0.143066, 0.012878, 0.989502]]",0.986938,"[8298, 8242, 7834, 8057]"
56.955196,"[-0.128906, 0.167969, -0.996094]","[-1.596550, 0.170972, -0.278956]","[-0.679998, 0.070000, -0.332354]","[-1.561918, 0.048894, -0.311873]","[0.143311, -0.023193, -0.074951]","[-0.008850, 0.072052, -0.036530, 0.996704]","[-0.000641, 0.096893, -0.017975, 0.995117]","[-0.036865, -0.007812, 0.154541]","[[0.986938, -0.074158, -0.143005], [0.071594, 0.997192, -0.023010], [0.144226, 0.012390, 0.989441]]",0.986938,"[8248, 8240, 7848, 8026]"
56.988396,"[-0.148438, 0.167969, -1.003906]","[-1.657335, 0.172613, -0.291184]","[-0.609999, 0.049999, -0.379751]","[-1.549938, 0.034988, -0.314140]","[0.145508, -0.023193, -0.074707]","[-0.008881, 0.073090, -0.036377, 0.996643]","[-0.000763, 0.103210, -0.017914, 0.994476]","[0.006104, 0.273193, 0.001709]","[[0.986694, -0.073853, -0.145020], [0.071167, 0.997253, -0.023132], [0.146240, 0.012390, 0.989197]]",0.986694,"[8211, 8196, 7871, 8043]"
57.023544,"[-0.156250, 0.167969, -1.011719]","[-1.687543, 0.173226, -0.297330]","[-0.639999, 0.039999, -0.317066]","[-1.542534, 0.027747, -0.315090]","[0.145264, -0.025879, -0.074219]","[-0.010223, 0.073029, -0.036102, 0.996613]","[-0.001038, 0.105499, -0.017883, 0.994232]","[-0.020508, 0.238281, -0.063232]","[[0.986633, -0.073486, -0.144775], [0.070435, 0.997070, -0.025696], [0.146240, 0.015076, 0.989014]]",0.986633,"[8292, 8204, 7755, 8016]"
57.05674,"[-0.199219, 0.179688, -1.011719]","[-1.747463, 0.174019, -0.309668]","[-0.809998, 0.059999, -0.289307]","[-1.524995, 0.012729, -0.316622]","[0.147949, -0.025879, -0.074463]","[-0.010162, 0.074371, -0.036255, 0.996521]","[-0.003448, 0.098419, -0.017700, 0.994965]","[-0.223877, 0.425537, -0.012207]","[[0.986267, -0.073792, -0.147461], [0.070740, 0.997131, -0.025696], [0.148926, 0.014832, 0.988708]]",0.986267,"[8251, 8228, 7819, 8005]"
57.089939,"[-0.218750, 0.167969, -1.015625]","[-1.806626, 0.174212, -0.322058]","[-0.709999, 0.029999, -0.236511]","[-1.503812, -0.002977, -0.317663]","[0.146484, -0.025146, -0.074707]","[-0.009827, 0.073608, -0.036407, 0.996582]","[-0.002472, 0.105957, -0.017731, 0.994202]","[0.373779, -0.406982, -0.011719]","[[0.986511, -0.074036, -0.145996], [0.071106, 0.997131, -0.024963], [0.147339, 0.014221, 0.988953]]",0.986511,"[8243, 8281, 7850, 8067]"
57.123146,"[-0.250000, 0.179688, -1.019531]","[-1.864901, 0.173777, -0.334480]","[-0.889997, 0.070000, -0.228914]","[-1.479043, -0.019330, -0.318213]","[0.146973, -0.027100, -0.074951]","[-0.010803, 0.073914, -0.036346, 0.996552]","[-0.005157, 0.099243, -0.017517, 0.994873]","[-0.254883, 0.152588, -0.028809]","[[0.986389, -0.074097, -0.146545], [0.070801, 0.997131, -0.026978], [0.148010, 0.016113, 0.988831]]",0.986389,"[8329, 8297, 7843, 8030]"
57.156349,"[-0.277344, 0.179688, -1.023438]","[-1.893658, 0.173318, -0.340697]","[-0.789999, 0.049999, -0.251945]","[-1.465347, -0.027730, -0.318307]","[0.147461, -0.028320, -0.074951]","[-0.011383, 0.074188, -0.036346, 0.996490]","[-0.004425, 0.106049, -0.017517, 0.994171]","[0.055664, 0.104492, 0.047607]","[[0.986206, -0.074158, -0.147034], [0.070740, 0.996948, -0.028137], [0.148621, 0.017273, 0.988586]]",0.986206,"[8310, 8257, 7844, 8069]"
57.189552,"[-0.296875, 0.179688, -1.027344]","[-1.950324, 0.171901, -0.353128]","[-0.809998, 0.029999, -0.226357]","[-1.435373, -0.044945, -0.318131]","[0.147949, -0.030762, -0.075439]","[-0.012604, 0.074463, -0.036499, 0.996460]","[-0.003601, 0.107513, -0.017578, 0.994019]","[-0.162354, -0.068359, -0.136230]","[[0.986145, -0.074646, -0.147461], [0.070862, 0.996887, -0.030640], [0.149292, 0.019653, 0.988464]]",0.986145,"[8330, 8282, 7822, 8029]"
57.222755,"[-0.339844, 0.187500, -1.031250]","[-2.005746, 0.169800, -0.365543]","[-0.999998, 0.049999, -0.248051]","[-1.402023, -0.062674, -0.317473]","[0.148193, -0.031006, -0.075928]","[-0.012665, 0.074615, -0.036743, 0.996429]","[-0.004913, 0.099365, -0.017517, 0.994873]","[0.127441, -0.035889, 0.098145]","[[0.986023, -0.075134, -0.147766], [0.071350, 0.996826, -0.030762], [0.149597, 0.019775, 0.988403]]",0.986023,"[8345, 8299, 7806, 8005]"
57.257908,"[-0.367188, 0.179688, -1.035156]","[-2.032968, 0.168487, -0.371741]","[-0.869999, 0.029999, -0.131657]","[-1.384097, -0.071715, -0.316968]","[0.148926, -0.031006, -0.075684]","[-0.012634, 0.075012, -0.036621, 0.996460]","[-0.003967, 0.107513, -0.017548, 0.994019]","[-0.063232, 0.214600, 0.043457]","[[0.986145, -0.074951, -0.148560], [0.071045, 0.997070, -0.030762], [0.150391, 0.019653, 0.988464]]",0.986145,"[8289, 8285, 7886, 8051]"
57.293068,"[-0.398438, 0.187500, -1.039062]","[-2.086288, 0.165329, -0.384095]","[-1.099998, 0.039999, -0.167236]","[-1.345891, -0.090105, -0.315603]","[0.147705, -0.031006, -0.076416]","[-0.012665, 0.074341, -0.037048, 0.996490]","[-0.004883, 0.097900, -0.017548, 0.995026]","[-0.028320, 0.282715, -0.083008]","[[0.986267, -0.075745, -0.147217], [0.071960, 0.997009, -0.030823], [0.149048, 0.019714, 0.988647]]",0.986267,"[8383, 8381, 7832, 8015]"
57.324333,"[-0.429688, 0.187500, -1.042969]","[-2.138072, 0.161444, -0.396392]","[-0.939999, 0.019999, -0.179047]","[-1.304532, -0.108869, -0.313768]","[0.148682, -0.033203, -0.076416]","[-0.013733, 0.074921, -0.036926, 0.996399]","[-0.004547, 0.106659, -0.017487, 0.994110]","[-0.436768, 0.271484, -0.008545]","[[0.985962, -0.075684, -0.148315], [0.071533, 0.996765, -0.032959], [0.150269, 0.021851, 0.988281]]",0.985962,"[8344, 8296, 7871, 8116]"
57.359486,"[-0.457031, 0.187500, -1.046875]","[-2.188171, 0.156820, -0.408603]","[-0.969997, 0.009998, -0.186605]","[-1.260169, -0.127934, -0.311479]","[0.145508, -0.031250, -0.076172]","[-0.012817, 0.073303, -0.036926, 0.996552]","[-0.004425, 0.107025, -0.017487, 0.994080]","[-0.068604, 0.523682, 0.150391]","[[0.986511, -0.075500, -0.145142], [0.071716, 0.996948, -0.031006], [0.146973, 0.020142, 0.988892]]",0.986511,"[8397, 8403, 7762, 7963]"
57.390724,"[-0.500000, 0.187500, -1.050781]","[-2.212553, 0.154228, -0.414675]","[-1.209997, 0.019999, -0.156603]","[-1.236908, -0.137563, -0.310165]","[0.145996, -0.031738, -0.075928]","[-0.013092, 0.073517, -0.036774, 0.996521]","[-0.005096, 0.095581, -0.017548, 0.995239]","[-0.242676, 0.135742, 0.059814]","[[0.986389, -0.075256, -0.145569], [0.071350, 0.996887, -0.031555], [0.147400, 0.020691, 0.988770]]",0.986389,"[8316, 8368, 7792, 7968]"
57.425896,"[-0.539062, 0.187500, -1.054688]","[-2.259922, 0.148474, -0.426732]","[-1.059998, 0.009998, -0.175167]","[-1.188225, -0.156975, -0.307201]","[0.145752, -0.032227, -0.076172]","[-0.013367, 0.073425, -0.036865, 0.996521]","[-0.005096, 0.103485, -0.017456, 0.994446]","[-0.031494, -0.154541, -0.035645]","[[0.986389, -0.075500, -0.145325], [0.071472, 0.996826, -0.032104], [0.147278, 0.021240, 0.988770]]",0.986389,"[8293, 8296, 7860, 8057]"
57.459084,"[-0.578125, 0.187500, -1.058594]","[-2.305347, 0.141962, -0.438667]","[-1.269999, 0.009998, -0.176933]","[-1.136848, -0.176542, -0.303796]","[0.142090, -0.034424, -0.077148]","[-0.014435, 0.071594, -0.037292, 0.996613]","[-0.005524, 0.093628, -0.017517, 0.995422]","[-0.051025, 0.035156, -0.038330]","[[0.986816, -0.076416, -0.141663], [0.072266, 0.996643, -0.034180], [0.143738, 0.023438, 0.989197]]",0.986816,"[8425, 8359, 7750, 8013]"
57.49424,"[-0.617188, 0.187500, -1.066406]","[-2.348706, 0.134679, -0.450460]","[-1.109999, 0.000000, -0.187208]","[-1.082870, -0.196197, -0.299966]","[0.138672, -0.032715, -0.078125]","[-0.013611, 0.069885, -0.037811, 0.996735]","[-0.005554, 0.101654, -0.017456, 0.994629]","[0.147217, 0.094238, -0.051514]","[[0.987305, -0.077332, -0.138306], [0.073425, 0.996704, -0.032471], [0.140259, 0.021851, 0.989746]]",0.987305,"[8312, 8362, 7810, 8002]"
57.527443,"[-0.656250, 0.187500, -1.070312]","[-2.369587, 0.130754, -0.456299]","[-1.349998, 0.000000, -0.165091]","[-1.054934, -0.206040, -0.297886]","[0.136719, -0.034668, -0.078613]","[-0.014679, 0.068970, -0.038025, 0.996796]","[-0.006195, 0.090088, -0.017517, 0.995728]","[-0.116943, -0.177490, -0.078125]","[[0.987610, -0.077942, -0.136353], [0.073792, 0.996643, -0.034546], [0.138550, 0.024048, 0.990051]]",0.98761,"[8387, 8359, 7754, 7962]"
57.560658,"[-0.699219, 0.187500, -1.074219]","[-2.409686, 0.122319, -0.467853]","[-1.159998, 0.009998, -0.155029]","[-0.997215, -0.225717, -0.293416]","[0.134521, -0.032959, -0.078369]","[-0.013763, 0.067810, -0.037933, 0.996857]","[-0.007324, 0.098816, -0.017303, 0.994904]","[0.102051, 0.074707, -0.035156]","[[0.987793, -0.077576, -0.134155], [0.073792, 0.996582, -0.032654], [0.136230, 0.022278, 0.990295]]",0.987793,"[8302, 8341, 7820, 7965]"
57.593849,"[-0.738281, 0.187500, -1.082031]","[-2.447475, 0.113122, -0.479220]","[-1.179998, -0.009998, -0.161695]","[-0.937351, -0.245305, -0.288540]","[0.132324, -0.033203, -0.078613]","[-0.013947, 0.066772, -0.038086, 0.996948]","[-0.007050, 0.097626, -0.017334, 0.995026]","[-0.017334, 0.095947, -0.079834]","[[0.988159, -0.077881, -0.132080], [0.074097, 0.996704, -0.032959], [0.134155, 0.022705, 0.990662]]",0.988159,"[8363, 8404, 7798, 7933]"
57.627052,"[-0.789062, 0.199219, -1.085938]","[-2.465482, 0.108237, -0.484831]","[-1.449997, -0.019999, -0.122280]","[-0.906580, -0.255049, -0.285955]","[0.130127, -0.033691, -0.078613]","[-0.014252, 0.065674, -0.038147, 0.997009]","[-0.007782, 0.083496, -0.017456, 0.996307]","[0.011475, -0.549316, -0.094727]","[[0.988403, -0.078003, -0.129883], [0.074219, 0.996643, -0.033508], [0.131958, 0.023376, 0.990906]]",0.988403,"[8358, 8366, 7774, 7949]"
57.660255,"[-0.839844, 0.187500, -1.085938]","[-2.499651, 0.097890, -0.495889]","[-1.229998, -0.009998, -0.082825]","[-0.843567, -0.274396, -0.280488]","[0.129395, -0.033936, -0.079834]","[-0.014404, 0.065338, -0.038727, 0.997009]","[-0.008545, 0.092743, -0.017273, 0.995483]","[0.000244, 0.325195, -0.000488]","[[0.988403, -0.079163, -0.129150], [0.075378, 0.996521, -0.033813], [0.131348, 0.023682, 0.991028]]",0.988403,"[8281, 8311, 7841, 8108]"
57.693462,"[-0.878906, 0.187500, -1.089844]","[-2.531345, 0.086796, -0.506733]","[-1.499998, -0.009998, -0.145477]","[-0.778549, -0.293514, -0.274634]","[0.125488, -0.032715, -0.079834]","[-0.013824, 0.063324, -0.038879, 0.997131]","[-0.009064, 0.078979, -0.017395, 0.996674]","[0.082764, -0.159180, -0.050537]","[[0.988892, -0.079346, -0.125244], [0.075806, 0.996521, -0.032532], [0.127319, 0.022644, 0.991516]]",0.988892,"[8335, 8427, 7825, 7919]"
57.728611,"[-0.929688, 0.187500, -1.105469]","[-2.560469, 0.074966, -0.517346]","[-1.279999, -0.019999, -0.220068]","[-0.711720, -0.312335, -0.268399]","[0.122070, -0.033936, -0.080322]","[-0.014526, 0.061676, -0.039032, 0.997223]","[-0.009552, 0.088104, -0.017242, 0.995911]","[-0.168701, -0.182617, -0.122803]","[[0.989258, -0.079712, -0.121887], [0.076050, 0.996460, -0.033813], [0.124084, 0.024170, 0.991882]]",0.989258,"[8264, 8311, 7815, 7994]"
57.761818,"[-0.968750, 0.187500, -1.109375]","[-2.574041, 0.068777, -0.522554]","[-1.279999, -0.029999, -0.266794]","[-0.677689, -0.321600, -0.265154]","[0.118408, -0.033447, -0.080566]","[-0.014374, 0.059814, -0.039215, 0.997345]","[-0.009918, 0.087006, -0.017212, 0.996002]","[-0.010742, 0.009033, 0.106689]","[[0.989746, -0.080017, -0.118164], [0.076477, 0.996521, -0.033386], [0.120361, 0.023987, 0.992432]]",0.989746,"[8290, 8353, 7727, 7885]"
57.910271,"[-1.058594, 0.187500, -1.128906]","[-2.657940, 0.012961, -0.561779]","[-1.319998, -0.019999, -0.287527]","[-0.393303, -0.391315, -0.236126]","[0.113281, -0.035156, -0.080811]","[-0.015289, 0.057281, -0.039337, 0.997467]","[-0.014679, 0.083252, -0.016876, 0.996246]","[0.081787, 0.097412, -0.068115]","[[0.990295, -0.080261, -0.113098], [0.076721, 0.996399, -0.035034], [0.115417, 0.026001, 0.992920]]",0.990295,"[8202, 8286, 7708, 7815]"
57.912212,"[-1.109375, 0.187500, -1.128906]","[-2.657940, 0.012961, -0.561779]","[-1.349998, -0.039999, -0.287527]","[-0.393303, -0.391315, -0.236126]","[0.113281, -0.035156, -0.080811]","[-0.015289, 0.057281, -0.039337, 0.997467]","[-0.013763, 0.079010, -0.017029, 0.996613]","[0.081787, 0.097412, -0.068115]","[[0.990295, -0.080261, -0.113098], [0.076721, 0.996399, -0.035034], [0.115417, 0.026001, 0.992920]]",0.990295,"[8202, 8294, 7687, 7807]"
57.914158,"[-1.167969, 0.187500, -1.140625]","[-2.657940, 0.012961, -0.561779]","[-1.649998, -0.049999, -0.287973]","[-0.393303, -0.391315, -0.236126]","[0.114258, -0.035156, -0.080566]","[-0.015320, 0.057739, -0.039246, 0.997467]","[-0.013000, 0.060883, -0.017395, 0.997894]","[-0.111572, -0.222168, 0.065186]","[[0.990295, -0.080078, -0.114014], [0.076538, 0.996521, -0.035156], [0.116333, 0.026001, 0.992920]]",0.990295,"[8169, 8289, 7697, 7812]"
57.929783,"[-1.207031, 0.187500, -1.144531]","[-2.665281, 0.005238, -0.566360]","[-1.369997, -0.029999, -0.303839]","[-0.356514, -0.399363, -0.232138]","[0.112549, -0.035889, -0.080078]","[-0.015747, 0.057037, -0.039001, 0.997467]","[-0.014771, 0.072174, -0.017090, 0.997131]","[-0.094727, -0.427490, 0.015869]","[[0.990356, -0.079651, -0.112549], [0.075989, 0.996338, -0.035889], [0.114990, 0.026978, 0.992859]]",0.990356,"[8110, 8229, 7750, 7876]"
