t,p,p_d,v,v_d,Angles,q,q_sp,w,R,T_sp,rpm
34.274185,"[-0.019531, 0.078125, -1.015625]","[0.000000, -0.000000, -0.000000]","[-0.009998, -0.009998, 0.095392]","[0.000001, -0.000001, -0.000001]","[0.011230, -0.019043, -0.051025]","[-0.009460, 0.005890, -0.025513, 0.999634]","[-0.000732, 0.000702, -0.024261, 0.999695]","[-0.124512, 0.035156, -0.050781]","[[0.998657, -0.051147, -0.011292], [0.050903, 0.998596, -0.019226], [0.012146, 0.018616, 0.999817]]",0.998657,"[7979, 7909, 7893, 7979]"
34.321045,"[-0.027344, 0.078125, -1.019531]","[0.000000, -0.000000, -0.000000]","[-0.009998, -0.019999, 0.107452]","[0.000011, -0.000007, -0.000004]","[0.010010, -0.018799, -0.053223]","[-0.009338, 0.005371, -0.026642, 0.999603]","[-0.000244, 0.000336, -0.024261, 0.999695]","[-0.071289, -0.030518, -0.051270]","[[0.998535, -0.053406, -0.010193], [0.053162, 0.998413, -0.018982], [0.011169, 0.018372, 0.999817]]",0.998535,"[7980, 7918, 7909, 8025]"
34.354237,"[-0.027344, 0.078125, -1.019531]","[0.000001, -0.000001, -0.000000]","[-0.009998, -0.009998, 0.103302]","[0.000042, -0.000025, -0.000015]","[0.009766, -0.019043, -0.054932]","[-0.009399, 0.005157, -0.027496, 0.999573]","[-0.000610, 0.000214, -0.024261, 0.999695]","[0.154541, -0.027344, -0.073730]","[[0.998413, -0.055115, -0.009766], [0.054871, 0.998291, -0.019104], [0.010742, 0.018494, 0.999756]]",0.998413,"[7997, 7904, 7895, 8074]"
34.389389,"[-0.027344, 0.078125, -1.019531]","[0.000002, -0.000001, -0.000001]","[0.000000, -0.009998, 0.096825]","[0.000071, -0.000041, -0.000026]","[0.008789, -0.018066, -0.056885]","[-0.008881, 0.004730, -0.028473, 0.999542]","[-0.000610, 0.000702, -0.024261, 0.999695]","[-0.070312, -0.084229, -0.026367]","[[0.998291, -0.057068, -0.008911], [0.056824, 0.998169, -0.018066], [0.009888, 0.017456, 0.999756]]",0.998291,"[7966, 7952, 7913, 8011]"
34.422592,"[-0.027344, 0.078125, -1.019531]","[0.000007, -0.000004, -0.000002]","[0.000000, 0.000000, 0.103500]","[0.000168, -0.000098, -0.000061]","[0.007812, -0.018066, -0.059082]","[-0.008942, 0.004211, -0.029480, 0.999512]","[-0.000977, 0.000580, -0.024261, 0.999695]","[0.124756, 0.025146, -0.085449]","[[0.998169, -0.059082, -0.007874], [0.058838, 0.998047, -0.018188], [0.008850, 0.017578, 0.999756]]",0.998169,"[7982, 7950, 7875, 8027]"
34.455795,"[-0.027344, 0.078125, -1.023438]","[0.000016, -0.000010, -0.000006]","[-0.009998, -0.009998, 0.094997]","[0.000338, -0.000197, -0.000124]","[0.007324, -0.018555, -0.060791]","[-0.009125, 0.004028, -0.030365, 0.999481]","[-0.000488, 0.000092, -0.024261, 0.999695]","[-0.136963, 0.043701, -0.026367]","[[0.998047, -0.060852, -0.007446], [0.060608, 0.997925, -0.018555], [0.008545, 0.017944, 0.999756]]",0.998047,"[7953, 7933, 7876, 8048]"
34.524181,"[-0.027344, 0.078125, -1.023438]","[0.000048, -0.000028, -0.000018]","[0.000000, -0.009998, 0.082397]","[0.000793, -0.000461, -0.000290]","[0.006592, -0.019043, -0.064941]","[-0.009399, 0.003632, -0.032471, 0.999420]","[-0.000610, 0.000580, -0.024261, 0.999695]","[-0.120361, -0.067871, -0.016602]","[[0.997803, -0.065063, -0.006592], [0.064819, 0.997681, -0.019043], [0.007812, 0.018555, 0.999756]]",0.997803,"[7954, 7904, 7890, 8036]"
34.557365,"[-0.019531, 0.078125, -1.019531]","[0.000088, -0.000051, -0.000032]","[-0.029999, 0.000000, 0.109287]","[0.001272, -0.000739, -0.000465]","[0.005615, -0.019043, -0.066895]","[-0.009430, 0.003174, -0.033508, 0.999390]","[-0.001068, -0.000366, -0.024261, 0.999695]","[-0.035400, 0.046387, -0.086914]","[[0.997681, -0.067078, -0.005676], [0.066956, 0.997559, -0.019104], [0.006897, 0.018616, 0.999756]]",0.997681,"[7967, 7917, 7882, 8032]"
34.592525,"[-0.019531, 0.078125, -1.019531]","[0.000150, -0.000087, -0.000055]","[0.009998, -0.009998, 0.114058]","[0.001930, -0.001119, -0.000704]","[0.004883, -0.018555, -0.069336]","[-0.009247, 0.002808, -0.034698, 0.999359]","[-0.000641, 0.001556, -0.024261, 0.999695]","[-0.033936, -0.234375, -0.047119]","[[0.997559, -0.069458, -0.004944], [0.069336, 0.997437, -0.018738], [0.006165, 0.018250, 0.999817]]",0.997559,"[7931, 7935, 7854, 8059]"
34.658924,"[-0.027344, 0.078125, -1.015625]","[0.000301, -0.000175, -0.000110]","[0.000000, -0.009998, 0.088079]","[0.003327, -0.001926, -0.001212]","[0.004395, -0.018311, -0.073730]","[-0.009033, 0.002563, -0.036865, 0.999268]","[-0.000488, 0.000458, -0.024261, 0.999695]","[0.004883, 0.290527, 0.009277]","[[0.997192, -0.073792, -0.004456], [0.073669, 0.997070, -0.018311], [0.005676, 0.017822, 0.999756]]",0.997192,"[7938, 7926, 7820, 8020]"
34.694077,"[-0.027344, 0.078125, -1.015625]","[0.000455, -0.000264, -0.000166]","[0.009998, 0.000000, 0.087116]","[0.004581, -0.002648, -0.001667]","[0.004395, -0.018066, -0.076172]","[-0.008942, 0.002563, -0.038055, 0.999237]","[-0.000977, 0.000946, -0.024261, 0.999695]","[0.025635, -0.025879, -0.087891]","[[0.997070, -0.076172, -0.004395], [0.076050, 0.996948, -0.018127], [0.005737, 0.017639, 0.999817]]",0.99707,"[7922, 7907, 7860, 8052]"
34.72728,"[-0.027344, 0.078125, -1.015625]","[0.000663, -0.000384, -0.000242]","[0.029999, -0.019999, 0.089241]","[0.006132, -0.003540, -0.002230]","[0.005127, -0.018066, -0.077881]","[-0.008942, 0.002930, -0.039001, 0.999176]","[-0.000031, 0.001801, -0.024261, 0.999695]","[0.053955, 0.220459, -0.000244]","[[0.996826, -0.078003, -0.005127], [0.077881, 0.996704, -0.018127], [0.006470, 0.017639, 0.999695]]",0.996826,"[7938, 7915, 7844, 8072]"
34.760483,"[-0.019531, 0.078125, -1.015625]","[0.000791, -0.000458, -0.000288]","[0.019999, -0.009998, 0.097855]","[0.007031, -0.004056, -0.002555]","[0.004883, -0.018066, -0.080078]","[-0.008911, 0.002899, -0.040100, 0.999146]","[-0.000519, 0.001801, -0.024261, 0.999695]","[-0.068848, -0.193359, -0.119385]","[[0.996704, -0.080200, -0.005066], [0.080078, 0.996582, -0.018066], [0.006409, 0.017578, 0.999756]]",0.996704,"[7937, 7936, 7849, 8072]"
34.795639,"[-0.019531, 0.078125, -1.011719]","[0.001105, -0.000639, -0.000402]","[0.009998, -0.009998, 0.106525]","[0.009093, -0.005238, -0.003301]","[0.005615, -0.017578, -0.082275]","[-0.008728, 0.003235, -0.041168, 0.999115]","[-0.000519, 0.001312, -0.024261, 0.999695]","[0.010254, 0.233154, -0.020996]","[[0.996582, -0.082336, -0.005737], [0.082214, 0.996460, -0.017761], [0.007080, 0.017151, 0.999817]]",0.996582,"[7937, 7935, 7877, 8051]"
34.828842,"[-0.019531, 0.078125, -1.007812]","[0.001507, -0.000870, -0.000548]","[0.019999, -0.009998, 0.097923]","[0.011536, -0.006636, -0.004184]","[0.005615, -0.017822, -0.084717]","[-0.008820, 0.003265, -0.042328, 0.999054]","[-0.000519, 0.001678, -0.024261, 0.999695]","[-0.019531, -0.255615, -0.089111]","[[0.996338, -0.084656, -0.005737], [0.084534, 0.996216, -0.017944], [0.007202, 0.017334, 0.999756]]",0.996338,"[7929, 7956, 7852, 8101]"
34.862045,"[-0.027344, 0.078125, -1.003906]","[0.002012, -0.001160, -0.000731]","[0.029999, -0.009998, 0.124336]","[0.014392, -0.008266, -0.005213]","[0.006104, -0.017822, -0.086670]","[-0.008850, 0.003479, -0.043365, 0.998993]","[-0.000519, 0.001678, -0.024261, 0.999695]","[-0.232666, 0.426758, -0.079590]","[[0.996094, -0.086792, -0.006165], [0.086548, 0.995972, -0.018005], [0.007629, 0.017395, 0.999695]]",0.996094,"[7919, 7956, 7853, 8074]"
34.895252,"[-0.019531, 0.078125, -1.000000]","[0.002308, -0.001330, -0.000838]","[0.019999, -0.009998, 0.099566]","[0.015983, -0.009174, -0.005787]","[0.006348, -0.018311, -0.088135]","[-0.009033, 0.003632, -0.044037, 0.998962]","[-0.000519, 0.001556, -0.024261, 0.999695]","[0.056641, 0.024414, -0.102783]","[[0.995972, -0.088135, -0.006409], [0.087891, 0.995850, -0.018433], [0.007996, 0.017700, 0.999695]]",0.995972,"[7911, 7968, 7864, 8065]"
34.928452,"[-0.019531, 0.066406, -1.000000]","[0.003000, -0.001727, -0.001089]","[0.019999, -0.019999, 0.031498]","[0.019512, -0.011182, -0.007057]","[0.006104, -0.018311, -0.089844]","[-0.009003, 0.003479, -0.044830, 0.998932]","[0.000549, 0.001709, -0.024261, 0.999695]","[0.136963, -0.288574, -0.009277]","[[0.995850, -0.089722, -0.006104], [0.089478, 0.995728, -0.018372], [0.007690, 0.017639, 0.999695]]",0.99585,"[7926, 7966, 7840, 8038]"
34.961655,"[-0.019531, 0.066406, -1.000000]","[0.003839, -0.002208, -0.001392]","[0.019999, 0.000000, 0.051512]","[0.023525, -0.013460, -0.008498]","[0.006836, -0.018799, -0.091797]","[-0.009247, 0.003876, -0.045837, 0.998901]","[-0.000397, 0.001556, -0.024261, 0.999695]","[0.084717, 0.280518, -0.041260]","[[0.995728, -0.091736, -0.006897], [0.091492, 0.995605, -0.018860], [0.008484, 0.018127, 0.999756]]",0.995728,"[7926, 7920, 7804, 8081]"
34.994862,"[-0.019531, 0.066406, -0.996094]","[0.004320, -0.002482, -0.001565]","[0.019999, -0.009998, 0.032181]","[0.025719, -0.014704, -0.009285]","[0.006836, -0.018066, -0.093506]","[-0.008881, 0.003876, -0.046661, 0.998871]","[0.000061, 0.001587, -0.024261, 0.999695]","[0.033203, -0.108887, -0.046387]","[[0.995605, -0.093384, -0.006897], [0.093140, 0.995483, -0.018127], [0.008484, 0.017395, 0.999817]]",0.995605,"[7888, 7933, 7840, 8071]"
35.030014,"[-0.019531, 0.066406, -0.988281]","[0.005416, -0.003109, -0.001961]","[0.039999, -0.019999, 0.085001]","[0.030501, -0.017410, -0.010998]","[0.006592, -0.018066, -0.095215]","[-0.008850, 0.003784, -0.047577, 0.998810]","[0.000427, 0.002441, -0.024261, 0.999695]","[-0.124512, 0.132080, 0.008301]","[[0.995361, -0.095215, -0.006714], [0.094971, 0.995239, -0.018066], [0.008301, 0.017334, 0.999756]]",0.995361,"[7927, 7952, 7866, 8091]"
35.063217,"[-0.019531, 0.066406, -0.984375]","[0.006710, -0.003846, -0.002427]","[0.029999, -0.009998, 0.102495]","[0.035824, -0.020414, -0.012901]","[0.006348, -0.017334, -0.097168]","[-0.008484, 0.003632, -0.048492, 0.998779]","[-0.000153, 0.001801, -0.024261, 0.999695]","[0.140625, -0.101318, -0.085449]","[[0.995239, -0.097046, -0.006409], [0.096802, 0.995117, -0.017334], [0.007996, 0.016602, 0.999817]]",0.995239,"[7948, 7974, 7851, 8098]"
35.09642,"[-0.019531, 0.066406, -0.976562]","[0.008222, -0.004708, -0.002971]","[0.049999, -0.009998, 0.117495]","[0.041707, -0.023725, -0.015001]","[0.006836, -0.016602, -0.098877]","[-0.008148, 0.003876, -0.049408, 0.998718]","[-0.000183, 0.002655, -0.024261, 0.999695]","[-0.041260, 0.134033, -0.021484]","[[0.994995, -0.098816, -0.006897], [0.098572, 0.994873, -0.016724], [0.008484, 0.015869, 0.999695]]",0.994995,"[7933, 7984, 7884, 8091]"
35.129627,"[-0.019531, 0.066406, -0.972656]","[0.009067, -0.005188, -0.003275]","[0.039999, -0.009998, 0.135790]","[0.044864, -0.025498, -0.016126]","[0.006592, -0.016846, -0.100342]","[-0.008240, 0.003754, -0.050171, 0.998688]","[-0.000153, 0.002167, -0.024261, 0.999695]","[-0.057129, -0.192383, -0.045898]","[[0.994873, -0.100342, -0.006653], [0.100098, 0.994751, -0.016907], [0.008240, 0.016052, 0.999756]]",0.994873,"[7946, 7993, 7883, 8125]"
35.19603,"[-0.007812, 0.066406, -0.964844]","[0.013108, -0.007480, -0.004726]","[0.059999, -0.009998, 0.173321]","[0.058966, -0.033393, -0.021139]","[0.006836, -0.016357, -0.103516]","[-0.008057, 0.003845, -0.051727, 0.998596]","[-0.000305, 0.003632, -0.024261, 0.999695]","[-0.069824, -0.206787, -0.058105]","[[0.994507, -0.103455, -0.006836], [0.103210, 0.994385, -0.016541], [0.008423, 0.015686, 0.999695]]",0.994507,"[7974, 8024, 7918, 8128]"
35.229233,"[-0.007812, 0.066406, -0.960938]","[0.014297, -0.008153, -0.005152]","[0.039999, -0.009998, 0.177998]","[0.062867, -0.035568, -0.022522]","[0.007324, -0.017090, -0.104980]","[-0.008362, 0.004150, -0.052399, 0.998566]","[-0.000397, 0.002289, -0.024261, 0.999695]","[0.039551, 0.081055, -0.036377]","[[0.994385, -0.104797, -0.007385], [0.104553, 0.994263, -0.017212], [0.009094, 0.016235, 0.999695]]",0.994385,"[8007, 8029, 7900, 8171]"
35.297592,"[0.000000, 0.066406, -0.945312]","[0.019862, -0.011296, -0.007143]","[0.059999, 0.000000, 0.207613]","[0.080006, -0.045090, -0.028581]","[0.008545, -0.017090, -0.106934]","[-0.008270, 0.004730, -0.053467, 0.998505]","[-0.001038, 0.003510, -0.024261, 0.999695]","[0.042236, 0.105957, 0.013916]","[[0.994141, -0.106934, -0.008545], [0.106689, 0.994019, -0.017090], [0.010254, 0.015991, 0.999695]]",0.994141,"[8016, 8042, 7953, 8180]"
35.330799,"[0.000000, 0.066406, -0.941406]","[0.023171, -0.013159, -0.008324]","[0.059999, -0.009998, 0.233475]","[0.089504, -0.050342, -0.031927]","[0.008545, -0.017822, -0.108154]","[-0.008636, 0.004852, -0.054077, 0.998505]","[-0.000671, 0.003265, -0.024261, 0.999695]","[-0.038086, 0.021240, -0.078369]","[[0.994141, -0.108154, -0.008728], [0.107910, 0.994019, -0.017822], [0.010559, 0.016724, 0.999817]]",0.994141,"[8016, 8064, 7946, 8210]"
35.363998,"[0.000000, 0.066406, -0.933594]","[0.024967, -0.014168, -0.008964]","[0.070000, -0.009998, 0.244762]","[0.094484, -0.053089, -0.033679]","[0.007812, -0.017822, -0.109375]","[-0.008728, 0.004456, -0.054596, 0.998474]","[-0.001038, 0.003387, -0.024261, 0.999695]","[0.049561, -0.062988, -0.018799]","[[0.994019, -0.109192, -0.007935], [0.108948, 0.993896, -0.017944], [0.009766, 0.016968, 0.999817]]",0.994019,"[8032, 8084, 7953, 8191]"
35.397202,"[0.000000, 0.066406, -0.929688]","[0.028859, -0.016353, -0.010351]","[0.049999, -0.019999, 0.258289]","[0.104911, -0.058824, -0.037339]","[0.008789, -0.017334, -0.109863]","[-0.008392, 0.004974, -0.054901, 0.998444]","[-0.000519, 0.002167, -0.024261, 0.999695]","[0.289062, 0.105469, -0.092773]","[[0.993896, -0.109802, -0.008972], [0.109558, 0.993774, -0.017334], [0.010803, 0.016235, 0.999756]]",0.993896,"[8027, 8092, 7992, 8185]"
35.432362,"[0.000000, 0.066406, -0.925781]","[0.033172, -0.018769, -0.011884]","[0.049999, -0.009998, 0.183411]","[0.115956, -0.064878, -0.041206]","[0.008789, -0.018555, -0.110840]","[-0.008972, 0.004974, -0.055328, 0.998444]","[-0.001129, 0.002045, -0.024261, 0.999695]","[-0.343262, 0.376221, 0.005615]","[[0.993896, -0.110657, -0.008911], [0.110413, 0.993774, -0.018555], [0.010864, 0.017334, 0.999878]]",0.993896,"[8034, 8062, 7970, 8232]"
35.47142,"[0.007812, 0.066406, -0.921875]","[0.037927, -0.021426, -0.013573]","[0.070000, 0.000000, 0.131739]","[0.127609, -0.071240, -0.045275]","[0.008789, -0.018311, -0.111816]","[-0.008972, 0.004913, -0.055786, 0.998383]","[-0.001892, 0.002991, -0.024261, 0.999695]","[0.135986, 0.190430, 0.006104]","[[0.993652, -0.111572, -0.008789], [0.111328, 0.993530, -0.018494], [0.010742, 0.017395, 0.999695]]",0.993652,"[8026, 8060, 7953, 8200]"
35.610107,"[0.007812, 0.066406, -0.910156]","[0.058399, -0.032806, -0.020814]","[0.059999, 0.000000, 0.129612]","[0.173069, -0.095827, -0.061043]","[0.007080, -0.018799, -0.113525]","[-0.009186, 0.004120, -0.056702, 0.998352]","[-0.002808, 0.000763, -0.024261, 0.999695]","[0.010742, 0.124023, 0.035156]","[[0.993530, -0.113342, -0.007141], [0.113098, 0.993408, -0.018860], [0.009216, 0.017883, 0.999817]]",0.99353,"[8033, 8078, 7955, 8215]"
35.612049,"[0.019531, 0.058594, -0.906250]","[0.058399, -0.032806, -0.020814]","[0.059999, -0.009998, 0.143684]","[0.173069, -0.095827, -0.061043]","[0.007080, -0.019043, -0.113281]","[-0.009308, 0.004089, -0.056641, 0.998352]","[-0.001862, 0.001526, -0.024261, 0.999695]","[-0.168213, -0.054932, 0.032471]","[[0.993530, -0.113220, -0.007080], [0.112976, 0.993408, -0.019104], [0.009155, 0.018127, 0.999817]]",0.99353,"[8024, 8068, 7945, 8188]"
35.633545,"[0.019531, 0.058594, -0.902344]","[0.061848, -0.034715, -0.022030]","[0.080000, 0.000000, 0.146198]","[0.180133, -0.099615, -0.063478]","[0.007080, -0.019287, -0.113525]","[-0.009491, 0.004089, -0.056702, 0.998352]","[-0.002716, 0.002228, -0.024261, 0.999695]","[-0.105957, -0.025146, 0.046875]","[[0.993530, -0.113342, -0.007080], [0.113098, 0.993408, -0.019470], [0.009155, 0.018494, 0.999817]]",0.99353,"[8040, 8067, 7969, 8190]"
35.666733,"[0.027344, 0.058594, -0.902344]","[0.069167, -0.038757, -0.024607]","[0.070000, -0.009998, 0.167768]","[0.194675, -0.107385, -0.068479]","[0.006592, -0.019043, -0.113770]","[-0.009277, 0.003906, -0.056885, 0.998352]","[-0.002350, 0.001526, -0.024261, 0.999695]","[0.115723, -0.134766, -0.064697]","[[0.993530, -0.113708, -0.006714], [0.113464, 0.993408, -0.019043], [0.008789, 0.018066, 0.999878]]",0.99353,"[8030, 8102, 7992, 8217]"
35.809326,"[0.019531, 0.058594, -0.886719]","[0.099468, -0.055391, -0.035229]","[0.089998, 0.000000, 0.137215]","[0.249587, -0.136383, -0.087211]","[0.006104, -0.020996, -0.114014]","[-0.010315, 0.003723, -0.057007, 0.998322]","[-0.004364, -0.000580, -0.024292, 0.999695]","[-0.017822, -0.248779, -0.039551]","[[0.993469, -0.113953, -0.006226], [0.113708, 0.993286, -0.021057], [0.008545, 0.020203, 0.999756]]",0.993469,"[8071, 8087, 7987, 8239]"
35.811264,"[0.027344, 0.066406, -0.886719]","[0.099468, -0.055391, -0.035229]","[0.089998, -0.009998, 0.123291]","[0.249587, -0.136383, -0.087211]","[0.006348, -0.020996, -0.114014]","[-0.010254, 0.003815, -0.056976, 0.998322]","[-0.004364, -0.000092, -0.024261, 0.999695]","[0.047119, 0.101074, 0.036377]","[[0.993469, -0.113892, -0.006409], [0.113647, 0.993286, -0.020996], [0.008728, 0.020020, 0.999756]]",0.993469,"[8065, 8102, 7996, 8236]"
35.955803,"[0.039062, 0.066406, -0.875000]","[0.143806, -0.079471, -0.050655]","[0.080000, 0.000000, 0.139994]","[0.318989, -0.172233, -0.110532]","[0.003418, -0.023193, -0.113037]","[-0.011475, 0.002380, -0.056549, 0.998322]","[-0.006500, -0.003082, -0.024292, 0.999664]","[-0.012695, -0.305664, -0.085938]","[[0.993530, -0.112976, -0.003418], [0.112854, 0.993286, -0.023254], [0.005981, 0.022644, 0.999634]]",0.99353,"[8104, 8125, 8019, 8282]"
35.957748,"[0.046875, 0.066406, -0.875000]","[0.143806, -0.079471, -0.050655]","[0.080000, -0.019999, 0.139994]","[0.318989, -0.172233, -0.110532]","[0.003418, -0.023193, -0.113037]","[-0.011475, 0.002380, -0.056549, 0.998322]","[-0.005524, -0.002686, -0.024292, 0.999664]","[-0.012695, -0.305664, -0.085938]","[[0.993530, -0.112976, -0.003418], [0.112854, 0.993286, -0.023254], [0.005981, 0.022644, 0.999634]]",0.99353,"[8111, 8124, 8019, 8271]"
35.967514,"[0.046875, 0.066406, -0.867188]","[0.143806, -0.079471, -0.050655]","[0.099998, -0.019999, 0.159393]","[0.318989, -0.172233, -0.110532]","[0.003662, -0.023926, -0.113037]","[-0.011810, 0.002594, -0.056427, 0.998322]","[-0.005676, -0.002075, -0.024292, 0.999664]","[-0.092773, 0.203369, 0.101074]","[[0.993530, -0.112793, -0.003845], [0.112549, 0.993286, -0.023926], [0.006409, 0.023315, 0.999634]]",0.99353,"[8122, 8126, 8010, 8275]"
36.115955,"[0.046875, 0.066406, -0.855469]","[0.199432, -0.109302, -0.069840]","[0.089998, -0.009998, 0.131020]","[0.393768, -0.209781, -0.135188]","[0.000000, -0.025391, -0.111328]","[-0.012726, 0.000732, -0.055695, 0.998352]","[-0.008484, -0.006897, -0.024323, 0.999634]","[0.071045, -0.027344, -0.072510]","[[0.993713, -0.111267, 0.000000], [0.111145, 0.993408, -0.025574], [0.002808, 0.025330, 0.999573]]",0.993713,"[8124, 8152, 8072, 8295]"
36.11792,"[0.066406, 0.058594, -0.859375]","[0.199432, -0.109302, -0.069840]","[0.109999, -0.029999, 0.131586]","[0.393768, -0.209781, -0.135188]","[-0.000244, -0.025391, -0.111328]","[-0.012726, 0.000610, -0.055725, 0.998352]","[-0.007202, -0.004791, -0.024323, 0.999664]","[0.016113, -0.137451, -0.016602]","[[0.993713, -0.111328, 0.000244], [0.111206, 0.993408, -0.025574], [0.002563, 0.025330, 0.999573]]",0.993713,"[8126, 8146, 8063, 8317]"
36.135487,"[0.066406, 0.058594, -0.855469]","[0.207217, -0.113446, -0.072511]","[0.109999, -0.019999, 0.109203]","[0.403395, -0.214528, -0.138324]","[-0.000732, -0.024902, -0.111084]","[-0.012482, 0.000275, -0.055511, 0.998383]","[-0.008148, -0.005432, -0.024323, 0.999634]","[0.064453, -0.064697, 0.087402]","[[0.993835, -0.110962, 0.000854], [0.110840, 0.993530, -0.025024], [0.001831, 0.024902, 0.999634]]",0.993835,"[8113, 8178, 8087, 8262]"
36.270256,"[0.066406, 0.058594, -0.851562]","[0.267035, -0.145046, -0.092929]","[0.109999, -0.039999, 0.055841]","[0.471931, -0.247680, -0.160376]","[-0.005127, -0.027588, -0.107910]","[-0.013885, -0.001923, -0.054016, 0.998444]","[-0.009521, -0.009979, -0.024353, 0.999603]","[-0.077881, 0.014404, 0.042236]","[[0.994141, -0.107910, 0.005310], [0.107910, 0.993774, -0.027588], [-0.002380, 0.027954, 0.999573]]",0.994141,"[8119, 8128, 8066, 8291]"
36.272202,"[0.089844, 0.058594, -0.855469]","[0.267035, -0.145046, -0.092929]","[0.150000, -0.039999, 0.050129]","[0.471931, -0.247680, -0.160376]","[-0.005371, -0.028320, -0.107666]","[-0.014282, -0.001923, -0.053864, 0.998444]","[-0.009583, -0.006805, -0.024353, 0.999634]","[-0.144775, -0.031738, 0.072021]","[[0.994141, -0.107605, 0.005371], [0.107605, 0.993774, -0.028381], [-0.002319, 0.028748, 0.999573]]",0.994141,"[8101, 8123, 8074, 8277]"
36.326893,"[0.089844, 0.046875, -0.855469]","[0.295556, -0.159969, -0.102602]","[0.099998, -0.029999, 0.032368]","[0.501689, -0.261701, -0.169791]","[-0.007080, -0.028076, -0.106445]","[-0.014191, -0.002899, -0.053284, 0.998474]","[-0.010468, -0.011230, -0.024384, 0.999573]","[0.106689, -0.054443, -0.039062]","[[0.994263, -0.106384, 0.007263], [0.106506, 0.993896, -0.028076], [-0.004333, 0.028687, 0.999573]]",0.994263,"[8115, 8134, 8057, 8252]"
36.338608,"[0.097656, 0.046875, -0.859375]","[0.295556, -0.159969, -0.102602]","[0.139999, -0.049999, 0.019308]","[0.501689, -0.261701, -0.169791]","[-0.007080, -0.028564, -0.106201]","[-0.014465, -0.002808, -0.053101, 0.998474]","[-0.009888, -0.009247, -0.024353, 0.999603]","[-0.005127, -0.123779, -0.024658]","[[0.994263, -0.106018, 0.007141], [0.106140, 0.993896, -0.028687], [-0.004089, 0.029175, 0.999512]]",0.994263,"[8096, 8151, 8086, 8267]"
36.461655,"[0.109375, 0.046875, -0.859375]","[0.368907, -0.197940, -0.127300]","[0.179998, -0.070000, -0.030329]","[0.571229, -0.293462, -0.191369]","[-0.010010, -0.030762, -0.102539]","[-0.015625, -0.004272, -0.051361, 0.998566]","[-0.011414, -0.011993, -0.024414, 0.999542]","[-0.161865, -0.058838, 0.075684]","[[0.994751, -0.102478, 0.010132], [0.102722, 0.994263, -0.030823], [-0.006958, 0.031677, 0.999512]]",0.994751,"[8074, 8105, 8085, 8237]"
36.473373,"[0.117188, 0.039062, -0.859375]","[0.368907, -0.197940, -0.127300]","[0.160000, -0.059999, -0.006332]","[0.571229, -0.293462, -0.191369]","[-0.010498, -0.031494, -0.102295]","[-0.016022, -0.004486, -0.051239, 0.998566]","[-0.011871, -0.013092, -0.024414, 0.999542]","[-0.156006, -0.126953, 0.001953]","[[0.994751, -0.102234, 0.010559], [0.102478, 0.994263, -0.031616], [-0.007385, 0.032471, 0.999512]]",0.994751,"[8107, 8112, 8097, 8277]"
36.506588,"[0.128906, 0.039062, -0.863281]","[0.391605, -0.209574, -0.134892]","[0.189999, -0.080000, -0.039492]","[0.590977, -0.302198, -0.197378]","[-0.010742, -0.031006, -0.101074]","[-0.015747, -0.004639, -0.050629, 0.998596]","[-0.011536, -0.012238, -0.024414, 0.999542]","[-0.107666, -0.003418, 0.056396]","[[0.994873, -0.101013, 0.010864], [0.101257, 0.994385, -0.031067], [-0.007690, 0.031921, 0.999451]]",0.994873,"[8067, 8097, 8080, 8261]"
36.53978,"[0.128906, 0.039062, -0.867188]","[0.415074, -0.221546, -0.142718]","[0.160000, -0.070000, -0.055529]","[0.610617, -0.310748, -0.203296]","[-0.011719, -0.031006, -0.100098]","[-0.015808, -0.005096, -0.050140, 0.998627]","[-0.012909, -0.015320, -0.024475, 0.999481]","[0.121582, -0.012451, 0.019775]","[[0.994995, -0.100037, 0.011719], [0.100281, 0.994507, -0.031128], [-0.008667, 0.032104, 0.999512]]",0.994995,"[8097, 8119, 8094, 8242]"
36.572983,"[0.136719, 0.039062, -0.867188]","[0.427098, -0.227657, -0.146718]","[0.199999, -0.080000, -0.052099]","[0.620388, -0.314948, -0.206219]","[-0.011963, -0.031982, -0.098877]","[-0.016235, -0.005280, -0.049530, 0.998627]","[-0.013184, -0.014465, -0.024445, 0.999481]","[-0.123535, -0.022705, 0.047363]","[[0.994995, -0.098816, 0.012146], [0.099060, 0.994507, -0.031982], [-0.008972, 0.032959, 0.999390]]",0.994995,"[8037, 8063, 8110, 8269]"
36.606186,"[0.148438, 0.027344, -0.871094]","[0.451714, -0.240123, -0.154887]","[0.230000, -0.089998, -0.077286]","[0.639811, -0.323186, -0.211982]","[-0.013672, -0.032959, -0.097656]","[-0.016754, -0.006042, -0.049011, 0.998657]","[-0.012939, -0.013977, -0.024445, 0.999512]","[0.096924, -0.090576, 0.006836]","[[0.995178, -0.097717, 0.013672], [0.098083, 0.994690, -0.032959], [-0.010498, 0.034058, 0.999390]]",0.995178,"[8101, 8096, 8080, 8241]"
36.678455,"[0.148438, 0.027344, -0.875000]","[0.503195, -0.265992, -0.171886]","[0.179998, -0.080000, -0.085281]","[0.678072, -0.338947, -0.223142]","[-0.015869, -0.034180, -0.094971]","[-0.017517, -0.007111, -0.047699, 0.998688]","[-0.015106, -0.020142, -0.024567, 0.999359]","[-0.124023, -0.169922, 0.072021]","[[0.995361, -0.095032, 0.015869], [0.095520, 0.994812, -0.034363], [-0.012573, 0.035706, 0.999268]]",0.995361,"[8072, 8083, 8088, 8251]"
36.680401,"[0.156250, 0.027344, -0.875000]","[0.503195, -0.265992, -0.171886]","[0.199999, -0.099998, -0.085281]","[0.678072, -0.338947, -0.223142]","[-0.015869, -0.034180, -0.094971]","[-0.017517, -0.007111, -0.047699, 0.998688]","[-0.014282, -0.018768, -0.024536, 0.999390]","[-0.124023, -0.169922, 0.072021]","[[0.995361, -0.095032, 0.015869], [0.095520, 0.994812, -0.034363], [-0.012573, 0.035706, 0.999268]]",0.995361,"[8068, 8063, 8106, 8251]"
36.82299,"[0.179688, 0.019531, -0.886719]","[0.600351, -0.314079, -0.203657]","[0.219999, -0.099998, -0.109846]","[0.742621, -0.363908, -0.241306]","[-0.024414, -0.036377, -0.090576]","[-0.018677, -0.011383, -0.045441, 0.998718]","[-0.017578, -0.024475, -0.024689, 0.999237]","[0.146484, -0.161377, -0.029541]","[[0.995544, -0.090454, 0.024414], [0.091187, 0.995117, -0.036377], [-0.021118, 0.038330, 0.998962]]",0.995544,"[8065, 8073, 8089, 8237]"
36.824955,"[0.199219, 0.019531, -0.890625]","[0.600351, -0.314079, -0.203657]","[0.240000, -0.109999, -0.161263]","[0.742621, -0.363908, -0.241306]","[-0.024414, -0.035889, -0.090576]","[-0.018463, -0.011383, -0.045471, 0.998718]","[-0.017242, -0.022522, -0.024658, 0.999268]","[-0.104492, -0.081055, 0.070312]","[[0.995544, -0.090515, 0.024414], [0.091248, 0.995117, -0.035950], [-0.021118, 0.037903, 0.998962]]",0.995544,"[8051, 8061, 8080, 8207]"
36.842518,"[0.199219, 0.007812, -0.894531]","[0.614943, -0.321218, -0.208393]","[0.299999, -0.139999, -0.137842]","[0.751540, -0.367170, -0.243740]","[-0.025635, -0.036377, -0.089844]","[-0.018738, -0.011993, -0.045166, 0.998718]","[-0.015594, -0.020508, -0.024597, 0.999359]","[0.013916, -0.158203, -0.008301]","[[0.995544, -0.089844, 0.025635], [0.090698, 0.995117, -0.036438], [-0.022339, 0.038513, 0.998901]]",0.995544,"[8047, 8078, 8081, 8229]"
36.875717,"[0.218750, 0.007812, -0.894531]","[0.644648, -0.335686, -0.218009]","[0.259998, -0.109999, -0.169254]","[0.769121, -0.373451, -0.248480]","[-0.026367, -0.036133, -0.088867]","[-0.018677, -0.012390, -0.044678, 0.998749]","[-0.017975, -0.023376, -0.024689, 0.999237]","[0.089600, 0.031006, 0.036865]","[[0.995667, -0.088867, 0.026428], [0.089722, 0.995300, -0.036255], [-0.023132, 0.038452, 0.998962]]",0.995667,"[8076, 8074, 8061, 8225]"
36.90892,"[0.218750, 0.007812, -0.898438]","[0.659751, -0.343008, -0.222884]","[0.279999, -0.119999, -0.140486]","[0.777778, -0.376466, -0.250782]","[-0.026611, -0.036621, -0.087891]","[-0.018860, -0.012482, -0.044189, 0.998779]","[-0.018555, -0.024139, -0.024719, 0.999207]","[-0.111816, -0.082275, 0.026123]","[[0.995789, -0.087891, 0.026611], [0.088745, 0.995422, -0.036621], [-0.023315, 0.038818, 0.998962]]",0.995789,"[8023, 8053, 8127, 8231]"
36.983143,"[0.250000, -0.007812, -0.906250]","[0.721841, -0.372866, -0.242822]","[0.299999, -0.139999, -0.155819]","[0.811449, -0.387654, -0.259524]","[-0.029053, -0.038574, -0.085693]","[-0.019928, -0.013702, -0.043152, 0.998779]","[-0.018738, -0.026093, -0.024750, 0.999176]","[-0.106445, -0.038086, 0.077881]","[[0.995911, -0.085754, 0.029114], [0.086731, 0.995483, -0.038696], [-0.025696, 0.041016, 0.998840]]",0.995911,"[8059, 8043, 8140, 8242]"
37.086658,"[0.269531, -0.019531, -0.917969]","[0.819749, -0.419150, -0.273935]","[0.320000, -0.150000, -0.179871]","[0.858813, -0.401671, -0.271145]","[-0.033691, -0.040771, -0.082764]","[-0.021118, -0.015991, -0.041687, 0.998779]","[-0.020721, -0.030426, -0.024872, 0.998993]","[-0.081055, 0.028320, 0.105957]","[[0.995972, -0.082642, 0.033691], [0.083984, 0.995605, -0.040955], [-0.030273, 0.043518, 0.998535]]",0.995972,"[8050, 8048, 8147, 8245]"
37.088604,"[0.289062, -0.019531, -0.917969]","[0.819749, -0.419150, -0.273935]","[0.339998, -0.160000, -0.169144]","[0.858813, -0.401671, -0.271145]","[-0.033936, -0.040771, -0.082764]","[-0.021118, -0.016113, -0.041748, 0.998779]","[-0.020264, -0.028687, -0.024841, 0.999054]","[0.002197, -0.150391, -0.037354]","[[0.995972, -0.082764, 0.033936], [0.084106, 0.995605, -0.040894], [-0.030518, 0.043579, 0.998596]]",0.995972,"[8073, 8047, 8148, 8279]"
37.110092,"[0.289062, -0.027344, -0.917969]","[0.836593, -0.427013, -0.279247]","[0.439999, -0.209999, -0.167362]","[0.866307, -0.403668, -0.272899]","[-0.034912, -0.041016, -0.082275]","[-0.021240, -0.016663, -0.041473, 0.998779]","[-0.018036, -0.024841, -0.024719, 0.999207]","[-0.049561, -0.066650, 0.011475]","[[0.995972, -0.082214, 0.035034], [0.083557, 0.995667, -0.041138], [-0.031616, 0.043823, 0.998535]]",0.995972,"[8056, 8057, 8139, 8250]"
37.145248,"[0.308594, -0.039062, -0.925781]","[0.870724, -0.442857, -0.289974]","[0.349998, -0.179998, -0.195812]","[0.880941, -0.407364, -0.276243]","[-0.035645, -0.041504, -0.081299]","[-0.021515, -0.017059, -0.041016, 0.998779]","[-0.019867, -0.030518, -0.024841, 0.999023]","[-0.092041, 0.209717, 0.148438]","[[0.996033, -0.081238, 0.035828], [0.082703, 0.995667, -0.041687], [-0.032410, 0.044373, 0.998474]]",0.996033,"[8074, 8054, 8093, 8216]"
37.178455,"[0.328125, -0.039062, -0.929688]","[0.887997, -0.450828, -0.295384]","[0.449999, -0.209999, -0.193541]","[0.888071, -0.409060, -0.277832]","[-0.035400, -0.041504, -0.080322]","[-0.021423, -0.016907, -0.040527, 0.998810]","[-0.019470, -0.026703, -0.024780, 0.999115]","[-0.059082, -0.131592, -0.021973]","[[0.996155, -0.080322, 0.035522], [0.081665, 0.995789, -0.041504], [-0.032104, 0.044189, 0.998474]]",0.996155,"[8008, 8000, 8141, 8245]"
37.211655,"[0.339844, -0.046875, -0.933594]","[0.922960, -0.466869, -0.306296]","[0.400000, -0.179998, -0.197924]","[0.901959, -0.412143, -0.280843]","[-0.036133, -0.041260, -0.079102]","[-0.021332, -0.017273, -0.039948, 0.998840]","[-0.021423, -0.030914, -0.024902, 0.998962]","[-0.087402, 0.222900, 0.168701]","[[0.996216, -0.079102, 0.036194], [0.080566, 0.995911, -0.041321], [-0.032898, 0.044006, 0.998535]]",0.996216,"[8054, 8038, 8127, 8229]"
37.342518,"[0.359375, -0.058594, -0.945312]","[1.049389, -0.523788, -0.345323]","[0.499998, -0.230000, -0.163309]","[0.946413, -0.419624, -0.289578]","[-0.041504, -0.045410, -0.074707]","[-0.023468, -0.019928, -0.037811, 0.998810]","[-0.022583, -0.033875, -0.024994, 0.998840]","[-0.184814, -0.318359, -0.025146]","[[0.996338, -0.074646, 0.041626], [0.076477, 0.996033, -0.045471], [-0.038086, 0.048401, 0.998047]]",0.996338,"[8043, 8058, 8178, 8266]"
37.344471,"[0.386719, -0.066406, -0.945312]","[1.049389, -0.523788, -0.345323]","[0.449999, -0.209999, -0.150652]","[0.946413, -0.419624, -0.289578]","[-0.041748, -0.045410, -0.074707]","[-0.023468, -0.019989, -0.037842, 0.998810]","[-0.023041, -0.034729, -0.025024, 0.998810]","[-0.017822, -0.097168, -0.007568]","[[0.996338, -0.074707, 0.041748], [0.076538, 0.996033, -0.045471], [-0.038208, 0.048401, 0.998047]]",0.996338,"[8049, 8048, 8179, 8262]"
37.34642,"[0.406250, -0.078125, -0.945312]","[1.049389, -0.523788, -0.345323]","[0.549999, -0.249998, -0.162531]","[0.946413, -0.419624, -0.289578]","[-0.041260, -0.045410, -0.074707]","[-0.023468, -0.019806, -0.037811, 0.998810]","[-0.020508, -0.028931, -0.024841, 0.999054]","[-0.012695, 0.184082, 0.090088]","[[0.996338, -0.074646, 0.041382], [0.076477, 0.995972, -0.045471], [-0.037842, 0.048401, 0.998047]]",0.996338,"[8043, 8010, 8165, 8258]"
37.47142,"[0.429688, -0.078125, -0.957031]","[1.162266, -0.573131, -0.379584]","[0.480000, -0.219999, -0.180286]","[0.979064, -0.421804, -0.294756]","[-0.041016, -0.045166, -0.070801]","[-0.023346, -0.019745, -0.035919, 0.998901]","[-0.025696, -0.039948, -0.025238, 0.998535]","[0.132080, -0.021240, 0.036377]","[[0.996643, -0.070862, 0.041138], [0.072693, 0.996338, -0.045288], [-0.037842, 0.048096, 0.998169]]",0.996643,"[8030, 8063, 8218, 8310]"
37.473373,"[0.457031, -0.097656, -0.957031]","[1.162266, -0.573131, -0.379584]","[0.499998, -0.240000, -0.182562]","[0.979064, -0.421804, -0.294756]","[-0.040771, -0.045410, -0.070801]","[-0.023438, -0.019653, -0.035889, 0.998901]","[-0.023590, -0.037201, -0.025116, 0.998688]","[-0.134766, 0.080566, 0.076660]","[[0.996704, -0.070801, 0.040955], [0.072632, 0.996338, -0.045471], [-0.037659, 0.048279, 0.998169]]",0.996704,"[8027, 8052, 8222, 8288]"
37.481186,"[0.476562, -0.109375, -0.964844]","[1.181427, -0.581366, -0.385344]","[0.509998, -0.240000, -0.191376]","[0.983994, -0.421783, -0.295408]","[-0.041016, -0.045654, -0.070557]","[-0.023590, -0.019745, -0.035767, 0.998901]","[-0.022980, -0.036438, -0.025085, 0.998749]","[-0.160156, 0.077881, 0.056396]","[[0.996704, -0.070557, 0.041138], [0.072388, 0.996338, -0.045776], [-0.037842, 0.048584, 0.998108]]",0.996704,"[8029, 8034, 8239, 8298]"
37.514389,"[0.500000, -0.117188, -0.968750]","[1.200698, -0.589604, -0.391122]","[0.649998, -0.299999, -0.198980]","[0.988771, -0.421650, -0.295997]","[-0.042236, -0.045898, -0.069580]","[-0.023651, -0.020355, -0.035248, 0.998901]","[-0.021088, -0.030548, -0.024902, 0.998993]","[0.134766, -0.114990, -0.003906]","[[0.996704, -0.069519, 0.042358], [0.071350, 0.996399, -0.045898], [-0.039062, 0.048706, 0.998047]]",0.996704,"[8042, 8038, 8198, 8288]"
37.625725,"[0.527344, -0.136719, -0.980469]","[1.318115, -0.638870, -0.425962]","[0.569998, -0.269999, -0.209089]","[1.014216, -0.418471, -0.298245]","[-0.039551, -0.044922, -0.065674]","[-0.023071, -0.019043, -0.033295, 0.998993]","[-0.024353, -0.040894, -0.025208, 0.998535]","[-0.024902, 0.077393, 0.097412]","[[0.997009, -0.065674, 0.039612], [0.067383, 0.996643, -0.044922], [-0.036560, 0.047363, 0.998169]]",0.997009,"[8002, 7990, 8258, 8301]"
37.62767,"[0.558594, -0.148438, -0.988281]","[1.318115, -0.638870, -0.425962]","[0.699999, -0.329998, -0.219837]","[1.014216, -0.418471, -0.298245]","[-0.039795, -0.045166, -0.065918]","[-0.023224, -0.019226, -0.033386, 0.998993]","[-0.021027, -0.032867, -0.024933, 0.998901]","[-0.008789, -0.078125, -0.035889]","[[0.997009, -0.065857, 0.039978], [0.067566, 0.996704, -0.045166], [-0.036926, 0.047729, 0.998169]]",0.997009,"[8003, 7970, 8256, 8310]"
37.647209,"[0.578125, -0.156250, -0.992188]","[1.337964, -0.647036, -0.431790]","[0.599998, -0.279999, -0.246101]","[1.017912, -0.417547, -0.298402]","[-0.040283, -0.044922, -0.065186]","[-0.023102, -0.019379, -0.033081, 0.998993]","[-0.023315, -0.038055, -0.025116, 0.998657]","[-0.047363, -0.028076, 0.023438]","[[0.997009, -0.065247, 0.040283], [0.066956, 0.996704, -0.044922], [-0.037231, 0.047485, 0.998108]]",0.997009,"[8003, 7993, 8234, 8274]"
37.768303,"[0.609375, -0.179688, -1.011719]","[1.458407, -0.695542, -0.466760]","[0.739998, -0.339998, -0.254711]","[1.036676, -0.409601, -0.298042]","[-0.044189, -0.045410, -0.061035]","[-0.023376, -0.021393, -0.031006, 0.999023]","[-0.022705, -0.038269, -0.025085, 0.998688]","[0.079590, -0.119629, 0.021484]","[[0.997131, -0.061035, 0.044189], [0.062988, 0.996948, -0.045471], [-0.041382, 0.048035, 0.997986]]",0.997131,"[7977, 7978, 8249, 8278]"
37.770248,"[0.648438, -0.187500, -1.011719]","[1.478683, -0.703525, -0.472578]","[0.639999, -0.309999, -0.254711]","[1.039229, -0.407877, -0.297762]","[-0.044189, -0.045410, -0.061035]","[-0.023376, -0.021393, -0.031006, 0.999023]","[-0.023712, -0.041107, -0.025208, 0.998535]","[0.079590, -0.119629, 0.021484]","[[0.997131, -0.061035, 0.044189], [0.062988, 0.996948, -0.045471], [-0.041382, 0.048035, 0.997986]]",0.997131,"[7989, 7989, 8243, 8267]"
37.781967,"[0.679688, -0.199219, -1.019531]","[1.478683, -0.703525, -0.472578]","[0.789999, -0.369999, -0.289677]","[1.039229, -0.407877, -0.297762]","[-0.045166, -0.044678, -0.060303]","[-0.023041, -0.021912, -0.030701, 0.999023]","[-0.020782, -0.032623, -0.024933, 0.998932]","[-0.062988, -0.010010, 0.101074]","[[0.997131, -0.060425, 0.045227], [0.062378, 0.997009, -0.044739], [-0.042419, 0.047424, 0.997925]]",0.997131,"[7992, 7989, 8240, 8239]"
37.81517,"[0.699219, -0.207031, -1.027344]","[1.519361, -0.719383, -0.484194]","[0.669998, -0.309999, -0.303598]","[1.043824, -0.404086, -0.297016]","[-0.046143, -0.043457, -0.059326]","[-0.022461, -0.022430, -0.030151, 0.999054]","[-0.023865, -0.039886, -0.025177, 0.998596]","[0.126709, -0.128174, -0.045410]","[[0.997192, -0.059326, 0.046204], [0.061279, 0.997192, -0.043579], [-0.043518, 0.046265, 0.997986]]",0.997192,"[8027, 8015, 8154, 8191]"
37.957756,"[0.750000, -0.238281, -1.046875]","[1.662904, -0.773542, -0.524525]","[0.849998, -0.389999, -0.278524]","[1.054547, -0.387203, -0.292426]","[-0.047119, -0.043701, -0.053223]","[-0.022461, -0.023041, -0.027161, 0.999115]","[-0.022186, -0.038879, -0.025085, 0.998657]","[-0.105957, -0.079346, 0.034668]","[[0.997437, -0.053345, 0.047241], [0.055298, 0.997498, -0.043701], [-0.044922, 0.046143, 0.997925]]",0.997437,"[7937, 7926, 8253, 8234]"
37.959721,"[0.796875, -0.269531, -1.050781]","[1.662904, -0.773542, -0.524525]","[0.899998, -0.400000, -0.317196]","[1.054547, -0.387203, -0.292426]","[-0.048096, -0.043213, -0.053223]","[-0.022186, -0.023468, -0.027161, 0.999115]","[-0.020020, -0.033691, -0.024902, 0.998901]","[0.121094, -0.019043, 0.055420]","[[0.997437, -0.053284, 0.048096], [0.055359, 0.997559, -0.043152], [-0.045776, 0.045593, 0.997925]]",0.997437,"[7960, 7922, 8241, 8226]"
38.10033,"[0.828125, -0.277344, -1.070312]","[1.807320, -0.825004, -0.564015]","[0.749998, -0.339998, -0.255470]","[1.056633, -0.364719, -0.284769]","[-0.041504, -0.038330, -0.046875]","[-0.019653, -0.020355, -0.023804, 0.999298]","[-0.025452, -0.049561, -0.025452, 0.998108]","[-0.140625, -0.044678, -0.025635]","[[0.997925, -0.046814, 0.041626], [0.048401, 0.997986, -0.038391], [-0.039795, 0.040222, 0.998291]]",0.997925,"[7896, 7902, 8301, 8241]"
38.102291,"[0.917969, -0.308594, -1.074219]","[1.827965, -0.832094, -0.569564]","[0.799999, -0.359999, -0.282322]","[1.056204, -0.361044, -0.283422]","[-0.041748, -0.038086, -0.046875]","[-0.019562, -0.020447, -0.023804, 0.999298]","[-0.023102, -0.041840, -0.025177, 0.998535]","[0.136475, -0.084717, 0.007324]","[[0.997925, -0.046814, 0.041809], [0.048401, 0.997986, -0.038208], [-0.039978, 0.040039, 0.998291]]",0.997925,"[7911, 7918, 8299, 8242]"
38.117924,"[0.949219, -0.328125, -1.082031]","[1.827965, -0.832094, -0.569564]","[0.979998, -0.439999, -0.314867]","[1.056204, -0.361044, -0.283422]","[-0.041748, -0.038330, -0.045898]","[-0.019714, -0.020447, -0.023407, 0.999329]","[-0.018585, -0.032318, -0.024841, 0.998993]","[0.118896, -0.054199, 0.044189]","[[0.998047, -0.046021, 0.041809], [0.047607, 0.998108, -0.038513], [-0.039978, 0.040344, 0.998352]]",0.998047,"[7926, 7888, 8256, 8237]"
38.264397,"[1.019531, -0.347656, -1.105469]","[1.992351, -0.885989, -0.612886]","[1.009998, -0.439999, -0.289225]","[1.046149, -0.327622, -0.270436]","[-0.035400, -0.033691, -0.040527]","[-0.017273, -0.017456, -0.020569, 0.999481]","[-0.020416, -0.036987, -0.024994, 0.998779]","[0.092773, -0.030273, -0.003906]","[[0.998474, -0.040588, 0.035583], [0.041687, 0.998474, -0.033875], [-0.034241, 0.035217, 0.998718]]",0.998474,"[7889, 7871, 8296, 8205]"
38.268295,"[1.066406, -0.367188, -1.109375]","[1.992351, -0.885989, -0.612886]","[0.869999, -0.369999, -0.293997]","[1.046149, -0.327622, -0.270436]","[-0.034912, -0.033936, -0.040283]","[-0.017303, -0.017181, -0.020508, 0.999481]","[-0.022736, -0.041565, -0.025177, 0.998535]","[-0.108154, -0.139893, -0.039062]","[[0.998474, -0.040466, 0.035034], [0.041565, 0.998474, -0.033936], [-0.033691, 0.035278, 0.998718]]",0.998474,"[7897, 7893, 8300, 8211]"
