t,p,p_d,v,v_d,Angles,q,q_sp,w,R,T_sp,rpm
55.463409,"[-0.039062, 0.097656, -1.164062]","[0.000000, -0.000000, -0.000000]","[-0.019999, 0.000000, 0.068756]","[0.000000, -0.000001, -0.000001]","[0.007568, -0.020752, -0.054688]","[-0.010284, 0.004089, -0.027374, 0.999573]","[0.000000, 0.000214, -0.025238, 0.999664]","[-0.020020, -0.106934, -0.089844]","[[0.998474, -0.054871, -0.007568], [0.054626, 0.998291, -0.020813], [0.008667, 0.020325, 0.999756]]",0.998474,"[8057, 8020, 7950, 8009]"
55.469276,"[-0.039062, 0.097656, -1.164062]","[0.000000, -0.000000, -0.000000]","[-0.009998, -0.009998, 0.070522]","[0.000000, -0.000001, -0.000001]","[0.006836, -0.020752, -0.055176]","[-0.010315, 0.003723, -0.027588, 0.999542]","[0.000336, 0.000732, -0.025238, 0.999664]","[0.004639, -0.209717, -0.179932]","[[0.998352, -0.055298, -0.006836], [0.055054, 0.998169, -0.020874], [0.007935, 0.020386, 0.999634]]",0.998352,"[8067, 8019, 7936, 8042]"
55.471222,"[-0.039062, 0.089844, -1.167969]","[0.000000, -0.000000, -0.000000]","[-0.019999, -0.009998, 0.043560]","[0.000000, -0.000001, -0.000001]","[0.006592, -0.020752, -0.055176]","[-0.010254, 0.003662, -0.027618, 0.999542]","[0.000702, 0.000244, -0.025238, 0.999664]","[0.035889, -0.027588, -0.045166]","[[0.998352, -0.055359, -0.006714], [0.055115, 0.998169, -0.020752], [0.007812, 0.020264, 0.999634]]",0.998352,"[8091, 8019, 7934, 8004]"
55.475136,"[-0.039062, 0.089844, -1.167969]","[0.000000, -0.000000, -0.000000]","[0.000000, 0.000000, 0.047997]","[0.000000, -0.000001, -0.000001]","[0.006348, -0.020508, -0.055420]","[-0.010162, 0.003510, -0.027710, 0.999542]","[0.000305, 0.001221, -0.025238, 0.999664]","[0.060547, -0.184082, -0.120361]","[[0.998352, -0.055542, -0.006409], [0.055298, 0.998169, -0.020569], [0.007507, 0.020081, 0.999695]]",0.998352,"[8063, 8001, 7920, 8050]"
55.619663,"[-0.039062, 0.089844, -1.164062]","[0.000001, -0.000008, -0.000005]","[-0.009998, -0.009998, 0.044943]","[0.000017, -0.000190, -0.000102]","[-0.001953, -0.016846, -0.066162]","[-0.008484, -0.000732, -0.033112, 0.999420]","[0.000732, -0.000092, -0.025238, 0.999664]","[-0.024170, 0.006592, -0.134521]","[[0.997803, -0.066223, 0.002014], [0.066223, 0.997681, -0.016968], [-0.000916, 0.016968, 0.999817]]",0.997803,"[7982, 7987, 7856, 7991]"
55.625526,"[-0.039062, 0.089844, -1.167969]","[0.000001, -0.000008, -0.000005]","[0.009998, 0.000000, 0.031332]","[0.000017, -0.000190, -0.000102]","[-0.002441, -0.016602, -0.066650]","[-0.008392, -0.000977, -0.033386, 0.999390]","[0.000336, 0.000854, -0.025238, 0.999664]","[-0.170898, 0.049316, -0.133057]","[[0.997681, -0.066772, 0.002502], [0.066772, 0.997559, -0.016724], [-0.001404, 0.016846, 0.999756]]",0.997681,"[7984, 7991, 7841, 7956]"
55.643112,"[-0.039062, 0.089844, -1.167969]","[0.000001, -0.000013, -0.000007]","[0.019999, 0.000000, 0.053957]","[0.000024, -0.000266, -0.000143]","[-0.002930, -0.016602, -0.067627]","[-0.008392, -0.001190, -0.033844, 0.999390]","[0.000305, 0.001343, -0.025238, 0.999664]","[-0.039551, 0.005615, -0.112305]","[[0.997681, -0.067688, 0.002930], [0.067688, 0.997559, -0.016724], [-0.001831, 0.016846, 0.999817]]",0.997681,"[7987, 7997, 7833, 7976]"
55.770058,"[-0.039062, 0.089844, -1.164062]","[0.000008, -0.000091, -0.000049]","[0.029999, 0.000000, 0.102005]","[0.000113, -0.001250, -0.000670]","[-0.003418, -0.016113, -0.076416]","[-0.008148, -0.001434, -0.038269, 0.999237]","[0.000305, 0.001831, -0.025238, 0.999664]","[-0.084473, 0.084961, -0.112305]","[[0.997070, -0.076538, 0.003479], [0.076538, 0.996948, -0.016235], [-0.002258, 0.016357, 0.999817]]",0.99707,"[7996, 7991, 7837, 8027]"
55.775909,"[-0.039062, 0.089844, -1.164062]","[0.000011, -0.000118, -0.000064]","[0.039999, 0.000000, 0.095285]","[0.000139, -0.001532, -0.000821]","[-0.003906, -0.015869, -0.076660]","[-0.008057, -0.001740, -0.038361, 0.999237]","[0.000305, 0.002319, -0.025238, 0.999664]","[-0.133545, 0.145020, -0.078125]","[[0.997070, -0.076721, 0.004089], [0.076721, 0.996948, -0.015991], [-0.002869, 0.016235, 0.999878]]",0.99707,"[8005, 8002, 7853, 8025]"
55.854034,"[-0.039062, 0.089844, -1.164062]","[0.000027, -0.000295, -0.000158]","[0.039999, 0.009998, 0.035534]","[0.000287, -0.003127, -0.001671]","[-0.002930, -0.015625, -0.082031]","[-0.007843, -0.001251, -0.041107, 0.999115]","[-0.000275, 0.002289, -0.025238, 0.999664]","[0.064697, 0.011475, -0.013184]","[[0.996582, -0.082153, 0.003113], [0.082153, 0.996460, -0.015625], [-0.001892, 0.015747, 0.999817]]",0.996582,"[7968, 7965, 7827, 8029]"
55.861847,"[-0.039062, 0.089844, -1.164062]","[0.000027, -0.000295, -0.000158]","[0.070000, 0.009998, 0.030169]","[0.000287, -0.003127, -0.001671]","[-0.002686, -0.015137, -0.082764]","[-0.007599, -0.001129, -0.041412, 0.999115]","[-0.000336, 0.003754, -0.025238, 0.999664]","[0.084473, 0.072754, 0.020020]","[[0.996521, -0.082764, 0.002869], [0.082764, 0.996460, -0.015137], [-0.001648, 0.015259, 0.999878]]",0.996521,"[7939, 7970, 7825, 8023]"
55.877472,"[-0.039062, 0.097656, -1.164062]","[0.000033, -0.000361, -0.000194]","[0.049999, 0.019999, 0.024298]","[0.000337, -0.003661, -0.001955]","[-0.002441, -0.014893, -0.083740]","[-0.007568, -0.000977, -0.041870, 0.999084]","[-0.001160, 0.002777, -0.025238, 0.999664]","[0.058350, 0.107178, 0.033936]","[[0.996399, -0.083679, 0.002563], [0.083679, 0.996338, -0.015076], [-0.001343, 0.015198, 0.999817]]",0.996399,"[7945, 7958, 7828, 8013]"
55.910675,"[-0.027344, 0.097656, -1.167969]","[0.000040, -0.000439, -0.000235]","[0.070000, 0.019999, 0.031425]","[0.000393, -0.004256, -0.002271]","[-0.001709, -0.016357, -0.085693]","[-0.008270, -0.000519, -0.042847, 0.999054]","[-0.001434, 0.004578, -0.025238, 0.999664]","[-0.196289, 0.151367, -0.123535]","[[0.996338, -0.085632, 0.001709], [0.085632, 0.996216, -0.016541], [-0.000366, 0.016541, 0.999878]]",0.996338,"[7943, 7935, 7807, 8019]"
55.945831,"[-0.019531, 0.097656, -1.171875]","[0.000058, -0.000631, -0.000337]","[0.080000, 0.019999, 0.015284]","[0.000525, -0.005643, -0.003007]","[-0.001709, -0.016357, -0.087402]","[-0.008270, -0.000549, -0.043762, 0.998993]","[-0.001465, 0.005554, -0.025238, 0.999664]","[0.218018, 0.208252, -0.044678]","[[0.996094, -0.087463, 0.001770], [0.087463, 0.995972, -0.016541], [-0.000427, 0.016541, 0.999756]]",0.996094,"[7910, 7921, 7772, 7967]"
56.063019,"[-0.019531, 0.097656, -1.167969]","[0.000150, -0.001615, -0.000860]","[0.109999, 0.019999, 0.042837]","[0.001106, -0.011652, -0.006178]","[0.003662, -0.020020, -0.093994]","[-0.009918, 0.002350, -0.047028, 0.998840]","[-0.001617, 0.007141, -0.025238, 0.999634]","[-0.592285, 0.594727, -0.127686]","[[0.995544, -0.094055, -0.003723], [0.093933, 0.995361, -0.020081], [0.005554, 0.019592, 0.999756]]",0.995544,"[7872, 7971, 7823, 8033]"
56.078644,"[-0.019531, 0.097656, -1.175781]","[0.000173, -0.001855, -0.000988]","[0.070000, 0.029999, 0.077675]","[0.001234, -0.012959, -0.006865]","[0.005371, -0.021484, -0.094727]","[-0.010620, 0.003235, -0.047272, 0.998840]","[-0.002075, 0.005188, -0.025238, 0.999664]","[0.056641, -0.150635, -0.026123]","[[0.995544, -0.094604, -0.005432], [0.094360, 0.995361, -0.021606], [0.007385, 0.020874, 0.999817]]",0.995544,"[7907, 7908, 7831, 8131]"
56.213413,"[0.000000, 0.097656, -1.167969]","[0.000418, -0.004390, -0.002326]","[0.099998, 0.019999, 0.062014]","[0.002437, -0.024985, -0.013154]","[0.006836, -0.020996, -0.097656]","[-0.010284, 0.003998, -0.048737, 0.998779]","[-0.001892, 0.007996, -0.025238, 0.999634]","[-0.267090, 0.068848, -0.035156]","[[0.995300, -0.097534, -0.006958], [0.097290, 0.995117, -0.020996], [0.008911, 0.020142, 0.999817]]",0.9953,"[7926, 7925, 7832, 8077]"
56.215366,"[0.000000, 0.097656, -1.183594]","[0.000418, -0.004390, -0.002326]","[0.129999, 0.039999, -0.010916]","[0.002437, -0.024985, -0.013154]","[0.005615, -0.020508, -0.097656]","[-0.010162, 0.003357, -0.048737, 0.998749]","[-0.002899, 0.009430, -0.025208, 0.999603]","[0.216309, 0.151367, -0.006836]","[[0.995178, -0.097534, -0.005676], [0.097290, 0.994995, -0.020691], [0.007629, 0.019958, 0.999695]]",0.995178,"[7948, 7940, 7826, 8069]"
56.250534,"[0.007812, 0.109375, -1.187500]","[0.000522, -0.005451, -0.002884]","[0.109999, 0.029999, -0.016392]","[0.002892, -0.029431, -0.015466]","[0.005859, -0.020264, -0.098389]","[-0.009979, 0.003540, -0.049164, 0.998749]","[-0.003143, 0.008942, -0.025208, 0.999634]","[0.151855, -0.527832, -0.051514]","[[0.995178, -0.098328, -0.006042], [0.098083, 0.994995, -0.020325], [0.007996, 0.019592, 0.999817]]",0.995178,"[7913, 7925, 7810, 7984]"
56.279816,"[0.007812, 0.109375, -1.191406]","[0.000581, -0.006049, -0.003198]","[0.129999, 0.039999, -0.150631]","[0.003140, -0.031836, -0.016714]","[0.007324, -0.020020, -0.099121]","[-0.009827, 0.004181, -0.049561, 0.998718]","[-0.003906, 0.009888, -0.025208, 0.999603]","[-0.051514, -0.274658, -0.031982]","[[0.995056, -0.099121, -0.007385], [0.098877, 0.994873, -0.020081], [0.009216, 0.019226, 0.999756]]",0.995056,"[7844, 7936, 7772, 7984]"
56.408726,"[0.019531, 0.109375, -1.199219]","[0.001148, -0.011725, -0.006167]","[0.099998, 0.049999, -0.107901]","[0.005293, -0.052266, -0.027250]","[0.013916, -0.021240, -0.100830]","[-0.010315, 0.007507, -0.050323, 0.998657]","[-0.004730, 0.009277, -0.025208, 0.999603]","[-0.112305, -0.069092, 0.035400]","[[0.994812, -0.100708, -0.013916], [0.100342, 0.994690, -0.021423], [0.015991, 0.019836, 0.999634]]",0.994812,"[7882, 7865, 7776, 8022]"
56.410686,"[0.027344, 0.109375, -1.199219]","[0.001148, -0.011725, -0.006167]","[0.150000, 0.039999, -0.109623]","[0.005293, -0.052266, -0.027250]","[0.013184, -0.021240, -0.101074]","[-0.010254, 0.007202, -0.050446, 0.998657]","[-0.004333, 0.012207, -0.025177, 0.999573]","[0.102051, -0.251709, -0.133545]","[[0.994812, -0.100952, -0.013367], [0.100586, 0.994690, -0.021240], [0.015320, 0.019775, 0.999695]]",0.994812,"[7878, 7883, 7775, 8031]"
56.414585,"[0.027344, 0.109375, -1.203125]","[0.001148, -0.011725, -0.006167]","[0.129999, 0.029999, -0.107666]","[0.005293, -0.052266, -0.027250]","[0.014160, -0.021484, -0.101074]","[-0.010345, 0.007721, -0.050476, 0.998657]","[-0.003937, 0.011230, -0.025208, 0.999603]","[-0.151123, 0.293945, 0.091797]","[[0.994812, -0.101013, -0.014343], [0.100647, 0.994690, -0.021484], [0.016418, 0.019897, 0.999695]]",0.994812,"[7880, 7880, 7776, 8018]"
56.463413,"[0.039062, 0.109375, -1.207031]","[0.001492, -0.015097, -0.007922]","[0.139999, 0.039999, -0.109165]","[0.006460, -0.063043, -0.032765]","[0.016357, -0.022705, -0.102539]","[-0.010956, 0.008759, -0.051117, 0.998596]","[-0.004578, 0.012573, -0.025177, 0.999573]","[-0.045898, -0.018066, -0.093018]","[[0.994568, -0.102356, -0.016357], [0.101868, 0.994507, -0.022827], [0.018555, 0.020996, 0.999573]]",0.994568,"[7841, 7838, 7735, 8002]"
56.480988,"[0.039062, 0.117188, -1.207031]","[0.001622, -0.016366, -0.008581]","[0.119999, 0.029999, -0.119394]","[0.006884, -0.066915, -0.034740]","[0.017090, -0.022949, -0.103271]","[-0.010986, 0.009125, -0.051514, 0.998596]","[-0.004669, 0.011597, -0.025177, 0.999603]","[0.090820, 0.021484, -0.102783]","[[0.994568, -0.103149, -0.017090], [0.102661, 0.994507, -0.022949], [0.019287, 0.020996, 0.999634]]",0.994568,"[7850, 7825, 7736, 8005]"
56.514191,"[0.039062, 0.117188, -1.210938]","[0.001761, -0.017711, -0.009279]","[0.109999, 0.029999, -0.140932]","[0.007326, -0.070928, -0.036784]","[0.018555, -0.022705, -0.103271]","[-0.010895, 0.009857, -0.051575, 0.998566]","[-0.005035, 0.011200, -0.025177, 0.999603]","[0.156738, -0.068604, 0.155762]","[[0.994446, -0.103271, -0.018555], [0.102783, 0.994446, -0.022827], [0.020752, 0.020752, 0.999573]]",0.994446,"[7806, 7835, 7750, 7948]"
56.549347,"[0.046875, 0.117188, -1.214844]","[0.002065, -0.020646, -0.010799]","[0.150000, 0.039999, -0.109138]","[0.008266, -0.079382, -0.041077]","[0.019531, -0.023682, -0.104248]","[-0.011322, 0.010468, -0.052063, 0.998535]","[-0.005829, 0.013763, -0.025177, 0.999542]","[0.083740, -0.152100, -0.059570]","[[0.994385, -0.104248, -0.019714], [0.103760, 0.994324, -0.023743], [0.022034, 0.021545, 0.999512]]",0.994385,"[7828, 7879, 7782, 7987]"
56.58255,"[0.046875, 0.117188, -1.214844]","[0.002408, -0.023921, -0.012492]","[0.119999, 0.029999, -0.141695]","[0.009283, -0.088408, -0.045644]","[0.019775, -0.023193, -0.104736]","[-0.011108, 0.010498, -0.052277, 0.998535]","[-0.005554, 0.012299, -0.025177, 0.999573]","[0.426025, -0.177246, -0.040527]","[[0.994385, -0.104675, -0.019775], [0.104187, 0.994324, -0.023315], [0.022095, 0.021118, 0.999573]]",0.994385,"[7871, 7927, 7767, 7959]"
56.715374,"[0.058594, 0.117188, -1.222656]","[0.003952, -0.038397, -0.019933]","[0.139999, 0.039999, -0.122671]","[0.013473, -0.124525, -0.063756]","[0.023193, -0.026123, -0.106445]","[-0.012482, 0.012360, -0.053101, 0.998444]","[-0.007050, 0.013855, -0.025146, 0.999542]","[-0.189941, 0.099854, -0.044189]","[[0.994080, -0.106445, -0.023376], [0.105713, 0.994080, -0.026306], [0.025940, 0.023621, 0.999390]]",0.99408,"[7834, 7875, 7774, 7975]"
56.717316,"[0.078125, 0.128906, -1.222656]","[0.003952, -0.038397, -0.019933]","[0.129999, 0.019999, -0.143402]","[0.013473, -0.124525, -0.063756]","[0.023193, -0.026367, -0.106689]","[-0.012573, 0.012268, -0.053162, 0.998444]","[-0.006958, 0.014587, -0.025146, 0.999542]","[-0.008301, -0.094238, -0.027588]","[[0.994080, -0.106567, -0.023193], [0.105835, 0.994019, -0.026489], [0.025757, 0.023804, 0.999390]]",0.99408,"[7859, 7862, 7752, 7988]"
56.859898,"[0.089844, 0.128906, -1.234375]","[0.006139, -0.058286, -0.030069]","[0.139999, 0.029999, -0.149178]","[0.018712, -0.167558, -0.085013]","[0.025146, -0.029297, -0.109375]","[-0.014008, 0.013367, -0.054413, 0.998322]","[-0.009552, 0.015991, -0.025085, 0.999481]","[-0.070312, 0.031738, 0.004150]","[[0.993652, -0.109131, -0.025208], [0.108276, 0.993591, -0.029480], [0.028137, 0.026550, 0.999207]]",0.993652,"[7889, 7916, 7736, 8028]"
56.885292,"[0.097656, 0.128906, -1.230469]","[0.006513, -0.061624, -0.031761]","[0.119999, 0.019999, -0.186844]","[0.019550, -0.174250, -0.088288]","[0.022949, -0.026123, -0.110107]","[-0.012451, 0.012207, -0.054840, 0.998352]","[-0.009399, 0.015503, -0.025085, 0.999512]","[-0.149414, 0.415283, -0.068604]","[[0.993713, -0.109863, -0.023010], [0.109253, 0.993652, -0.026245], [0.025696, 0.023560, 0.999390]]",0.993713,"[7834, 7919, 7814, 8048]"
56.934113,"[0.097656, 0.128906, -1.234375]","[0.007735, -0.072440, -0.037230]","[0.109999, 0.029999, -0.167328]","[0.022204, -0.195108, -0.098443]","[0.022949, -0.027344, -0.111328]","[-0.013031, 0.012207, -0.055511, 0.998322]","[-0.010620, 0.015106, -0.025085, 0.999512]","[0.000732, -0.461914, 0.014160]","[[0.993591, -0.111206, -0.022949], [0.110474, 0.993530, -0.027466], [0.025757, 0.024658, 0.999390]]",0.993591,"[7910, 8009, 7785, 8019]"
56.951691,"[0.097656, 0.128906, -1.234375]","[0.008178, -0.076321, -0.039187]","[0.099998, 0.029999, -0.169624]","[0.023135, -0.202315, -0.101933]","[0.022705, -0.027344, -0.111816]","[-0.013062, 0.012177, -0.055725, 0.998291]","[-0.010986, 0.014618, -0.025085, 0.999512]","[0.213135, -0.061768, -0.203857]","[[0.993469, -0.111633, -0.022888], [0.110901, 0.993408, -0.027527], [0.025696, 0.024719, 0.999329]]",0.993469,"[7894, 7973, 7777, 8038]"
56.984898,"[0.109375, 0.128906, -1.234375]","[0.008639, -0.080343, -0.041211]","[0.099998, 0.009998, -0.176807]","[0.024090, -0.209643, -0.105473]","[0.025879, -0.029541, -0.112305]","[-0.014008, 0.013794, -0.055908, 0.998230]","[-0.010376, 0.015350, -0.025085, 0.999512]","[-0.205322, 0.358887, 0.044922]","[[0.993286, -0.112061, -0.026001], [0.111206, 0.993286, -0.029602], [0.029053, 0.026428, 0.999146]]",0.993286,"[7844, 7862, 7814, 8033]"
57.018097,"[0.109375, 0.128906, -1.238281]","[0.009619, -0.088826, -0.045473]","[0.109999, 0.019999, -0.182871]","[0.026071, -0.224669, -0.112699]","[0.025146, -0.031006, -0.113037]","[-0.014740, 0.013489, -0.056274, 0.998199]","[-0.011627, 0.015930, -0.025055, 0.999481]","[0.033203, -0.145264, -0.035156]","[[0.993225, -0.112793, -0.025269], [0.111938, 0.993103, -0.031006], [0.028564, 0.027954, 0.999084]]",0.993225,"[7852, 7886, 7777, 8013]"
57.053268,"[0.117188, 0.136719, -1.242188]","[0.010677, -0.097901, -0.050018]","[0.089998, 0.009998, -0.185713]","[0.028147, -0.240155, -0.120103]","[0.025146, -0.032471, -0.114014]","[-0.015503, 0.013519, -0.056793, 0.998169]","[-0.012451, 0.015289, -0.025055, 0.999481]","[-0.086670, -0.076660, 0.049805]","[[0.993103, -0.113831, -0.025269], [0.112976, 0.992981, -0.032593], [0.028687, 0.029419, 0.999084]]",0.993103,"[7866, 7886, 7759, 7995]"
57.086456,"[0.117188, 0.136719, -1.242188]","[0.011819, -0.107592, -0.054857]","[0.099998, 0.000000, -0.186058]","[0.030320, -0.256091, -0.127676]","[0.025391, -0.032959, -0.115234]","[-0.015686, 0.013611, -0.057404, 0.998138]","[-0.012604, 0.015778, -0.025055, 0.999481]","[-0.030518, 0.111572, -0.143555]","[[0.993042, -0.115051, -0.025391], [0.114197, 0.992920, -0.032959], [0.028931, 0.029785, 0.999084]]",0.993042,"[7848, 7907, 7781, 8002]"
57.119659,"[0.128906, 0.136719, -1.246094]","[0.012422, -0.112673, -0.057388]","[0.099998, 0.009998, -0.177097]","[0.031442, -0.264220, -0.131520]","[0.025635, -0.033936, -0.116211]","[-0.016205, 0.013763, -0.057800, 0.998077]","[-0.013947, 0.016479, -0.025024, 0.999451]","[-0.094727, 0.233398, -0.029297]","[[0.992798, -0.115906, -0.025635], [0.114929, 0.992676, -0.033997], [0.029297, 0.030701, 0.998962]]",0.992798,"[7878, 7915, 7788, 7978]"
57.152863,"[0.128906, 0.136719, -1.246094]","[0.013695, -0.123316, -0.062678]","[0.080000, 0.000000, -0.204075]","[0.033761, -0.280783, -0.139316]","[0.025879, -0.034912, -0.116211]","[-0.016754, 0.013916, -0.057831, 0.998077]","[-0.014160, 0.015381, -0.025024, 0.999451]","[0.124268, -0.321289, 0.075439]","[[0.992859, -0.115967, -0.025879], [0.114990, 0.992676, -0.035095], [0.029663, 0.031799, 0.998962]]",0.992859,"[7868, 7930, 7792, 8048]"
57.188019,"[0.128906, 0.136719, -1.250000]","[0.015061, -0.134614, -0.068274]","[0.099998, 0.000000, -0.242739]","[0.036177, -0.297736, -0.147240]","[0.026367, -0.036133, -0.116943]","[-0.017242, 0.014252, -0.058136, 0.998047]","[-0.015167, 0.016449, -0.024994, 0.999420]","[-0.063721, 0.149902, 0.052490]","[[0.992737, -0.116638, -0.026489], [0.115540, 0.992554, -0.036133], [0.030396, 0.032715, 0.998901]]",0.992737,"[7861, 7935, 7794, 7962]"
57.219269,"[0.128906, 0.136719, -1.253906]","[0.015780, -0.140513, -0.071189]","[0.070000, 0.000000, -0.262419]","[0.037422, -0.306351, -0.151245]","[0.026367, -0.037354, -0.117188]","[-0.017853, 0.014343, -0.058319, 0.998016]","[-0.015869, 0.014984, -0.024994, 0.999420]","[0.017334, 0.015137, 0.047119]","[[0.992676, -0.117004, -0.026550], [0.115906, 0.992432, -0.037354], [0.030701, 0.033936, 0.998840]]",0.992676,"[7865, 7928, 7764, 8017]"
57.254425,"[0.128906, 0.136719, -1.253906]","[0.017291, -0.152821, -0.077255]","[0.080000, 0.000000, -0.215652]","[0.039986, -0.323840, -0.159332]","[0.026123, -0.038086, -0.117920]","[-0.018280, 0.014221, -0.058716, 0.997986]","[-0.016724, 0.015320, -0.024994, 0.999420]","[-0.144287, -0.117676, -0.043213]","[[0.992554, -0.117798, -0.026245], [0.116699, 0.992310, -0.038208], [0.030518, 0.034790, 0.998779]]",0.992554,"[7831, 7940, 7776, 8002]"
57.287628,"[0.136719, 0.136719, -1.253906]","[0.018905, -0.165818, -0.083638]","[0.080000, -0.009998, -0.207180]","[0.042647, -0.341654, -0.167505]","[0.026123, -0.040283, -0.118408]","[-0.019379, 0.014282, -0.058868, 0.997955]","[-0.017365, 0.015778, -0.024963, 0.999390]","[0.029053, 0.248291, 0.039551]","[[0.992554, -0.118164, -0.026245], [0.116943, 0.992188, -0.040405], [0.030762, 0.036987, 0.998718]]",0.992554,"[7913, 7941, 7767, 8045]"
57.320831,"[0.148438, 0.136719, -1.257812]","[0.020624, -0.179516, -0.090342]","[0.059999, -0.019999, -0.180672]","[0.045408, -0.359764, -0.175748]","[0.025635, -0.041748, -0.118896]","[-0.020111, 0.014038, -0.059174, 0.997955]","[-0.017822, 0.015656, -0.024963, 0.999390]","[-0.237305, -0.055908, -0.078125]","[[0.992615, -0.118774, -0.025696], [0.117554, 0.992188, -0.041870], [0.030334, 0.038452, 0.998779]]",0.992615,"[7909, 7968, 7815, 7999]"
57.354034,"[0.148438, 0.136719, -1.257812]","[0.021525, -0.186634, -0.093816]","[0.080000, -0.019999, -0.199688]","[0.046825, -0.368923, -0.179890]","[0.024658, -0.041748, -0.119141]","[-0.020142, 0.013550, -0.059235, 0.997955]","[-0.018829, 0.016479, -0.024933, 0.999359]","[0.427002, -0.221924, 0.005371]","[[0.992615, -0.118835, -0.024658], [0.117737, 0.992188, -0.041870], [0.029419, 0.038574, 0.998779]]",0.992615,"[7940, 8016, 7822, 8029]"
57.387238,"[0.148438, 0.136719, -1.257812]","[0.023410, -0.201404, -0.101004]","[0.059999, -0.029999, -0.143661]","[0.049732, -0.387424, -0.188203]","[0.026611, -0.045166, -0.119141]","[-0.021820, 0.014648, -0.059296, 0.997925]","[-0.019531, 0.015503, -0.024933, 0.999359]","[-0.609863, 0.306152, -0.012695]","[[0.992615, -0.119019, -0.026672], [0.117676, 0.992126, -0.045349], [0.031799, 0.041809, 0.998718]]",0.992615,"[7944, 8054, 7842, 8056]"
57.42239,"[0.148438, 0.136719, -1.257812]","[0.025411, -0.216903, -0.108518]","[0.059999, -0.039999, -0.102688]","[0.052738, -0.406150, -0.196540]","[0.025879, -0.045410, -0.119385]","[-0.021942, 0.014343, -0.059326, 0.997894]","[-0.020264, 0.015350, -0.024933, 0.999359]","[0.162109, 0.408936, -0.055420]","[[0.992493, -0.119080, -0.026062], [0.117737, 0.991943, -0.045532], [0.031189, 0.042114, 0.998596]]",0.992493,"[7952, 8080, 7868, 8099]"
57.455597,"[0.148438, 0.136719, -1.257812]","[0.027532, -0.233138, -0.116360]","[0.049999, -0.039999, -0.084162]","[0.055841, -0.425072, -0.204884]","[0.026123, -0.047607, -0.118408]","[-0.023010, 0.014465, -0.058929, 0.997894]","[-0.021484, 0.014832, -0.024933, 0.999329]","[-0.316162, 0.023682, -0.013916]","[[0.992615, -0.118286, -0.026184], [0.116943, 0.991943, -0.047668], [0.031555, 0.044250, 0.998474]]",0.992615,"[7956, 8101, 7901, 8074]"
57.4888,"[0.148438, 0.136719, -1.261719]","[0.028638, -0.241532, -0.120401]","[0.029999, -0.029999, -0.098301]","[0.057429, -0.434593, -0.209050]","[0.025146, -0.047852, -0.118164]","[-0.023193, 0.014008, -0.058716, 0.997894]","[-0.023041, 0.013702, -0.024933, 0.999329]","[0.209961, -0.071777, -0.005859]","[[0.992615, -0.117859, -0.025269], [0.116516, 0.991943, -0.047974], [0.030640, 0.044678, 0.998413]]",0.992615,"[7996, 8081, 7882, 8118]"
57.522018,"[0.156250, 0.136719, -1.261719]","[0.030944, -0.258882, -0.128730]","[0.070000, -0.059999, -0.080814]","[0.060677, -0.453748, -0.217367]","[0.025146, -0.050049, -0.117432]","[-0.024231, 0.014008, -0.058411, 0.997894]","[-0.022858, 0.016266, -0.024872, 0.999268]","[-0.167480, -0.119141, -0.036133]","[[0.992737, -0.117310, -0.025146], [0.115845, 0.991943, -0.050049], [0.030762, 0.046753, 0.998352]]",0.992737,"[7992, 8075, 7927, 8125]"
57.555206,"[0.156250, 0.128906, -1.261719]","[0.033380, -0.276982, -0.137382]","[0.049999, -0.059999, -0.104021]","[0.064022, -0.473018, -0.225642]","[0.024658, -0.050049, -0.117188]","[-0.024292, 0.013794, -0.058258, 0.997894]","[-0.023682, 0.015015, -0.024902, 0.999268]","[0.126465, 0.180664, 0.070557]","[[0.992737, -0.116943, -0.024719], [0.115601, 0.991943, -0.050171], [0.030334, 0.046875, 0.998352]]",0.992737,"[8008, 8069, 7924, 8120]"
57.588413,"[0.156250, 0.128906, -1.261719]","[0.034647, -0.286317, -0.141830]","[0.059999, -0.070000, -0.066938]","[0.065731, -0.482689, -0.229759]","[0.024414, -0.051514, -0.116943]","[-0.025024, 0.013733, -0.058136, 0.997894]","[-0.024658, 0.015472, -0.024872, 0.999237]","[-0.181396, -0.106934, -0.051514]","[[0.992798, -0.116760, -0.024536], [0.115295, 0.991943, -0.051636], [0.030273, 0.048340, 0.998291]]",0.992798,"[7997, 8072, 7937, 8121]"
57.621613,"[0.156250, 0.128906, -1.265625]","[0.037282, -0.305549, -0.150964]","[0.049999, -0.099998, -0.097443]","[0.069219, -0.502074, -0.237936]","[0.023438, -0.050537, -0.116211]","[-0.024597, 0.013214, -0.057800, 0.997925]","[-0.024536, 0.014893, -0.024872, 0.999268]","[0.219971, 0.218506, 0.114258]","[[0.992859, -0.116089, -0.023560], [0.114746, 0.992004, -0.050720], [0.029175, 0.047546, 0.998352]]",0.992859,"[8010, 8105, 7959, 8091]"
57.654831,"[0.156250, 0.128906, -1.265625]","[0.040056, -0.325540, -0.160417]","[0.039999, -0.099998, -0.084558]","[0.072801, -0.521499, -0.246026]","[0.023193, -0.053223, -0.115479]","[-0.025879, 0.013123, -0.057434, 0.997955]","[-0.025970, 0.014099, -0.024872, 0.999237]","[-0.289551, 0.019531, -0.029785]","[[0.993103, -0.115417, -0.023254], [0.113953, 0.992126, -0.053223], [0.029114, 0.050171, 0.998413]]",0.993103,"[8023, 8103, 7940, 8103]"
57.689972,"[0.156250, 0.109375, -1.269531]","[0.042971, -0.346291, -0.170184]","[0.059999, -0.119999, -0.140894]","[0.076477, -0.540930, -0.254010]","[0.023438, -0.053711, -0.114990]","[-0.026154, 0.013245, -0.057129, 0.997955]","[-0.025391, 0.015228, -0.024872, 0.999237]","[-0.426758, 0.404785, 0.000000]","[[0.993164, -0.114807, -0.023499], [0.113342, 0.992126, -0.053772], [0.029358, 0.050720, 0.998291]]",0.993164,"[8010, 8118, 7959, 8101]"
57.723175,"[0.156250, 0.109375, -1.273438]","[0.044483, -0.356951, -0.175184]","[0.039999, -0.109999, -0.184660]","[0.078350, -0.550637, -0.257955]","[0.021973, -0.054443, -0.113770]","[-0.026520, 0.012604, -0.056610, 0.997955]","[-0.027069, 0.013824, -0.024872, 0.999207]","[0.256836, -0.598145, 0.020996]","[[0.993225, -0.113708, -0.022156], [0.112366, 0.992126, -0.054443], [0.028137, 0.051514, 0.998230]]",0.993225,"[7983, 8112, 7929, 8121]"
57.756397,"[0.156250, 0.097656, -1.277344]","[0.047618, -0.378839, -0.185413]","[0.029999, -0.109999, -0.258854]","[0.082165, -0.570018, -0.265745]","[0.021240, -0.054688, -0.112793]","[-0.026733, 0.012146, -0.056030, 0.998016]","[-0.028046, 0.013336, -0.024872, 0.999207]","[0.407471, -0.320312, 0.048828]","[[0.993469, -0.112549, -0.021240], [0.111206, 0.992310, -0.054810], [0.027222, 0.052002, 0.998291]]",0.993469,"[7970, 8086, 7918, 8073]"
57.789585,"[0.167969, 0.097656, -1.285156]","[0.050903, -0.401483, -0.195943]","[0.019999, -0.139999, -0.311646]","[0.086071, -0.589326, -0.273383]","[0.022217, -0.056885, -0.111572]","[-0.027771, 0.012665, -0.055420, 0.997986]","[-0.028168, 0.013580, -0.024872, 0.999176]","[0.050293, -0.279785, 0.038574]","[[0.993469, -0.111389, -0.022217], [0.109924, 0.992249, -0.056885], [0.028320, 0.054077, 0.998047]]",0.993469,"[7945, 8043, 7927, 8070]"
57.822784,"[0.167969, 0.097656, -1.289062]","[0.052604, -0.413087, -0.201319]","[0.049999, -0.119999, -0.304211]","[0.088057, -0.598943, -0.277139]","[0.021973, -0.057861, -0.110596]","[-0.028351, 0.012604, -0.054901, 0.998016]","[-0.030884, 0.014587, -0.024811, 0.999084]","[0.041260, 0.251465, 0.089111]","[[0.993652, -0.110352, -0.022034], [0.108887, 0.992371, -0.058044], [0.028259, 0.055237, 0.998047]]",0.993652,"[7941, 7971, 7868, 8077]"
57.855988,"[0.167969, 0.089844, -1.292969]","[0.056122, -0.436857, -0.212290]","[0.039999, -0.169998, -0.328735]","[0.092097, -0.618083, -0.284516]","[0.021729, -0.059082, -0.109619]","[-0.028931, 0.012482, -0.054413, 0.998016]","[-0.029633, 0.014130, -0.024841, 0.999146]","[-0.212891, -0.020264, 0.034424]","[[0.993713, -0.109375, -0.021790], [0.107910, 0.992371, -0.059204], [0.028015, 0.056396, 0.997986]]",0.993713,"[7934, 8028, 7876, 8000]"
57.889191,"[0.167969, 0.089844, -1.304688]","[0.059800, -0.461373, -0.223544]","[0.039999, -0.160000, -0.378166]","[0.096225, -0.637075, -0.291698]","[0.020752, -0.060059, -0.108398]","[-0.029480, 0.012054, -0.053833, 0.998016]","[-0.031708, 0.013855, -0.024811, 0.999084]","[0.181885, -0.009033, 0.043945]","[[0.993774, -0.108215, -0.020874], [0.106750, 0.992310, -0.060242], [0.027222, 0.057556, 0.997803]]",0.993774,"[7926, 7994, 7857, 8025]"
57.924347,"[0.179688, 0.078125, -1.308594]","[0.063641, -0.486627, -0.235076]","[0.039999, -0.169998, -0.372742]","[0.100439, -0.655885, -0.298668]","[0.020020, -0.060791, -0.107422]","[-0.029877, 0.011688, -0.053436, 0.998077]","[-0.032440, 0.014313, -0.024780, 0.999054]","[0.050781, -0.344727, 0.043945]","[[0.994080, -0.107422, -0.020142], [0.105957, 0.992554, -0.060974], [0.026489, 0.058411, 0.997986]]",0.99408,"[7931, 8000, 7874, 8004]"
57.95755,"[0.167969, 0.066406, -1.316406]","[0.065623, -0.499528, -0.240943]","[0.029999, -0.209999, -0.361469]","[0.102579, -0.665215, -0.302070]","[0.019775, -0.061523, -0.106201]","[-0.030243, 0.011505, -0.052795, 0.998077]","[-0.031677, 0.013000, -0.024841, 0.999084]","[-0.115479, 0.338623, 0.013672]","[[0.994080, -0.106140, -0.019775], [0.104675, 0.992554, -0.061646], [0.026123, 0.059204, 0.997864]]",0.99408,"[7935, 8005, 7853, 7953]"
57.990753,"[0.179688, 0.066406, -1.324219]","[0.069715, -0.525875, -0.252872]","[0.039999, -0.189999, -0.374962]","[0.106921, -0.683700, -0.308693]","[0.019043, -0.063477, -0.105225]","[-0.031158, 0.011261, -0.052277, 0.998077]","[-0.034515, 0.014008, -0.024780, 0.998993]","[-0.041748, -0.341064, 0.014648]","[[0.994202, -0.105103, -0.019226], [0.103638, 0.992554, -0.063477], [0.025696, 0.061035, 0.997742]]",0.994202,"[7909, 7991, 7871, 8012]"
58.025909,"[0.179688, 0.058594, -1.328125]","[0.073977, -0.552938, -0.265056]","[0.029999, -0.249998, -0.343578]","[0.111346, -0.701933, -0.315065]","[0.018799, -0.064209, -0.103760]","[-0.031616, 0.011139, -0.051544, 0.998108]","[-0.033020, 0.013214, -0.024811, 0.999054]","[-0.468750, 0.407959, 0.002197]","[[0.994385, -0.103638, -0.018982], [0.102173, 0.992676, -0.064331], [0.025452, 0.062012, 0.997742]]",0.994385,"[7937, 8035, 7882, 7964]"
58.059113,"[0.167969, 0.046875, -1.335938]","[0.076175, -0.566739, -0.271241]","[0.029999, -0.219999, -0.351532]","[0.113589, -0.710948, -0.318153]","[0.019043, -0.065918, -0.102295]","[-0.032471, 0.011200, -0.050781, 0.998138]","[-0.035553, 0.012054, -0.024841, 0.998962]","[0.061035, -0.509766, 0.010010]","[[0.994629, -0.102112, -0.019043], [0.100647, 0.992798, -0.066040], [0.025635, 0.063721, 0.997681]]",0.994629,"[7938, 8022, 7912, 8046]"
58.092316,"[0.179688, 0.039062, -1.343750]","[0.080700, -0.594857, -0.283785]","[0.009998, -0.230000, -0.341555]","[0.118135, -0.728746, -0.324120]","[0.018799, -0.066406, -0.100342]","[-0.032623, 0.011139, -0.049835, 0.998138]","[-0.036407, 0.011780, -0.024841, 0.998932]","[-0.137207, 0.580811, 0.067383]","[[0.994629, -0.100220, -0.018982], [0.098755, 0.992798, -0.066345], [0.025452, 0.064026, 0.997498]]",0.994629,"[7954, 8040, 7927, 8007]"
58.125523,"[0.179688, 0.027344, -1.347656]","[0.085404, -0.623665, -0.296558]","[0.039999, -0.289999, -0.318974]","[0.122761, -0.746226, -0.329802]","[0.019287, -0.068604, -0.099121]","[-0.033783, 0.011383, -0.049255, 0.998169]","[-0.034973, 0.012909, -0.024811, 0.998993]","[-0.626221, 0.453613, 0.061035]","[[0.994934, -0.099182, -0.019409], [0.097595, 0.992920, -0.068604], [0.026001, 0.066284, 0.997498]]",0.994934,"[7962, 8083, 7926, 8052]"
58.158722,"[0.179688, 0.027344, -1.355469]","[0.090292, -0.653154, -0.309548]","[0.019999, -0.249998, -0.275017]","[0.127464, -0.763359, -0.335184]","[0.015869, -0.068359, -0.097168]","[-0.033722, 0.009674, -0.048248, 0.998199]","[-0.038849, 0.011597, -0.024811, 0.998840]","[0.438721, 0.093994, 0.037598]","[[0.995056, -0.097046, -0.016052], [0.095703, 0.992981, -0.068359], [0.022522, 0.066406, 0.997437]]",0.995056,"[8037, 8116, 7895, 8041]"
58.191925,"[0.179688, 0.019531, -1.359375]","[0.092804, -0.668142, -0.316119]","[0.029999, -0.309999, -0.225124]","[0.129844, -0.771785, -0.337758]","[0.017090, -0.069092, -0.094971]","[-0.034149, 0.010193, -0.047211, 0.998260]","[-0.037506, 0.011993, -0.024811, 0.998901]","[-0.516602, 0.169434, -0.019775]","[[0.995361, -0.095032, -0.017151], [0.093567, 0.993225, -0.069214], [0.023499, 0.067261, 0.997498]]",0.995361,"[7961, 8133, 8003, 7962]"
58.227081,"[0.179688, 0.007812, -1.363281]","[0.097970, -0.698616, -0.329410]","[0.029999, -0.269999, -0.233992]","[0.134660, -0.788347, -0.342667]","[0.015869, -0.070068, -0.093018]","[-0.034637, 0.009583, -0.046173, 0.998291]","[-0.040924, 0.011536, -0.024780, 0.998779]","[-0.184326, 0.486084, -0.088379]","[[0.995544, -0.092896, -0.015930], [0.091553, 0.993347, -0.070129], [0.022278, 0.068298, 0.997375]]",0.995544,"[8037, 8101, 7972, 8027]"
58.260284,"[0.179688, 0.000000, -1.367188]","[0.103325, -0.729727, -0.342885]","[0.019999, -0.289999, -0.231123]","[0.139549, -0.804500, -0.347245]","[0.016846, -0.072021, -0.090820]","[-0.035614, 0.010071, -0.045074, 0.998291]","[-0.041504, 0.010681, -0.024811, 0.998749]","[-0.089111, 0.018311, 0.012207]","[[0.995667, -0.090759, -0.016907], [0.089294, 0.993347, -0.072083], [0.023254, 0.070251, 0.997192]]",0.995667,"[8010, 8090, 8011, 8031]"
58.293488,"[0.187500, -0.007812, -1.375000]","[0.106075, -0.745517, -0.349688]","[0.039999, -0.369999, -0.238207]","[0.142020, -0.812416, -0.349408]","[0.016357, -0.073242, -0.088379]","[-0.036255, 0.009796, -0.043854, 0.998322]","[-0.039215, 0.011963, -0.024780, 0.998840]","[0.043213, 0.092773, 0.198242]","[[0.995911, -0.088318, -0.016357], [0.086853, 0.993469, -0.073364], [0.022705, 0.071533, 0.997131]]",0.995911,"[8032, 8068, 8001, 8056]"
58.326691,"[0.187500, -0.027344, -1.378906]","[0.111720, -0.777557, -0.363418]","[0.049999, -0.329998, -0.217945]","[0.147016, -0.827911, -0.353472]","[0.015869, -0.074463, -0.086914]","[-0.036804, 0.009552, -0.043182, 0.998352]","[-0.042267, 0.012115, -0.024750, 0.998718]","[-0.124756, 0.061523, -0.028320]","[[0.996094, -0.086975, -0.015869], [0.085510, 0.993530, -0.074402], [0.022217, 0.072693, 0.997131]]",0.996094,"[8047, 8102, 7995, 8030]"
58.359894,"[0.187500, -0.039062, -1.386719]","[0.117561, -0.810192, -0.377299]","[0.019999, -0.400000, -0.283878]","[0.152079, -0.842941, -0.357180]","[0.014160, -0.073486, -0.084717]","[-0.036377, 0.008636, -0.042145, 0.998413]","[-0.040283, 0.010468, -0.024841, 0.998810]","[0.156494, -0.327148, 0.062012]","[[0.996277, -0.084839, -0.014160], [0.083496, 0.993774, -0.073425], [0.020264, 0.071960, 0.997192]]",0.996277,"[8033, 8119, 8001, 7983]"
58.395054,"[0.187500, -0.046875, -1.394531]","[0.123602, -0.843405, -0.391318]","[0.029999, -0.349998, -0.218685]","[0.157209, -0.857484, -0.360523]","[0.014404, -0.074463, -0.082764]","[-0.036926, 0.008728, -0.041138, 0.998413]","[-0.044434, 0.010345, -0.024811, 0.998627]","[-0.090820, 0.212646, 0.107666]","[[0.996338, -0.082825, -0.014404], [0.081482, 0.993774, -0.074524], [0.020386, 0.073059, 0.997009]]",0.996338,"[8033, 8108, 8007, 8022]"
58.4263,"[0.187500, -0.058594, -1.398438]","[0.126698, -0.860222, -0.398375]","[0.029999, -0.369999, -0.225491]","[0.159798, -0.864569, -0.362057]","[0.013672, -0.074219, -0.081055]","[-0.036835, 0.008392, -0.040283, 0.998474]","[-0.045044, 0.010101, -0.024811, 0.998596]","[0.062256, -0.299561, 0.125244]","[[0.996582, -0.081116, -0.013794], [0.079773, 0.994019, -0.074341], [0.019653, 0.072876, 0.997131]]",0.996582,"[8016, 8111, 8032, 8016]"
58.459503,"[0.187500, -0.078125, -1.406250]","[0.133042, -0.894265, -0.412573]","[0.039999, -0.459999, -0.184607]","[0.165024, -0.878346, -0.364839]","[0.012451, -0.075928, -0.079102]","[-0.037628, 0.007812, -0.039307, 0.998505]","[-0.041626, 0.010437, -0.024841, 0.998749]","[-0.082764, 0.189697, 0.003174]","[[0.996826, -0.079163, -0.012634], [0.077942, 0.994141, -0.075867], [0.018494, 0.074524, 0.997070]]",0.996826,"[8042, 8105, 8031, 7998]"
58.494663,"[0.187500, -0.089844, -1.417969]","[0.139591, -0.928836, -0.426872]","[0.039999, -0.409998, -0.292110]","[0.170311, -0.891589, -0.367237]","[0.010742, -0.076660, -0.076416]","[-0.038055, 0.006866, -0.038025, 0.998535]","[-0.045746, 0.009827, -0.024811, 0.998566]","[0.200684, -0.568848, 0.046143]","[[0.997009, -0.076538, -0.010803], [0.075439, 0.994202, -0.076599], [0.016541, 0.075500, 0.997009]]",0.997009,"[8081, 8093, 7980, 8020]"
58.525909,"[0.187500, -0.097656, -1.421875]","[0.142944, -0.946312, -0.434055]","[0.039999, -0.419998, -0.270636]","[0.172977, -0.898006, -0.368291]","[0.009766, -0.075928, -0.074707]","[-0.037750, 0.006378, -0.037140, 0.998596]","[-0.046967, 0.009430, -0.024841, 0.998535]","[0.201660, -0.308105, -0.036621]","[[0.997192, -0.074707, -0.009949], [0.073730, 0.994446, -0.075928], [0.015442, 0.074951, 0.997131]]",0.997192,"[7994, 8079, 8007, 7976]"
58.559113,"[0.199219, -0.117188, -1.433594]","[0.149805, -0.981635, -0.448478]","[0.039999, -0.529999, -0.308523]","[0.178351, -0.910418, -0.370103]","[0.011719, -0.078125, -0.072510]","[-0.038879, 0.007263, -0.035950, 0.998566]","[-0.042938, 0.009766, -0.024841, 0.998718]","[-0.354004, 0.394043, 0.152588]","[[0.997253, -0.072449, -0.011719], [0.071228, 0.994324, -0.078247], [0.017212, 0.077148, 0.996826]]",0.997253,"[8004, 8040, 8006, 7945]"
58.592316,"[0.199219, -0.128906, -1.441406]","[0.156878, -1.017430, -0.462964]","[0.049999, -0.449999, -0.374544]","[0.183782, -0.922256, -0.371517]","[0.008301, -0.077881, -0.070312]","[-0.038788, 0.005615, -0.035034, 0.998627]","[-0.048431, 0.009888, -0.024811, 0.998444]","[0.273438, -0.833740, 0.033936]","[[0.997498, -0.070496, -0.008484], [0.069519, 0.994568, -0.077942], [0.013855, 0.077087, 0.996948]]",0.997498,"[8033, 8065, 7955, 7989]"
58.627472,"[0.199219, -0.148438, -1.453125]","[0.164164, -1.053679, -0.477498]","[0.059999, -0.559999, -0.409891]","[0.189267, -0.933500, -0.372528]","[0.009033, -0.076904, -0.068115]","[-0.038269, 0.005859, -0.033844, 0.998688]","[-0.044312, 0.009979, -0.024841, 0.998657]","[-0.412598, 0.556885, 0.025391]","[[0.997620, -0.068115, -0.009094], [0.067139, 0.994812, -0.076904], [0.014221, 0.076050, 0.997009]]",0.99762,"[7915, 8051, 8008, 7876]"
58.66069,"[0.207031, -0.167969, -1.468750]","[0.167887, -1.071965, -0.484778]","[0.049999, -0.480000, -0.474627]","[0.192028, -0.938898, -0.372881]","[0.008301, -0.078125, -0.065918]","[-0.038940, 0.005432, -0.032837, 0.998688]","[-0.049408, 0.009369, -0.024811, 0.998413]","[0.520996, -0.545898, -0.033447]","[[0.997742, -0.066040, -0.008301], [0.065186, 0.994751, -0.078186], [0.013306, 0.077454, 0.996887]]",0.997742,"[8004, 8027, 7920, 7904]"
58.695827,"[0.199219, -0.179688, -1.476562]","[0.175497, -1.108844, -0.499352]","[0.059999, -0.489998, -0.384186]","[0.197589, -0.949233, -0.373282]","[0.009033, -0.077881, -0.064209]","[-0.038727, 0.005859, -0.031921, 0.998749]","[-0.050629, 0.008850, -0.024841, 0.998352]","[-0.094482, -0.074463, 0.094482]","[[0.997986, -0.064270, -0.009216], [0.063293, 0.995056, -0.077820], [0.014099, 0.076965, 0.997009]]",0.997986,"[7872, 8064, 7979, 7824]"
58.727081,"[0.207031, -0.199219, -1.484375]","[0.183325, -1.146114, -0.513935]","[0.080000, -0.619999, -0.459625]","[0.203198, -0.958949, -0.373272]","[0.009033, -0.081787, -0.061279]","[-0.040771, 0.005768, -0.030487, 0.998688]","[-0.045532, 0.009949, -0.024811, 0.998596]","[0.052246, -0.461914, 0.045410]","[[0.998047, -0.061401, -0.009033], [0.060425, 0.994812, -0.081848], [0.013916, 0.081116, 0.996582]]",0.998047,"[7944, 7999, 7932, 7915]"
58.762238,"[0.199219, -0.218750, -1.500000]","[0.187321, -1.164891, -0.521224]","[0.070000, -0.519999, -0.470524]","[0.206019, -0.963571, -0.373115]","[0.008301, -0.082520, -0.058838]","[-0.041077, 0.005371, -0.029266, 0.998718]","[-0.051697, 0.008575, -0.024841, 0.998291]","[-0.411133, 0.394531, 0.115723]","[[0.998230, -0.058960, -0.008301], [0.057983, 0.994873, -0.082458], [0.013062, 0.081726, 0.996582]]",0.99823,"[7972, 7992, 7883, 7857]"
58.795441,"[0.218750, -0.238281, -1.511719]","[0.195479, -1.202701, -0.535788]","[0.089998, -0.649998, -0.532223]","[0.211695, -0.972329, -0.372485]","[0.005615, -0.080322, -0.055420]","[-0.040131, 0.003998, -0.027588, 0.998810]","[-0.046875, 0.010284, -0.024780, 0.998535]","[0.261719, -0.533691, 0.080078]","[[0.998413, -0.055481, -0.005737], [0.054749, 0.995239, -0.080444], [0.010132, 0.079956, 0.996704]]",0.998413,"[7882, 8013, 7960, 7846]"
