t,p,p_d,v,v_d,Angles,q,q_sp,w,R,T_sp,rpm
52.383671,"[-0.066406, 0.269531, -0.960938]","[-0.000000, 0.000000, -0.000000]","[-0.019999, 0.000000, -0.050512]","[-0.000001, 0.000002, -0.000001]","[0.007080, -0.017822, 0.017822]","[-0.009033, 0.003540, 0.009033, 0.999908]","[0.000000, -0.000824, 0.007904, 0.999939]","[0.257812, -0.374023, 0.031982]","[[0.999756, 0.017883, -0.007202], [-0.018127, 0.999634, -0.018005], [0.006836, 0.018127, 0.999756]]",0.999756,"[7810, 7797, 7733, 7698]"
52.416874,"[-0.066406, 0.269531, -0.957031]","[-0.000000, 0.000000, -0.000000]","[0.000000, 0.000000, -0.004175]","[-0.000019, 0.000029, -0.000011]","[-0.000244, -0.012207, 0.019287]","[-0.006165, -0.000214, 0.009735, 0.999939]","[0.000000, 0.000000, 0.007904, 0.999939]","[0.150391, -0.259033, 0.127197]","[[0.999817, 0.019409, 0.000305], [-0.019409, 0.999756, -0.012390], [-0.000549, 0.012268, 0.999939]]",0.999817,"[7824, 7886, 7712, 7583]"
52.450077,"[-0.066406, 0.269531, -0.953125]","[-0.000001, 0.000001, -0.000001]","[-0.029999, 0.000000, 0.044296]","[-0.000046, 0.000070, -0.000026]","[-0.006104, -0.008545, 0.020996]","[-0.004303, -0.003113, 0.010620, 0.999939]","[0.000000, -0.001312, 0.007904, 0.999939]","[0.230713, -0.127197, -0.035889]","[[0.999756, 0.021179, 0.006104], [-0.021179, 0.999756, -0.008728], [-0.006348, 0.008484, 0.999939]]",0.999756,"[7921, 7922, 7721, 7618]"
52.485249,"[-0.066406, 0.269531, -0.949219]","[-0.000005, 0.000007, -0.000003]","[0.009998, 0.000000, 0.076057]","[-0.000171, 0.000258, -0.000097]","[-0.009766, -0.006592, 0.022461]","[-0.003357, -0.004974, 0.011292, 0.999939]","[0.000000, 0.000580, 0.007904, 0.999939]","[-0.198975, -0.212891, 0.092529]","[[0.999756, 0.022522, 0.009827], [-0.022522, 0.999756, -0.006836], [-0.010071, 0.006592, 1.000000]]",0.999756,"[7900, 7954, 7793, 7665]"
52.526249,"[-0.066406, 0.269531, -0.945312]","[-0.000016, 0.000025, -0.000009]","[0.029999, 0.000000, 0.138830]","[-0.000449, 0.000678, -0.000254]","[-0.014893, -0.003174, 0.023682]","[-0.001556, -0.007477, 0.011902, 0.999908]","[0.000000, 0.001434, 0.007904, 0.999939]","[0.251953, -0.358154, 0.057373]","[[0.999634, 0.023743, 0.014893], [-0.023743, 0.999695, -0.003296], [-0.015015, 0.002930, 0.999878]]",0.999634,"[7973, 8009, 7824, 7736]"
52.55164,"[-0.058594, 0.269531, -0.937500]","[-0.000043, 0.000065, -0.000024]","[0.019999, 0.019999, 0.216566]","[-0.000961, 0.001453, -0.000544]","[-0.015869, -0.001221, 0.024414]","[-0.000549, -0.008026, 0.012238, 0.999908]","[-0.001068, 0.001587, 0.007935, 0.999939]","[0.030518, 0.188232, 0.070801]","[[0.999634, 0.024414, 0.015991], [-0.024414, 0.999756, -0.001343], [-0.016113, 0.000854, 0.999878]]",0.999634,"[8015, 8046, 7875, 7738]"
52.584843,"[-0.066406, 0.269531, -0.929688]","[-0.000065, 0.000099, -0.000037]","[0.019999, 0.009998, 0.228224]","[-0.001332, 0.002017, -0.000754]","[-0.016602, -0.000977, 0.025391]","[-0.000397, -0.008331, 0.012817, 0.999878]","[-0.000580, 0.001221, 0.007935, 0.999939]","[-0.091064, -0.026123, 0.071777]","[[0.999512, 0.025574, 0.016602], [-0.025574, 0.999634, -0.001038], [-0.016724, 0.000549, 0.999817]]",0.999512,"[8048, 8053, 7906, 7826]"
52.619999,"[-0.058594, 0.269531, -0.925781]","[-0.000136, 0.000206, -0.000077]","[0.039999, 0.019999, 0.245897]","[-0.002366, 0.003586, -0.001340]","[-0.018066, -0.001953, 0.026855]","[-0.000885, -0.009094, 0.013458, 0.999878]","[-0.001068, 0.002686, 0.007935, 0.999939]","[0.017822, -0.031982, 0.019043]","[[0.999512, 0.026855, 0.018127], [-0.026855, 0.999634, -0.002075], [-0.018250, 0.001465, 0.999817]]",0.999512,"[8127, 8043, 7904, 7885]"
52.651264,"[-0.066406, 0.277344, -0.917969]","[-0.000256, 0.000388, -0.000145]","[0.029999, 0.029999, 0.292137]","[-0.003869, 0.005869, -0.002191]","[-0.018799, -0.000244, 0.027588]","[0.000061, -0.009430, 0.013947, 0.999878]","[-0.002045, 0.001587, 0.007935, 0.999939]","[0.020996, -0.065918, -0.067383]","[[0.999512, 0.027771, 0.018860], [-0.027893, 0.999634, -0.000244], [-0.018860, -0.000366, 0.999878]]",0.999512,"[8090, 8106, 7954, 7858]"
52.684456,"[-0.058594, 0.277344, -0.910156]","[-0.000341, 0.000516, -0.000193]","[0.089998, 0.029999, 0.331726]","[-0.004826, 0.007324, -0.002734]","[-0.019531, -0.000488, 0.028809]","[-0.000153, -0.009888, 0.014465, 0.999847]","[-0.002014, 0.005371, 0.007935, 0.999939]","[-0.070312, 0.093994, 0.067139]","[[0.999390, 0.028870, 0.019714], [-0.028870, 0.999573, -0.000610], [-0.019836, 0.000000, 0.999756]]",0.99939,"[8148, 8122, 7996, 7897]"
52.717655,"[-0.058594, 0.277344, -0.902344]","[-0.000574, 0.000870, -0.000325]","[0.049999, 0.039999, 0.311956]","[-0.007214, 0.010959, -0.004086]","[-0.020996, 0.000000, 0.029785]","[0.000122, -0.010590, 0.014984, 0.999847]","[-0.002411, 0.003418, 0.007935, 0.999939]","[0.089600, -0.354980, 0.026123]","[[0.999390, 0.029846, 0.021179], [-0.029968, 0.999573, -0.000183], [-0.021179, -0.000549, 0.999817]]",0.99939,"[8185, 8182, 7995, 7917]"
52.750862,"[-0.058594, 0.277344, -0.890625]","[-0.000914, 0.001387, -0.000517]","[0.099998, 0.049999, 0.368406]","[-0.010306, 0.015673, -0.005838]","[-0.019775, 0.000000, 0.030029]","[0.000153, -0.009918, 0.015076, 0.999847]","[-0.002869, 0.005859, 0.007935, 0.999939]","[-0.023682, 0.403564, 0.047363]","[[0.999390, 0.030029, 0.019836], [-0.030151, 0.999573, -0.000061], [-0.019836, -0.000549, 0.999817]]",0.99939,"[8199, 8166, 8017, 7927]"
52.784061,"[-0.046875, 0.277344, -0.878906]","[-0.001132, 0.001720, -0.000641]","[0.089998, 0.039999, 0.376007]","[-0.012146, 0.018480, -0.006880]","[-0.018066, -0.000977, 0.030273]","[-0.000366, -0.009155, 0.015167, 0.999847]","[-0.002380, 0.006226, 0.007935, 0.999939]","[0.070068, -0.207031, 0.023926]","[[0.999390, 0.030273, 0.018250], [-0.030273, 0.999512, -0.001038], [-0.018372, 0.000427, 0.999817]]",0.99939,"[8160, 8184, 8058, 8014]"
52.817265,"[-0.046875, 0.277344, -0.871094]","[-0.001688, 0.002566, -0.000956]","[0.089998, 0.059999, 0.361975]","[-0.016460, 0.025072, -0.009324]","[-0.017578, -0.000977, 0.030518]","[-0.000366, -0.008850, 0.015350, 0.999847]","[-0.003235, 0.006226, 0.007935, 0.999939]","[-0.087891, 0.305176, 0.045654]","[[0.999390, 0.030640, 0.017639], [-0.030640, 0.999512, -0.001038], [-0.017761, 0.000427, 0.999817]]",0.99939,"[8213, 8154, 8064, 8006]"
52.850471,"[-0.046875, 0.277344, -0.851562]","[-0.002430, 0.003697, -0.001377]","[0.129999, 0.080000, 0.433275]","[-0.021684, 0.033069, -0.012284]","[-0.016357, -0.001709, 0.030762]","[-0.000702, -0.008240, 0.015442, 0.999847]","[-0.004303, 0.008453, 0.007965, 0.999908]","[-0.136719, -0.253174, -0.043457]","[[0.999390, 0.030823, 0.016418], [-0.030823, 0.999512, -0.001709], [-0.016541, 0.001099, 0.999817]]",0.99939,"[8192, 8192, 8112, 8047]"
52.885643,"[-0.039062, 0.289062, -0.839844]","[-0.003395, 0.005169, -0.001923]","[0.099998, 0.070000, 0.497652]","[-0.027883, 0.042575, -0.015796]","[-0.015137, -0.002930, 0.030762]","[-0.001434, -0.007629, 0.015411, 0.999847]","[-0.004456, 0.007355, 0.007965, 0.999908]","[-0.034912, 0.187500, 0.009277]","[[0.999390, 0.030762, 0.015198], [-0.030762, 0.999451, -0.003113], [-0.015320, 0.002625, 0.999817]]",0.99939,"[8301, 8211, 8069, 8050]"
52.918827,"[-0.039062, 0.296875, -0.828125]","[-0.003973, 0.006052, -0.002251]","[0.160000, 0.099998, 0.492470]","[-0.031367, 0.047924, -0.017770]","[-0.014404, -0.003906, 0.031006]","[-0.001923, -0.007324, 0.015625, 0.999847]","[-0.006256, 0.010529, 0.007996, 0.999878]","[-0.063965, -0.156494, 0.089844]","[[0.999390, 0.031189, 0.014587], [-0.031189, 0.999451, -0.004089], [-0.014709, 0.003601, 0.999878]]",0.99939,"[8264, 8255, 8150, 8105]"
52.953983,"[-0.039062, 0.296875, -0.816406]","[-0.005347, 0.008152, -0.003029]","[0.119999, 0.089998, 0.550703]","[-0.039132, 0.059864, -0.022170]","[-0.013184, -0.006104, 0.031250]","[-0.002930, -0.006653, 0.015686, 0.999847]","[-0.005768, 0.008698, 0.007965, 0.999908]","[0.016846, -0.092529, -0.053955]","[[0.999390, 0.031311, 0.013184], [-0.031311, 0.999451, -0.006104], [-0.013428, 0.005615, 0.999878]]",0.99939,"[8361, 8250, 8123, 8119]"
52.985233,"[-0.027344, 0.296875, -0.808594]","[-0.007045, 0.010751, -0.003991]","[0.139999, 0.089998, 0.542086]","[-0.047987, 0.073508, -0.027188]","[-0.012451, -0.005371, 0.031006]","[-0.002594, -0.006378, 0.015594, 0.999847]","[-0.005524, 0.010529, 0.007965, 0.999878]","[-0.042725, -0.157471, 0.018555]","[[0.999390, 0.031128, 0.012634], [-0.031128, 0.999451, -0.005432], [-0.012878, 0.004944, 0.999817]]",0.99939,"[8306, 8340, 8208, 8132]"
53.018456,"[-0.027344, 0.308594, -0.792969]","[-0.008029, 0.012259, -0.004548]","[0.199999, 0.119999, 0.571871]","[-0.052833, 0.080987, -0.029935]","[-0.011230, -0.006592, 0.030029]","[-0.003265, -0.005676, 0.015106, 0.999847]","[-0.007446, 0.013580, 0.008026, 0.999817]","[-0.011475, 0.198730, -0.135986]","[[0.999390, 0.030151, 0.011230], [-0.030151, 0.999451, -0.006714], [-0.011475, 0.006348, 0.999817]]",0.99939,"[8382, 8302, 8193, 8182]"
53.053593,"[-0.019531, 0.308594, -0.781250]","[-0.010295, 0.015735, -0.005832]","[0.129999, 0.099998, 0.552185]","[-0.063372, 0.097279, -0.035908]","[-0.009033, -0.008545, 0.028809]","[-0.004242, -0.004639, 0.014435, 0.999847]","[-0.006134, 0.011017, 0.007996, 0.999878]","[0.011475, 0.242432, -0.070557]","[[0.999390, 0.028809, 0.009094], [-0.028809, 0.999390, -0.008667], [-0.009460, 0.008301, 0.999756]]",0.99939,"[8391, 8346, 8194, 8212]"
53.086796,"[-0.007812, 0.308594, -0.769531]","[-0.012995, 0.019883, -0.007362]","[0.219999, 0.139999, 0.553329]","[-0.075045, 0.115367, -0.042525]","[-0.006348, -0.009277, 0.027100]","[-0.004639, -0.003296, 0.013611, 0.999878]","[-0.007782, 0.016296, 0.008057, 0.999786]","[-0.112305, 0.004883, -0.003418]","[[0.999512, 0.027161, 0.006409], [-0.027161, 0.999512, -0.009399], [-0.006775, 0.009155, 0.999878]]",0.999512,"[8324, 8338, 8233, 8243]"
53.119995,"[0.000000, 0.316406, -0.757812]","[-0.016172, 0.024772, -0.009163]","[0.169998, 0.119999, 0.597258]","[-0.087844, 0.135249, -0.049780]","[-0.004883, -0.010010, 0.025146]","[-0.004974, -0.002625, 0.012665, 0.999878]","[-0.006958, 0.014557, 0.008026, 0.999817]","[0.011475, 0.022949, -0.090820]","[[0.999512, 0.025269, 0.005066], [-0.025269, 0.999512, -0.010071], [-0.005432, 0.009827, 0.999817]]",0.999512,"[8396, 8368, 8206, 8266]"
53.153198,"[0.007812, 0.316406, -0.746094]","[-0.017954, 0.027516, -0.010172]","[0.169998, 0.109999, 0.551762]","[-0.094659, 0.145858, -0.053645]","[-0.001953, -0.010742, 0.023193]","[-0.005432, -0.001129, 0.011719, 0.999908]","[-0.006317, 0.015411, 0.008026, 0.999817]","[0.034424, -0.040771, -0.039551]","[[0.999634, 0.023376, 0.002075], [-0.023376, 0.999634, -0.010925], [-0.002441, 0.010803, 0.999878]]",0.999634,"[8373, 8404, 8260, 8310]"
53.186405,"[0.007812, 0.328125, -0.738281]","[-0.021930, 0.033648, -0.012426]","[0.199999, 0.139999, 0.538698]","[-0.109111, 0.168399, -0.061839]","[0.000244, -0.011230, 0.021484]","[-0.005615, 0.000153, 0.010803, 0.999908]","[-0.007904, 0.017517, 0.008057, 0.999756]","[-0.172363, 0.206543, -0.038574]","[[0.999695, 0.021484, -0.000366], [-0.021606, 0.999634, -0.011230], [0.000122, 0.011230, 0.999817]]",0.999695,"[8354, 8380, 8276, 8302]"
53.219608,"[0.007812, 0.328125, -0.730469]","[-0.026493, 0.040696, -0.015012]","[0.189999, 0.119999, 0.504789]","[-0.124626, 0.192669, -0.070637]","[0.001709, -0.012207, 0.019775]","[-0.006134, 0.000824, 0.010010, 0.999908]","[-0.006561, 0.017365, 0.008026, 0.999786]","[0.103027, -0.019531, 0.022461]","[[0.999695, 0.019897, -0.001770], [-0.020020, 0.999634, -0.012268], [0.001404, 0.012268, 0.999817]]",0.999695,"[8393, 8402, 8239, 8296]"
53.252815,"[0.019531, 0.328125, -0.718750]","[-0.029005, 0.044581, -0.016436]","[0.240000, 0.150000, 0.500202]","[-0.132761, 0.205425, -0.075251]","[0.005371, -0.013428, 0.018066]","[-0.006775, 0.002655, 0.009155, 0.999939]","[-0.007385, 0.020782, 0.008057, 0.999695]","[-0.151123, 0.129395, -0.093994]","[[0.999817, 0.018188, -0.005432], [-0.018311, 0.999756, -0.013550], [0.005066, 0.013550, 0.999878]]",0.999817,"[8360, 8383, 8253, 8314]"
53.287968,"[0.027344, 0.339844, -0.707031]","[-0.034521, 0.053124, -0.019562]","[0.179998, 0.129999, 0.542183]","[-0.149771, 0.232161, -0.084900]","[0.006592, -0.012939, 0.015625]","[-0.006470, 0.003265, 0.007965, 0.999939]","[-0.006531, 0.019073, 0.008026, 0.999756]","[0.168945, -0.010986, -0.075928]","[[0.999817, 0.015808, -0.006592], [-0.015930, 0.999756, -0.012939], [0.006348, 0.012939, 0.999878]]",0.999817,"[8391, 8412, 8241, 8287]"
53.321178,"[0.039062, 0.347656, -0.695312]","[-0.040718, 0.062739, -0.023075]","[0.199999, 0.139999, 0.531643]","[-0.167699, 0.260438, -0.095071]","[0.008545, -0.013672, 0.014160]","[-0.006866, 0.004333, 0.007202, 0.999939]","[-0.006775, 0.021271, 0.008057, 0.999695]","[-0.034424, 0.222412, 0.013916]","[[0.999817, 0.014282, -0.008728], [-0.014404, 0.999756, -0.013672], [0.008484, 0.013794, 0.999817]]",0.999817,"[8436, 8431, 8270, 8351]"
53.354374,"[0.046875, 0.359375, -0.687500]","[-0.047633, 0.073489, -0.026996]","[0.230000, 0.160000, 0.529291]","[-0.186480, 0.290169, -0.105728]","[0.010986, -0.014160, 0.012939]","[-0.007172, 0.005524, 0.006592, 0.999939]","[-0.007721, 0.023987, 0.008087, 0.999634]","[-0.035400, -0.014648, -0.034912]","[[0.999817, 0.013000, -0.011108], [-0.013245, 0.999756, -0.014282], [0.010864, 0.014404, 0.999817]]",0.999817,"[8442, 8442, 8279, 8394]"
53.387577,"[0.046875, 0.359375, -0.679688]","[-0.051370, 0.079306, -0.029115]","[0.199999, 0.139999, 0.524094]","[-0.196162, 0.305542, -0.111223]","[0.013184, -0.014648, 0.011963]","[-0.007355, 0.006561, 0.006073, 0.999939]","[-0.006012, 0.022980, 0.008057, 0.999664]","[-0.085693, 0.133545, -0.043457]","[[0.999817, 0.011963, -0.013184], [-0.012207, 0.999817, -0.014648], [0.012939, 0.014771, 0.999817]]",0.999817,"[8461, 8479, 8297, 8367]"
53.422733,"[0.058594, 0.359375, -0.667969]","[-0.059418, 0.091855, -0.033678]","[0.240000, 0.169998, 0.488623]","[-0.216056, 0.337229, -0.122515]","[0.015381, -0.014893, 0.011230]","[-0.007568, 0.007751, 0.005707, 0.999939]","[-0.006470, 0.026520, 0.008087, 0.999573]","[-0.126221, 0.189941, 0.006104]","[[0.999817, 0.011230, -0.015564], [-0.011475, 0.999817, -0.015076], [0.015320, 0.015198, 0.999817]]",0.999817,"[8483, 8461, 8293, 8380]"
53.455936,"[0.058594, 0.367188, -0.664062]","[-0.068258, 0.105668, -0.038691]","[0.199999, 0.139999, 0.475193]","[-0.236584, 0.370071, -0.134170]","[0.017578, -0.014404, 0.010254]","[-0.007233, 0.008759, 0.005280, 0.999939]","[-0.004547, 0.025421, 0.008026, 0.999634]","[0.185547, -0.057129, 0.011963]","[[0.999817, 0.010315, -0.017578], [-0.010681, 0.999878, -0.014404], [0.017334, 0.014526, 0.999756]]",0.999817,"[8465, 8472, 8312, 8360]"
53.48914,"[0.078125, 0.367188, -0.652344]","[-0.077909, 0.120782, -0.044165]","[0.230000, 0.169998, 0.481400]","[-0.257640, 0.403920, -0.146128]","[0.020752, -0.013672, 0.009521]","[-0.006897, 0.010406, 0.004883, 0.999939]","[-0.005127, 0.028595, 0.008057, 0.999542]","[-0.049072, 0.089355, -0.010498]","[[0.999817, 0.009521, -0.020874], [-0.009888, 0.999939, -0.013733], [0.020630, 0.013855, 0.999756]]",0.999817,"[8444, 8478, 8366, 8373]"
53.524296,"[0.078125, 0.378906, -0.644531]","[-0.083044, 0.128837, -0.047077]","[0.199999, 0.150000, 0.458094]","[-0.268332, 0.421175, -0.152202]","[0.021973, -0.015381, 0.009277]","[-0.007782, 0.011047, 0.004791, 0.999878]","[-0.003540, 0.028198, 0.007996, 0.999542]","[0.094482, 0.105469, -0.075928]","[[0.999573, 0.009338, -0.022156], [-0.009705, 0.999695, -0.015503], [0.021912, 0.015625, 0.999512]]",0.999573,"[8563, 8450, 8307, 8383]"
53.557499,"[0.089844, 0.378906, -0.640625]","[-0.093948, 0.145972, -0.053262]","[0.209999, 0.139999, 0.427818]","[-0.289985, 0.456262, -0.164505]","[0.024170, -0.010498, 0.007812]","[-0.005371, 0.012177, 0.004089, 0.999878]","[-0.001831, 0.030273, 0.007965, 0.999481]","[-0.007812, 0.041992, -0.033691]","[[0.999512, 0.007935, -0.024353], [-0.008301, 0.999756, -0.010681], [0.024231, 0.010803, 0.999512]]",0.999512,"[8418, 8576, 8359, 8308]"
53.59071,"[0.089844, 0.386719, -0.636719]","[-0.105701, 0.164489, -0.059931]","[0.219999, 0.189999, 0.421631]","[-0.311895, 0.491974, -0.176958]","[0.026855, -0.013672, 0.006836]","[-0.006927, 0.013428, 0.003632, 0.999878]","[-0.003510, 0.031738, 0.008026, 0.999451]","[0.063477, 0.038818, 0.015869]","[[0.999573, 0.006958, -0.026855], [-0.007446, 0.999817, -0.013794], [0.026733, 0.013916, 0.999512]]",0.999573,"[8557, 8438, 8293, 8451]"
53.623913,"[0.097656, 0.386719, -0.632812]","[-0.111902, 0.174276, -0.063449]","[0.169998, 0.160000, 0.385113]","[-0.322915, 0.510021, -0.183224]","[0.029541, -0.010010, 0.005127]","[-0.005035, 0.014801, 0.002747, 0.999878]","[-0.000824, 0.031128, 0.007935, 0.999481]","[-0.072266, 0.112305, -0.083740]","[[0.999512, 0.005249, -0.029602], [-0.005615, 0.999939, -0.010010], [0.029480, 0.010132, 0.999512]]",0.999512,"[8427, 8531, 8381, 8363]"
53.657108,"[0.109375, 0.398438, -0.625000]","[-0.124947, 0.194908, -0.070851]","[0.219999, 0.189999, 0.389193]","[-0.344999, 0.546373, -0.195784]","[0.031982, -0.011230, 0.003662]","[-0.005676, 0.016052, 0.001984, 0.999847]","[-0.001526, 0.035156, 0.007965, 0.999329]","[0.204590, 0.085693, -0.095947]","[[0.999451, 0.003723, -0.032104], [-0.004089, 0.999878, -0.011292], [0.031982, 0.011414, 0.999390]]",0.999451,"[8504, 8473, 8310, 8454]"
53.690311,"[0.117188, 0.398438, -0.617188]","[-0.138856, 0.216966, -0.078745]","[0.169998, 0.160000, 0.392475]","[-0.367053, 0.582942, -0.208334]","[0.034668, -0.010010, 0.002197]","[-0.005005, 0.017334, 0.001282, 0.999817]","[0.001343, 0.034271, 0.007874, 0.999359]","[-0.191650, 0.110107, 0.019043]","[[0.999268, 0.002319, -0.034668], [-0.002686, 0.999817, -0.010010], [0.034546, 0.010010, 0.999268]]",0.999268,"[8484, 8530, 8348, 8400]"
53.725468,"[0.117188, 0.406250, -0.613281]","[-0.153621, 0.240450, -0.087126]","[0.160000, 0.160000, 0.357594]","[-0.388953, 0.619549, -0.220802]","[0.037109, -0.008301, 0.000732]","[-0.004150, 0.018616, 0.000580, 0.999817]","[0.002716, 0.035248, 0.007812, 0.999329]","[-0.026367, 0.073486, 0.027100]","[[0.999268, 0.000916, -0.037231], [-0.001282, 0.999939, -0.008301], [0.037109, 0.008301, 0.999268]]",0.999268,"[8480, 8526, 8371, 8447]"
53.758671,"[0.117188, 0.417969, -0.609375]","[-0.161324, 0.252729, -0.091499]","[0.199999, 0.199999, 0.323399]","[-0.399810, 0.637816, -0.226986]","[0.039551, -0.006348, 0.000000]","[-0.003235, 0.019836, 0.000031, 0.999786]","[0.001617, 0.038300, 0.007843, 0.999207]","[0.121094, 0.125488, -0.047119]","[[0.999146, -0.000183, -0.039673], [-0.000183, 0.999878, -0.006470], [0.039551, 0.006470, 0.999146]]",0.999146,"[8497, 8511, 8354, 8454]"
53.791878,"[0.136719, 0.429688, -0.605469]","[-0.177363, 0.278358, -0.100606]","[0.150000, 0.169998, 0.309439]","[-0.421265, 0.674173, -0.239213]","[0.041992, -0.004639, -0.000977]","[-0.002289, 0.021027, -0.000488, 0.999786]","[0.004303, 0.038391, 0.007721, 0.999207]","[0.120605, -0.132812, -0.050781]","[[0.999146, -0.001099, -0.041992], [0.000854, 1.000000, -0.004639], [0.041992, 0.004517, 0.999146]]",0.999146,"[8466, 8553, 8380, 8414]"
53.825081,"[0.136719, 0.437500, -0.605469]","[-0.194229, 0.305394, -0.110184]","[0.179998, 0.209999, 0.285215]","[-0.442273, 0.710141, -0.251194]","[0.044922, -0.004395, -0.001709]","[-0.002197, 0.022491, -0.000824, 0.999725]","[0.003723, 0.041199, 0.007751, 0.999084]","[-0.179443, -0.000488, 0.000244]","[[0.998901, -0.001770, -0.044922], [0.001526, 0.999878, -0.004456], [0.044922, 0.004333, 0.998901]]",0.998901,"[8498, 8514, 8350, 8441]"
53.860237,"[0.136719, 0.437500, -0.601562]","[-0.211909, 0.333830, -0.120227]","[0.129999, 0.179998, 0.255863]","[-0.462726, 0.745565, -0.262869]","[0.047607, -0.002441, -0.002686]","[-0.001160, 0.023865, -0.001343, 0.999695]","[0.007141, 0.040192, 0.007599, 0.999115]","[-0.109619, 0.124023, -0.021484]","[[0.998779, -0.002747, -0.047668], [0.002625, 0.999878, -0.002441], [0.047668, 0.002197, 0.998779]]",0.998779,"[8493, 8549, 8363, 8407]"
53.893433,"[0.148438, 0.449219, -0.601562]","[-0.221044, 0.348563, -0.125417]","[0.169998, 0.230000, 0.228760]","[-0.472707, 0.763019, -0.268570]","[0.050293, -0.001953, -0.002930]","[-0.000916, 0.025208, -0.001526, 0.999695]","[0.006195, 0.044464, 0.007629, 0.998932]","[0.118408, 0.189697, 0.001221]","[[0.998779, -0.003113, -0.050354], [0.002991, 1.000000, -0.001953], [0.050354, 0.001709, 0.998779]]",0.998779,"[8526, 8489, 8309, 8456]"
53.926655,"[0.148438, 0.457031, -0.597656]","[-0.239889, 0.379038, -0.136125]","[0.109999, 0.179998, 0.197844]","[-0.492110, 0.797306, -0.279663]","[0.052246, 0.000732, -0.002930]","[0.000488, 0.026215, -0.001526, 0.999664]","[0.009949, 0.042877, 0.007477, 0.998993]","[0.165283, -0.038330, 0.008789]","[[0.998657, -0.003052, -0.052429], [0.003052, 1.000000, 0.000793], [0.052307, -0.001038, 0.998657]]",0.998657,"[8490, 8529, 8349, 8393]"
53.959843,"[0.156250, 0.457031, -0.597656]","[-0.259475, 0.410834, -0.147257]","[0.099998, 0.179998, 0.192259]","[-0.510683, 0.830642, -0.290295]","[0.054932, 0.002686, -0.002686]","[0.001465, 0.027557, -0.001434, 0.999634]","[0.012268, 0.044678, 0.007355, 0.998871]","[0.017822, 0.098633, -0.037598]","[[0.998535, -0.002808, -0.055115], [0.002930, 1.000000, 0.002747], [0.054993, -0.002991, 0.998535]]",0.998535,"[8490, 8512, 8338, 8382]"
53.99305,"[0.156250, 0.468750, -0.597656]","[-0.269537, 0.427217, -0.152977]","[0.099998, 0.249998, 0.152317]","[-0.519629, 0.846908, -0.295421]","[0.057129, 0.004150, -0.001953]","[0.002167, 0.028625, -0.001099, 0.999603]","[0.010468, 0.045898, 0.007416, 0.998840]","[0.003418, 0.203613, 0.075684]","[[0.998413, -0.002075, -0.057251], [0.002319, 1.000000, 0.004150], [0.057129, -0.004395, 0.998413]]",0.998413,"[8524, 8483, 8312, 8398]"
54.026249,"[0.156250, 0.476562, -0.601562]","[-0.290176, 0.460924, -0.164712]","[0.089998, 0.199999, 0.137211]","[-0.536773, 0.878542, -0.305259]","[0.057129, 0.007080, -0.001709]","[0.003632, 0.028564, -0.000977, 0.999573]","[0.014618, 0.047211, 0.007202, 0.998749]","[0.183838, 0.017334, -0.006104]","[[0.998291, -0.001770, -0.057129], [0.002136, 0.999878, 0.007141], [0.057007, -0.007263, 0.998291]]",0.998291,"[8534, 8543, 8317, 8352]"
54.059452,"[0.167969, 0.488281, -0.601562]","[-0.311461, 0.495839, -0.176819]","[0.059999, 0.219999, 0.123463]","[-0.552845, 0.908861, -0.314499]","[0.059326, 0.009033, -0.001465]","[0.004608, 0.029694, -0.000946, 0.999573]","[0.015350, 0.048065, 0.007141, 0.998688]","[-0.104736, 0.150879, -0.050293]","[[0.998291, -0.001648, -0.059387], [0.002136, 1.000000, 0.009094], [0.059265, -0.009216, 0.998291]]",0.998291,"[8500, 8530, 8326, 8354]"
54.092655,"[0.167969, 0.500000, -0.601562]","[-0.322336, 0.513737, -0.183006]","[0.070000, 0.279999, 0.064211]","[-0.560453, 0.923488, -0.318881]","[0.060791, 0.011230, -0.001465]","[0.005707, 0.030426, -0.000946, 0.999542]","[0.014008, 0.050140, 0.007172, 0.998596]","[0.257568, 0.113525, 0.010254]","[[0.998230, -0.001587, -0.060852], [0.002197, 1.000000, 0.011292], [0.060730, -0.011414, 0.998169]]",0.99823,"[8524, 8501, 8272, 8361]"
54.125858,"[0.179688, 0.500000, -0.601562]","[-0.344514, 0.550369, -0.195627]","[0.049999, 0.230000, 0.065819]","[-0.574757, 0.951590, -0.327138]","[0.063232, 0.012939, -0.001465]","[0.006592, 0.031708, -0.000946, 0.999481]","[0.019012, 0.051575, 0.006897, 0.998444]","[-0.182129, 0.064697, 0.054199]","[[0.997986, -0.001526, -0.063416], [0.002258, 0.999878, 0.013062], [0.063293, -0.013184, 0.997925]]",0.997986,"[8481, 8497, 8299, 8329]"
54.161026,"[0.179688, 0.507812, -0.605469]","[-0.367220, 0.588056, -0.208553]","[0.029999, 0.289999, 0.037315]","[-0.587780, 0.978052, -0.334679]","[0.065430, 0.014404, -0.001465]","[0.007324, 0.032776, -0.000946, 0.999451]","[0.018158, 0.052704, 0.006927, 0.998413]","[0.031982, 0.136963, 0.056885]","[[0.997864, -0.001465, -0.065552], [0.002319, 0.999939, 0.014465], [0.065430, -0.014709, 0.997803]]",0.997864,"[8499, 8463, 8253, 8380]"
54.194218,"[0.167969, 0.519531, -0.609375]","[-0.390415, 0.626753, -0.221763]","[0.019999, 0.259998, 0.027868]","[-0.599461, 1.002781, -0.341472]","[0.067627, 0.017090, -0.000732]","[0.008606, 0.033813, -0.000732, 0.999390]","[0.021698, 0.053284, 0.006714, 0.998291]","[0.160156, 0.024170, -0.009277]","[[0.997681, -0.000916, -0.067627], [0.002014, 0.999817, 0.017090], [0.067505, -0.017212, 0.997559]]",0.997681,"[8473, 8465, 8274, 8345]"
54.260624,"[0.167969, 0.539062, -0.613281]","[-0.425989, 0.686511, -0.242034]","[-0.019999, 0.329998, 0.000963]","[-0.614316, 1.036376, -0.350176]","[0.071777, 0.021729, 0.000732]","[0.010956, 0.035889, 0.000061, 0.999298]","[0.022308, 0.054871, 0.006653, 0.998199]","[0.048340, 0.203125, 0.061768]","[[0.997375, 0.000793, -0.071716], [0.000671, 0.999756, 0.021851], [0.071716, -0.021851, 0.997192]]",0.997375,"[8531, 8445, 8251, 8338]"
54.295776,"[0.167969, 0.546875, -0.613281]","[-0.450154, 0.727403, -0.255812]","[-0.029999, 0.279999, -0.020908]","[-0.622366, 1.056326, -0.354946]","[0.072998, 0.024658, 0.002197]","[0.012390, 0.036560, 0.000732, 0.999268]","[0.027191, 0.056183, 0.006348, 0.998016]","[0.233154, -0.020264, 0.047363]","[[0.997375, 0.002258, -0.073059], [-0.000549, 0.999695, 0.024719], [0.073059, -0.024719, 0.997070]]",0.997375,"[8493, 8445, 8291, 8300]"
54.328983,"[0.179688, 0.566406, -0.617188]","[-0.474590, 0.769009, -0.269752]","[-0.049999, 0.359999, -0.041950]","[-0.628873, 1.074200, -0.358854]","[0.075684, 0.026611, 0.003906]","[0.013275, 0.037903, 0.001526, 0.999176]","[0.024750, 0.057770, 0.006439, 0.997986]","[0.172363, -0.106934, 0.006592]","[[0.997009, 0.003967, -0.075684], [-0.002014, 0.999573, 0.026550], [0.075684, -0.026428, 0.996704]]",0.997009,"[8504, 8456, 8270, 8313]"
54.362202,"[0.179688, 0.578125, -0.621094]","[-0.486897, 0.790066, -0.276776]","[-0.059999, 0.320000, -0.037554]","[-0.631536, 1.082347, -0.360481]","[0.077881, 0.027588, 0.006104]","[0.013763, 0.039032, 0.002594, 0.999146]","[0.028656, 0.059082, 0.006195, 0.997803]","[-0.013184, 0.094971, 0.048340]","[[0.996948, 0.006165, -0.077881], [-0.004089, 0.999573, 0.027649], [0.078003, -0.027283, 0.996582]]",0.996948,"[8514, 8410, 8243, 8312]"
54.39539,"[0.179688, 0.589844, -0.621094]","[-0.511655, 0.832643, -0.290912]","[-0.070000, 0.320000, -0.052782]","[-0.635663, 1.097009, -0.363063]","[0.078369, 0.030762, 0.008057]","[0.015320, 0.039337, 0.003571, 0.999115]","[0.030975, 0.060547, 0.006012, 0.997650]","[0.215576, -0.169189, 0.049561]","[[0.996887, 0.008240, -0.078491], [-0.005920, 0.999512, 0.030823], [0.078613, -0.030334, 0.996460]]",0.996887,"[8517, 8426, 8233, 8260]"
54.428593,"[0.167969, 0.597656, -0.625000]","[-0.536540, 0.875746, -0.305130]","[-0.109999, 0.409998, -0.056696]","[-0.638168, 1.109451, -0.364742]","[0.079834, 0.031494, 0.011230]","[0.015656, 0.040070, 0.005096, 0.999054]","[0.028778, 0.059692, 0.006165, 0.997772]","[0.067139, -0.148438, 0.043701]","[[0.996704, 0.011353, -0.079895], [-0.008911, 0.999390, 0.031616], [0.080139, -0.030884, 0.996216]]",0.996704,"[8588, 8393, 8203, 8266]"
54.461796,"[0.167969, 0.617188, -0.625000]","[-0.549012, 0.897469, -0.312260]","[-0.099998, 0.359999, -0.064209]","[-0.638805, 1.114833, -0.365240]","[0.081055, 0.036865, 0.014160]","[0.018158, 0.040680, 0.006409, 0.998962]","[0.032928, 0.061890, 0.005829, 0.997498]","[0.105957, 0.288818, 0.170898]","[[0.996460, 0.014221, -0.081055], [-0.011292, 0.999146, 0.036743], [0.081421, -0.035767, 0.995911]]",0.99646,"[8480, 8419, 8273, 8175]"
54.496952,"[0.148438, 0.628906, -0.628906]","[-0.573972, 0.941204, -0.326537]","[-0.139999, 0.439999, -0.098450]","[-0.638836, 1.123869, -0.365541]","[0.080811, 0.037598, 0.017090]","[0.018463, 0.040649, 0.007904, 0.998962]","[0.031342, 0.060669, 0.005981, 0.997620]","[0.159180, -0.012207, 0.115479]","[[0.996521, 0.017212, -0.080933], [-0.014282, 0.999146, 0.037476], [0.081421, -0.036255, 0.995972]]",0.996521,"[8579, 8387, 8163, 8231]"
54.530151,"[0.148438, 0.636719, -0.628906]","[-0.598898, 0.985239, -0.340805]","[-0.139999, 0.379999, -0.045242]","[-0.637199, 1.130582, -0.364913]","[0.082275, 0.042725, 0.019775]","[0.021057, 0.041382, 0.009094, 0.998871]","[0.036682, 0.062469, 0.005585, 0.997345]","[-0.114014, 0.085938, 0.083984]","[[0.996338, 0.019836, -0.082275], [-0.016418, 0.998901, 0.042786], [0.083008, -0.041321, 0.995605]]",0.996338,"[8472, 8413, 8256, 8169]"
54.563358,"[0.148438, 0.656250, -0.628906]","[-0.623730, 1.029497, -0.355032]","[-0.160000, 0.389999, -0.054882]","[-0.633886, 1.134952, -0.363355]","[0.082520, 0.044434, 0.022217]","[0.021759, 0.041595, 0.010315, 0.998840]","[0.037659, 0.063324, 0.005493, 0.997253]","[0.258057, -0.039795, 0.064941]","[[0.996277, 0.022339, -0.082642], [-0.018799, 0.998779, 0.044312], [0.083496, -0.042603, 0.995544]]",0.996277,"[8592, 8365, 8178, 8260]"
54.596565,"[0.136719, 0.679688, -0.628906]","[-0.636087, 1.051673, -0.362117]","[-0.179998, 0.489998, -0.072075]","[-0.631604, 1.136253, -0.362226]","[0.083496, 0.048096, 0.023926]","[0.023621, 0.042053, 0.010986, 0.998779]","[0.034485, 0.063324, 0.005676, 0.997375]","[-0.106201, 0.172607, 0.049072]","[[0.996216, 0.023865, -0.083496], [-0.019958, 0.998596, 0.048096], [0.084473, -0.046265, 0.995300]]",0.996216,"[8534, 8427, 8229, 8213]"
54.62978,"[0.128906, 0.679688, -0.632812]","[-0.660658, 1.096095, -0.376215]","[-0.199999, 0.449999, -0.083403]","[-0.625792, 1.137078, -0.359277]","[0.084229, 0.050537, 0.025879]","[0.024841, 0.042450, 0.011993, 0.998718]","[0.039001, 0.063934, 0.005371, 0.997162]","[0.150635, 0.122803, 0.057373]","[[0.996094, 0.026001, -0.084229], [-0.021851, 0.998474, 0.050537], [0.085327, -0.048584, 0.995117]]",0.996094,"[8504, 8414, 8219, 8186]"
54.662968,"[0.128906, 0.699219, -0.640625]","[-0.684956, 1.140478, -0.390175]","[-0.249998, 0.539999, -0.121471]","[-0.618304, 1.135516, -0.355397]","[0.083984, 0.051758, 0.028076]","[0.025360, 0.042389, 0.013031, 0.998688]","[0.036316, 0.063080, 0.005585, 0.997314]","[0.038818, -0.211670, 0.084717]","[[0.996033, 0.028137, -0.084045], [-0.023865, 0.998291, 0.051697], [0.085266, -0.049500, 0.995056]]",0.996033,"[8571, 8385, 8166, 8205]"
54.69812,"[0.117188, 0.718750, -0.644531]","[-0.696989, 1.162639, -0.397093]","[-0.219999, 0.499998, -0.112860]","[-0.613951, 1.133851, -0.353118]","[0.083740, 0.055420, 0.030762]","[0.027100, 0.042297, 0.014313, 0.998627]","[0.039856, 0.065643, 0.005249, 0.997009]","[-0.016357, -0.004883, 0.084717]","[[0.995972, 0.030823, -0.083740], [-0.026306, 0.998047, 0.055237], [0.085205, -0.052917, 0.994873]]",0.995972,"[8494, 8413, 8195, 8127]"
54.731331,"[0.109375, 0.726562, -0.648438]","[-0.720787, 1.206844, -0.410789]","[-0.240000, 0.480000, -0.131760]","[-0.603984, 1.128706, -0.347860]","[0.083496, 0.056152, 0.033691]","[0.027466, 0.042236, 0.015656, 0.998627]","[0.043243, 0.065857, 0.005005, 0.996857]","[0.051758, -0.024902, 0.097412]","[[0.995972, 0.033569, -0.083496], [-0.028931, 0.998047, 0.056091], [0.085205, -0.053528, 0.994995]]",0.995972,"[8599, 8349, 8143, 8166]"
54.76453,"[0.109375, 0.757812, -0.652344]","[-0.744159, 1.250797, -0.424260]","[-0.320000, 0.609999, -0.125603]","[-0.592407, 1.121203, -0.341709]","[0.083496, 0.058350, 0.036377]","[0.028473, 0.042267, 0.016968, 0.998566]","[0.037781, 0.063568, 0.005463, 0.997223]","[0.156006, 0.005615, 0.088867]","[[0.995850, 0.036255, -0.083496], [-0.031494, 0.997803, 0.058228], [0.085327, -0.055420, 0.994812]]",0.99585,"[8577, 8338, 8134, 8159]"
54.797733,"[0.089844, 0.769531, -0.656250]","[-0.767048, 1.294407, -0.437474]","[-0.279999, 0.539999, -0.139908]","[-0.579219, 1.111334, -0.334663]","[0.083496, 0.061279, 0.039551]","[0.029846, 0.042450, 0.018524, 0.998474]","[0.043243, 0.065979, 0.005005, 0.996857]","[-0.013916, -0.072998, 0.071777]","[[0.995667, 0.039490, -0.083618], [-0.034485, 0.997498, 0.061096], [0.085815, -0.058044, 0.994568]]",0.995667,"[8492, 8345, 8170, 8087]"
54.830936,"[0.078125, 0.796875, -0.660156]","[-0.778291, 1.316058, -0.443973]","[-0.359999, 0.669998, -0.144135]","[-0.572033, 1.105514, -0.330814]","[0.083252, 0.061035, 0.042480]","[0.029633, 0.042328, 0.020050, 0.998474]","[0.038025, 0.062836, 0.005493, 0.997253]","[-0.044678, 0.093506, 0.121338]","[[0.995605, 0.042480, -0.083313], [-0.037476, 0.997437, 0.060791], [0.085632, -0.057495, 0.994690]]",0.995605,"[8602, 8290, 8114, 8131]"
54.864147,"[0.066406, 0.816406, -0.660156]","[-0.800340, 1.358986, -0.456735]","[-0.309999, 0.559999, -0.098942]","[-0.556477, 1.092100, -0.322456]","[0.082764, 0.063965, 0.045166]","[0.031036, 0.042145, 0.021301, 0.998413]","[0.044586, 0.066101, 0.004913, 0.996796]","[0.148926, -0.141602, 0.036133]","[[0.995544, 0.045044, -0.082825], [-0.039917, 0.997192, 0.063721], [0.085388, -0.060181, 0.994507]]",0.995544,"[8515, 8344, 8155, 8088]"
54.8993,"[0.046875, 0.839844, -0.660156]","[-0.821747, 1.401343, -0.469154]","[-0.429998, 0.729998, -0.095278]","[-0.539386, 1.076365, -0.313249]","[0.083008, 0.062744, 0.048340]","[0.030365, 0.042236, 0.022858, 0.998383]","[0.037781, 0.060760, 0.005585, 0.997406]","[0.152100, -0.395264, 0.140381]","[[0.995361, 0.048157, -0.082947], [-0.043030, 0.997070, 0.062500], [0.085632, -0.058716, 0.994568]]",0.995361,"[8605, 8275, 8101, 8210]"
54.932495,"[0.039062, 0.859375, -0.664062]","[-0.832191, 1.422282, -0.475223]","[-0.359999, 0.609999, -0.097561]","[-0.530281, 1.067645, -0.308342]","[0.082764, 0.066895, 0.051514]","[0.032410, 0.042267, 0.024414, 0.998291]","[0.045074, 0.065002, 0.004944, 0.996826]","[0.038330, 0.302490, 0.128174]","[[0.995239, 0.051392, -0.082825], [-0.046021, 0.996704, 0.066711], [0.085876, -0.062683, 0.994324]]",0.995239,"[8512, 8312, 8183, 8095]"
54.965698,"[0.027344, 0.886719, -0.667969]","[-0.852530, 1.463618, -0.487066]","[-0.329998, 0.609999, -0.114325]","[-0.510946, 1.048463, -0.297891]","[0.080811, 0.065186, 0.054688]","[0.031464, 0.041351, 0.026123, 0.998322]","[0.045563, 0.067078, 0.004822, 0.996674]","[0.030273, -0.256348, 0.061768]","[[0.995239, 0.054688, -0.080933], [-0.049561, 0.996704, 0.064941], [0.084106, -0.060669, 0.994629]]",0.995239,"[8643, 8281, 8090, 8135]"
54.998905,"[0.007812, 0.906250, -0.667969]","[-0.872091, 1.504165, -0.498486]","[-0.480000, 0.819998, -0.100719]","[-0.490136, 1.027007, -0.286636]","[0.080566, 0.067627, 0.058105]","[0.032654, 0.041229, 0.027771, 0.998230]","[0.036804, 0.059906, 0.005676, 0.997498]","[-0.093262, 0.171143, 0.126221]","[[0.994995, 0.058105, -0.080505], [-0.052734, 0.996277, 0.067444], [0.084045, -0.062927, 0.994446]]",0.994995,"[8590, 8279, 8079, 8066]"
55.034058,"[0.000000, 0.937500, -0.671875]","[-0.890806, 1.543830, -0.509449]","[-0.409998, 0.669998, -0.093557]","[-0.467937, 1.003336, -0.274607]","[0.082031, 0.069092, 0.062744]","[0.033356, 0.042053, 0.029999, 0.998108]","[0.044708, 0.064270, 0.005005, 0.996887]","[-0.004639, 0.124756, 0.149414]","[[0.994629, 0.062622, -0.081970], [-0.057129, 0.995911, 0.069031], [0.085876, -0.064026, 0.994202]]",0.994629,"[8494, 8240, 8191, 8105]"
55.067265,"[-0.007812, 0.957031, -0.671875]","[-0.899831, 1.563297, -0.514751]","[-0.429998, 0.709999, -0.027376]","[-0.456309, 0.990666, -0.268304]","[0.080566, 0.067139, 0.065918]","[0.032288, 0.041351, 0.031647, 0.998108]","[0.043732, 0.063782, 0.005066, 0.996979]","[0.053223, -0.217041, 0.102051]","[[0.994507, 0.065796, -0.080505], [-0.060547, 0.995850, 0.066956], [0.084534, -0.061829, 0.994385]]",0.994507,"[8647, 8182, 8088, 8123]"
55.098515,"[-0.027344, 0.976562, -0.667969]","[-0.917188, 1.601474, -0.524978]","[-0.499998, 0.849998, -0.026821]","[-0.432027, 0.963664, -0.255132]","[0.079102, 0.069092, 0.068848]","[0.033264, 0.040771, 0.033142, 0.998047]","[0.037781, 0.060394, 0.005585, 0.997437]","[0.086670, -0.023438, 0.158691]","[[0.994385, 0.068787, -0.079163], [-0.063416, 0.995483, 0.069031], [0.083557, -0.063660, 0.994324]]",0.994385,"[8600, 8293, 8116, 8044]"
55.133671,"[-0.039062, 1.007812, -0.667969]","[-0.933565, 1.638553, -0.534672]","[-0.459999, 0.769999, 0.008585]","[-0.406442, 0.934506, -0.241238]","[0.079102, 0.068604, 0.072754]","[0.032898, 0.040802, 0.035065, 0.998016]","[0.042023, 0.062561, 0.005249, 0.997131]","[-0.013916, 0.015625, 0.062744]","[[0.994202, 0.072571, -0.079163], [-0.067322, 0.995361, 0.068420], [0.083679, -0.062805, 0.994507]]",0.994202,"[8593, 8274, 8174, 8088]"
55.16687,"[-0.058594, 1.039062, -0.667969]","[-0.941379, 1.656666, -0.539316]","[-0.549999, 0.909998, -0.012022]","[-0.393150, 0.919106, -0.234017]","[0.077637, 0.067627, 0.075928]","[0.032410, 0.040070, 0.036652, 0.997986]","[0.035461, 0.058075, 0.005829, 0.997650]","[0.038330, -0.217529, 0.067627]","[[0.994019, 0.075684, -0.077637], [-0.070557, 0.995117, 0.067566], [0.082275, -0.061707, 0.994629]]",0.994019,"[8637, 8264, 8131, 8070]"
55.200077,"[-0.078125, 1.066406, -0.667969]","[-0.956208, 1.691947, -0.548170]","[-0.489998, 0.789999, -0.030809]","[-0.365648, 0.886772, -0.219072]","[0.076904, 0.068848, 0.078857]","[0.032898, 0.039825, 0.038116, 0.997925]","[0.041534, 0.060730, 0.005341, 0.997253]","[0.003174, 0.153076, 0.101074]","[[0.993835, 0.078613, -0.076965], [-0.073486, 0.994812, 0.068604], [0.081970, -0.062622, 0.994568]]",0.993835,"[8548, 8275, 8173, 8060]"
55.233295,"[-0.089844, 1.097656, -0.667969]","[-0.969934, 1.725925, -0.556426]","[-0.480000, 0.799999, -0.034042]","[-0.336919, 0.852348, -0.203453]","[0.074707, 0.066650, 0.081299]","[0.031891, 0.038757, 0.039459, 0.997955]","[0.041168, 0.061218, 0.005341, 0.997253]","[0.224121, -0.343262, 0.050537]","[[0.993835, 0.081177, -0.074829], [-0.076294, 0.994812, 0.066650], [0.079834, -0.060547, 0.994934]]",0.993835,"[8640, 8240, 8084, 8072]"
55.268436,"[-0.117188, 1.128906, -0.667969]","[-0.982507, 1.758510, -0.564054]","[-0.599998, 0.999998, -0.028053]","[-0.307045, 0.815933, -0.187204]","[0.073975, 0.067139, 0.083740]","[0.032135, 0.038330, 0.040588, 0.997925]","[0.031311, 0.054810, 0.006165, 0.997955]","[-0.203613, 0.227051, 0.016602]","[[0.993713, 0.083435, -0.073914], [-0.078552, 0.994629, 0.067139], [0.079041, -0.061035, 0.994934]]",0.993713,"[8601, 8244, 8102, 8031]"
55.299683,"[-0.136719, 1.156250, -0.671875]","[-0.988353, 1.774256, -0.567631]","[-0.519999, 0.849998, -0.007452]","[-0.291693, 0.796978, -0.178860]","[0.071777, 0.066162, 0.085693]","[0.031555, 0.037262, 0.041656, 0.997925]","[0.038361, 0.058197, 0.005646, 0.997528]","[-0.150391, -0.445801, 0.089844]","[[0.993652, 0.085449, -0.071716], [-0.080811, 0.994446, 0.065979], [0.076965, -0.059875, 0.995117]]",0.993652,"[8506, 8279, 8136, 8023]"
55.33289,"[-0.148438, 1.187500, -0.671875]","[-0.999133, 1.804629, -0.574286]","[-0.539999, 0.859999, 0.000553]","[-0.260151, 0.757610, -0.161714]","[0.070557, 0.061279, 0.087158]","[0.029083, 0.036591, 0.042542, 0.998016]","[0.037506, 0.057220, 0.005737, 0.997620]","[-0.287842, 0.137695, 0.046387]","[[0.993713, 0.086975, -0.070557], [-0.082825, 0.994690, 0.061157], [0.075439, -0.054932, 0.995667]]",0.993713,"[8649, 8207, 8023, 8086]"
55.368042,"[-0.167969, 1.226562, -0.671875]","[-1.008667, 1.833409, -0.580254]","[-0.669998, 1.079998, 0.013556]","[-0.227606, 0.716333, -0.144004]","[0.068359, 0.061768, 0.088135]","[0.029358, 0.035522, 0.043060, 0.998016]","[0.026306, 0.050201, 0.006561, 0.998352]","[0.156250, -0.112793, 0.067383]","[[0.993774, 0.088013, -0.068359], [-0.083862, 0.994568, 0.061646], [0.073364, -0.055542, 0.995728]]",0.993774,"[8595, 8231, 7995, 8046]"
55.401249,"[-0.187500, 1.257812, -0.667969]","[-1.012950, 1.847198, -0.582981]","[-0.569998, 0.899998, 0.034527]","[-0.210955, 0.695000, -0.134954]","[0.067139, 0.059082, 0.089355]","[0.028046, 0.034973, 0.043671, 0.998047]","[0.034454, 0.054291, 0.006012, 0.997894]","[-0.162354, -0.093018, -0.016602]","[[0.993713, 0.089111, -0.067322], [-0.085205, 0.994629, 0.059021], [0.072205, -0.052917, 0.995972]]",0.993713,"[8480, 8242, 8108, 8018]"
