t,p,p_d,v,v_d,Angles,q,q_sp,w,R,T_sp,rpm
45.692921,"[0.046875, 0.468750, -0.796875]","[-0.000000, 0.000000, -0.000000]","[0.009998, 0.000000, 0.119040]","[-0.000003, 0.000001, -0.000002]","[0.018555, -0.021973, 0.047852]","[-0.011292, 0.009033, 0.024078, 0.999603]","[0.000000, 0.000092, 0.023285, 0.999725]","[0.510986, 0.361816, -0.051270]","[[0.998657, 0.047852, -0.018555], [-0.048340, 0.998535, -0.022156], [0.017456, 0.023010, 0.999512]]",0.998657,"[8062, 7877, 7907, 7974]"
45.794479,"[0.058594, 0.468750, -0.789062]","[-0.000011, 0.000002, -0.000006]","[0.029999, 0.000000, 0.077316]","[-0.000400, 0.000087, -0.000207]","[0.002441, -0.007324, 0.052002]","[-0.003754, 0.001160, 0.026123, 0.999664]","[0.000031, 0.001923, 0.023285, 0.999725]","[-0.104492, -0.231201, 0.009766]","[[0.998657, 0.052124, -0.002502], [-0.052246, 0.998657, -0.007507], [0.002014, 0.007507, 1.000000]]",0.998657,"[7947, 7993, 7897, 7824]"
45.860889,"[0.058594, 0.468750, -0.785156]","[-0.000099, 0.000022, -0.000051]","[0.039999, 0.009998, 0.110464]","[-0.002205, 0.000481, -0.001141]","[-0.002441, -0.003174, 0.055176]","[-0.001648, -0.001312, 0.027649, 0.999634]","[-0.000549, 0.002563, 0.023285, 0.999695]","[0.059326, -0.082275, 0.025635]","[[0.998535, 0.055237, 0.002502], [-0.055237, 0.998535, -0.003418], [-0.002747, 0.003174, 1.000061]]",0.998535,"[7932, 8007, 7917, 7763]"
45.929249,"[0.066406, 0.468750, -0.769531]","[-0.000311, 0.000068, -0.000161]","[0.039999, 0.019999, 0.239542]","[-0.005352, 0.001175, -0.002778]","[-0.004883, 0.000244, 0.058350]","[0.000244, -0.002533, 0.029236, 0.999573]","[-0.001007, 0.003052, 0.023315, 0.999695]","[0.166748, -0.402588, 0.015381]","[[0.998291, 0.058350, 0.005066], [-0.058472, 0.998291, 0.000244], [-0.005066, -0.000610, 1.000000]]",0.998291,"[8005, 8051, 7983, 7885]"
45.962448,"[0.066406, 0.488281, -0.757812]","[-0.000582, 0.000127, -0.000302]","[0.049999, 0.029999, 0.260500]","[-0.008665, 0.001911, -0.004506]","[-0.004395, 0.001221, 0.059570]","[0.000824, -0.002258, 0.029877, 0.999573]","[-0.002716, 0.003723, 0.023315, 0.999695]","[-0.052246, 0.564209, 0.045898]","[[0.998291, 0.059631, 0.004517], [-0.059753, 0.998291, 0.001404], [-0.004517, -0.001770, 1.000061]]",0.998291,"[8023, 8062, 8020, 7845]"
45.997604,"[0.066406, 0.488281, -0.750000]","[-0.001004, 0.000221, -0.000521]","[0.059999, 0.029999, 0.313036]","[-0.013164, 0.002917, -0.006859]","[-0.006104, 0.001953, 0.060791]","[0.001160, -0.003113, 0.030548, 0.999542]","[-0.002686, 0.004333, 0.023315, 0.999695]","[0.285889, -0.294922, -0.043457]","[[0.998169, 0.060974, 0.006287], [-0.061096, 0.998169, 0.002014], [-0.006165, -0.002502, 1.000000]]",0.998169,"[8081, 8088, 8018, 7904]"
46.030807,"[0.066406, 0.488281, -0.738281]","[-0.001628, 0.000359, -0.000847]","[0.070000, 0.049999, 0.346186]","[-0.019022, 0.004236, -0.009931]","[-0.004395, 0.002686, 0.062256]","[0.001465, -0.002228, 0.031189, 0.999512]","[-0.003662, 0.004822, 0.023315, 0.999695]","[-0.134277, 0.182129, 0.079834]","[[0.998047, 0.062256, 0.004517], [-0.062378, 0.998047, 0.002686], [-0.004395, -0.003052, 0.999939]]",0.998047,"[8053, 8096, 8082, 7910]"
46.097218,"[0.078125, 0.488281, -0.714844]","[-0.003066, 0.000681, -0.001599]","[0.080000, 0.059999, 0.474865]","[-0.030685, 0.006886, -0.016072]","[-0.003906, 0.002930, 0.064941]","[0.001648, -0.001984, 0.032623, 0.999481]","[-0.004120, 0.006195, 0.023315, 0.999695]","[0.045410, 0.220459, -0.035889]","[[0.997925, 0.065125, 0.004028], [-0.065247, 0.997925, 0.003052], [-0.003906, -0.003418, 1.000000]]",0.997925,"[8109, 8171, 8162, 7970]"
46.130421,"[0.078125, 0.488281, -0.707031]","[-0.004452, 0.000993, -0.002326]","[0.080000, 0.070000, 0.458124]","[-0.040564, 0.009152, -0.021294]","[-0.003906, 0.001465, 0.065918]","[0.000885, -0.002014, 0.033020, 0.999451]","[-0.004608, 0.006317, 0.023315, 0.999695]","[0.185791, -0.139648, -0.004395]","[[0.997803, 0.065918, 0.004028], [-0.066040, 0.997803, 0.001526], [-0.004028, -0.001892, 0.999939]]",0.997803,"[8222, 8177, 8130, 8072]"
46.165573,"[0.078125, 0.488281, -0.687500]","[-0.005298, 0.001184, -0.002770]","[0.099998, 0.080000, 0.534008]","[-0.046172, 0.010446, -0.024267]","[-0.003662, 0.000488, 0.067139]","[0.000397, -0.001923, 0.033661, 0.999451]","[-0.005066, 0.007416, 0.023346, 0.999664]","[-0.010986, -0.011475, 0.050049]","[[0.997803, 0.067200, 0.003845], [-0.067322, 0.997803, 0.000549], [-0.003845, -0.000916, 1.000061]]",0.997803,"[8258, 8217, 8196, 8116]"
46.198776,"[0.089844, 0.500000, -0.667969]","[-0.007342, 0.001648, -0.003846]","[0.109999, 0.089998, 0.544382]","[-0.058774, 0.013373, -0.030964]","[-0.003418, 0.001465, 0.068359]","[0.000916, -0.001740, 0.034271, 0.999420]","[-0.006134, 0.009033, 0.023346, 0.999664]","[-0.111328, 0.002197, 0.071777]","[[0.997681, 0.068420, 0.003540], [-0.068542, 0.997681, 0.001648], [-0.003418, -0.001892, 1.000000]]",0.997681,"[8253, 8264, 8242, 8088]"
46.298401,"[0.109375, 0.500000, -0.625000]","[-0.014929, 0.003388, -0.007857]","[0.129999, 0.119999, 0.642427]","[-0.098610, 0.022787, -0.052294]","[-0.001221, 0.000000, 0.072021]","[0.000092, -0.000610, 0.036102, 0.999359]","[-0.007629, 0.011871, 0.023376, 0.999603]","[-0.113037, 0.243164, 0.053711]","[[0.997437, 0.072083, 0.001221], [-0.072205, 0.997437, 0.000061], [-0.001221, -0.000183, 1.000000]]",0.997437,"[8426, 8359, 8342, 8226]"
46.333542,"[0.109375, 0.519531, -0.605469]","[-0.019151, 0.004368, -0.010099]","[0.109999, 0.109999, 0.666397]","[-0.117906, 0.027427, -0.062705]","[0.000000, -0.000732, 0.073242]","[-0.000366, -0.000061, 0.036713, 0.999329]","[-0.008270, 0.011292, 0.023376, 0.999603]","[0.018799, 0.207520, 0.019287]","[[0.997314, 0.073364, 0.000061], [-0.073364, 0.997314, -0.000793], [-0.000183, 0.000671, 1.000000]]",0.997314,"[8410, 8404, 8364, 8260]"
46.368698,"[0.109375, 0.519531, -0.589844]","[-0.024166, 0.005538, -0.012770]","[0.160000, 0.129999, 0.687592]","[-0.139092, 0.032579, -0.074192]","[0.001709, -0.000977, 0.073975]","[-0.000580, 0.000946, 0.037109, 0.999329]","[-0.009277, 0.014496, 0.023438, 0.999573]","[0.059814, 0.148926, -0.022705]","[[0.997314, 0.074097, -0.001892], [-0.074219, 0.997314, -0.001099], [0.001770, 0.001221, 1.000061]]",0.997314,"[8440, 8422, 8416, 8273]"
46.401909,"[0.109375, 0.519531, -0.578125]","[-0.030043, 0.006920, -0.015910]","[0.129999, 0.129999, 0.680136]","[-0.162103, 0.038243, -0.086736]","[0.003418, -0.004150, 0.074951]","[-0.002228, 0.001740, 0.037537, 0.999298]","[-0.009186, 0.013397, 0.023407, 0.999573]","[-0.013672, -0.199219, 0.055908]","[[0.997192, 0.074951, -0.003601], [-0.075073, 0.997192, -0.004333], [0.003235, 0.004578, 1.000000]]",0.997192,"[8504, 8403, 8404, 8334]"
46.43317,"[0.128906, 0.527344, -0.562500]","[-0.033326, 0.007696, -0.017668]","[0.129999, 0.119999, 0.693537]","[-0.174265, 0.041264, -0.093393]","[0.004395, -0.005371, 0.075928]","[-0.002838, 0.002167, 0.037994, 0.999268]","[-0.009155, 0.015106, 0.023438, 0.999542]","[-0.066650, 0.175537, 0.123535]","[[0.997070, 0.075867, -0.004517], [-0.075989, 0.997070, -0.005554], [0.004028, 0.005798, 0.999939]]",0.99707,"[8511, 8449, 8421, 8335]"
46.466354,"[0.128906, 0.527344, -0.546875]","[-0.040627, 0.009431, -0.021588]","[0.169998, 0.150000, 0.700899]","[-0.199861, 0.047688, -0.107467]","[0.005859, -0.006836, 0.076172]","[-0.003510, 0.002869, 0.038208, 0.999268]","[-0.010437, 0.017822, 0.023468, 0.999481]","[0.100830, -0.142334, -0.028564]","[[0.997070, 0.076294, -0.005981], [-0.076416, 0.997070, -0.006836], [0.005371, 0.007202, 0.999939]]",0.99707,"[8522, 8511, 8443, 8347]"
46.501511,"[0.128906, 0.539062, -0.531250]","[-0.048960, 0.011428, -0.026076]","[0.160000, 0.139999, 0.691885]","[-0.227057, 0.054608, -0.122515]","[0.007812, -0.009766, 0.076416]","[-0.005066, 0.003815, 0.038300, 0.999268]","[-0.010559, 0.018066, 0.023468, 0.999481]","[-0.220459, -0.194336, -0.005615]","[[0.997070, 0.076477, -0.007996], [-0.076599, 0.997070, -0.009888], [0.007141, 0.010376, 1.000000]]",0.99707,"[8572, 8503, 8479, 8387]"
46.534714,"[0.136719, 0.539062, -0.515625]","[-0.053533, 0.012530, -0.028546]","[0.179998, 0.160000, 0.702223]","[-0.241217, 0.058251, -0.130390]","[0.010742, -0.011230, 0.076660]","[-0.005890, 0.005249, 0.038422, 0.999237]","[-0.011230, 0.020264, 0.023499, 0.999451]","[0.025146, 0.180420, -0.006592]","[[0.997009, 0.076660, -0.010925], [-0.076904, 0.996948, -0.011414], [0.009949, 0.012146, 0.999878]]",0.997009,"[8609, 8486, 8446, 8431]"
46.567917,"[0.136719, 0.546875, -0.503906]","[-0.063525, 0.014953, -0.033958]","[0.150000, 0.139999, 0.692554]","[-0.270579, 0.065894, -0.146805]","[0.012451, -0.012207, 0.076660]","[-0.006409, 0.006042, 0.038391, 0.999237]","[-0.010620, 0.019775, 0.023499, 0.999451]","[0.159180, 0.201660, 0.047852]","[[0.997009, 0.076599, -0.012573], [-0.076843, 0.997009, -0.012390], [0.011475, 0.013245, 0.999878]]",0.997009,"[8597, 8548, 8492, 8419]"
46.60112,"[0.148438, 0.546875, -0.492188]","[-0.074690, 0.017684, -0.040027]","[0.169998, 0.139999, 0.709053]","[-0.301209, 0.073998, -0.164059]","[0.014404, -0.013672, 0.075928]","[-0.007080, 0.006989, 0.038055, 0.999237]","[-0.010559, 0.022217, 0.023529, 0.999390]","[-0.145508, -0.161377, -0.044922]","[[0.997009, 0.075928, -0.014465], [-0.076172, 0.997009, -0.013672], [0.013367, 0.014648, 0.999817]]",0.997009,"[8595, 8533, 8509, 8478]"
46.634323,"[0.156250, 0.546875, -0.476562]","[-0.080727, 0.019170, -0.043318]","[0.179998, 0.169998, 0.704771]","[-0.316951, 0.078217, -0.172979]","[0.016602, -0.015381, 0.075195]","[-0.008057, 0.008057, 0.037781, 0.999237]","[-0.011993, 0.024078, 0.023560, 0.999359]","[-0.092285, 0.072510, -0.033691]","[[0.997070, 0.075317, -0.016663], [-0.075684, 0.997070, -0.015564], [0.015442, 0.016663, 0.999756]]",0.99707,"[8655, 8566, 8525, 8487]"
46.66753,"[0.156250, 0.558594, -0.464844]","[-0.093733, 0.022395, -0.050431]","[0.160000, 0.150000, 0.674517]","[-0.349190, 0.086974, -0.191364]","[0.019043, -0.014648, 0.074463]","[-0.007721, 0.009277, 0.037384, 0.999237]","[-0.011505, 0.024323, 0.023560, 0.999359]","[0.082520, 0.178223, -0.007080]","[[0.997009, 0.074524, -0.019104], [-0.074890, 0.997070, -0.014771], [0.017883, 0.016113, 0.999695]]",0.997009,"[8641, 8605, 8538, 8480]"
46.700729,"[0.156250, 0.566406, -0.453125]","[-0.108016, 0.025970, -0.058276]","[0.169998, 0.150000, 0.680418]","[-0.382306, 0.096141, -0.210419]","[0.021484, -0.017334, 0.073242]","[-0.009064, 0.010468, 0.036835, 0.999237]","[-0.011688, 0.026154, 0.023590, 0.999298]","[-0.025879, 0.129395, 0.013916]","[[0.997070, 0.073364, -0.021545], [-0.073853, 0.997131, -0.017395], [0.020203, 0.018860, 0.999634]]",0.99707,"[8697, 8580, 8551, 8575]"
46.735886,"[0.167969, 0.578125, -0.441406]","[-0.123610, 0.029911, -0.066878]","[0.189999, 0.169998, 0.665813]","[-0.416137, 0.105698, -0.230075]","[0.024414, -0.017334, 0.072266]","[-0.009125, 0.011993, 0.036255, 0.999237]","[-0.013092, 0.028992, 0.023651, 0.999207]","[-0.037109, 0.166016, 0.037354]","[[0.997070, 0.072205, -0.024597], [-0.072693, 0.997192, -0.017395], [0.023254, 0.019104, 0.999573]]",0.99707,"[8680, 8634, 8574, 8546]"
46.769093,"[0.179688, 0.578125, -0.429688]","[-0.131905, 0.032023, -0.071470]","[0.160000, 0.150000, 0.657194]","[-0.433265, 0.110613, -0.240104]","[0.026855, -0.018555, 0.071045]","[-0.009796, 0.013092, 0.035675, 0.999237]","[-0.011871, 0.029572, 0.023621, 0.999207]","[-0.010986, 0.136230, -0.058350]","[[0.997131, 0.070984, -0.026855], [-0.071594, 0.997253, -0.018677], [0.025391, 0.020508, 0.999451]]",0.997131,"[8699, 8658, 8605, 8572]"
46.802296,"[0.179688, 0.589844, -0.417969]","[-0.149503, 0.036540, -0.081246]","[0.189999, 0.169998, 0.625916]","[-0.467843, 0.120705, -0.260514]","[0.029541, -0.019531, 0.069336]","[-0.010345, 0.014465, 0.034912, 0.999237]","[-0.013123, 0.032532, 0.023682, 0.999084]","[-0.013672, 0.078369, -0.109863]","[[0.997131, 0.069458, -0.029602], [-0.070068, 0.997314, -0.019714], [0.028137, 0.021667, 0.999329]]",0.997131,"[8718, 8659, 8589, 8587]"
46.835495,"[0.187500, 0.589844, -0.406250]","[-0.168459, 0.041458, -0.091828]","[0.160000, 0.150000, 0.588326]","[-0.502711, 0.131122, -0.281337]","[0.032227, -0.019531, 0.067871]","[-0.010376, 0.015869, 0.034180, 0.999237]","[-0.012024, 0.033112, 0.023651, 0.999084]","[0.042236, 0.041504, -0.087402]","[[0.997131, 0.067932, -0.032410], [-0.068665, 0.997437, -0.019714], [0.030945, 0.021790, 0.999268]]",0.997131,"[8689, 8686, 8619, 8595]"
46.90387,"[0.199219, 0.597656, -0.390625]","[-0.199450, 0.049611, -0.109241]","[0.169998, 0.169998, 0.547119]","[-0.555196, 0.147305, -0.313177]","[0.039062, -0.021484, 0.063721]","[-0.011444, 0.019257, 0.032196, 0.999237]","[-0.012756, 0.037628, 0.023743, 0.998901]","[0.019287, 0.117676, -0.041260]","[[0.997192, 0.063843, -0.039246], [-0.064819, 0.997681, -0.021667], [0.037659, 0.024109, 0.998962]]",0.997192,"[8734, 8705, 8594, 8632]"
46.937061,"[0.207031, 0.609375, -0.382812]","[-0.221819, 0.055582, -0.121894]","[0.150000, 0.150000, 0.526499]","[-0.590077, 0.158430, -0.334706]","[0.042480, -0.022461, 0.061768]","[-0.011902, 0.020935, 0.031189, 0.999237]","[-0.012115, 0.038971, 0.023712, 0.998871]","[-0.070801, 0.211914, -0.007812]","[[0.997192, 0.061768, -0.042603], [-0.062866, 0.997803, -0.022522], [0.041016, 0.025085, 0.998840]]",0.997192,"[8753, 8715, 8618, 8660]"
46.972214,"[0.207031, 0.609375, -0.375000]","[-0.245551, 0.061993, -0.135394]","[0.160000, 0.160000, 0.499325]","[-0.624698, 0.169797, -0.356398]","[0.046387, -0.022461, 0.059082]","[-0.011932, 0.022858, 0.029907, 0.999237]","[-0.012054, 0.041290, 0.023743, 0.998779]","[-0.122559, 0.146973, -0.041748]","[[0.997192, 0.059204, -0.046387], [-0.060303, 0.997986, -0.022522], [0.044922, 0.025208, 0.998718]]",0.997192,"[8712, 8736, 8635, 8656]"
47.005428,"[0.218750, 0.617188, -0.371094]","[-0.257915, 0.065364, -0.142459]","[0.129999, 0.150000, 0.463535]","[-0.641852, 0.175559, -0.367275]","[0.049561, -0.022461, 0.056641]","[-0.012024, 0.024536, 0.028625, 0.999237]","[-0.011658, 0.042389, 0.023743, 0.998749]","[-0.040283, 0.289551, -0.017822]","[[0.997192, 0.056580, -0.049744], [-0.057800, 0.998108, -0.022644], [0.048279, 0.025452, 0.998535]]",0.997192,"[8731, 8762, 8643, 8646]"
47.036671,"[0.218750, 0.617188, -0.363281]","[-0.283655, 0.072450, -0.157233]","[0.129999, 0.139999, 0.440586]","[-0.675796, 0.187240, -0.389077]","[0.052246, -0.022461, 0.054199]","[-0.011993, 0.025879, 0.027435, 0.999237]","[-0.010773, 0.044434, 0.023712, 0.998657]","[0.116699, -0.083740, -0.137451]","[[0.997192, 0.054138, -0.052368], [-0.055481, 0.998230, -0.022583], [0.051025, 0.025391, 0.998413]]",0.997192,"[8727, 8748, 8638, 8690]"
47.071823,"[0.226562, 0.628906, -0.359375]","[-0.310703, 0.079995, -0.172855]","[0.129999, 0.160000, 0.394085]","[-0.709114, 0.199099, -0.410870]","[0.055420, -0.022217, 0.051270]","[-0.011810, 0.027435, 0.026031, 0.999207]","[-0.011932, 0.047028, 0.023773, 0.998535]","[0.188477, -0.025146, -0.131592]","[[0.997070, 0.051331, -0.055481], [-0.052673, 0.998291, -0.022217], [0.054138, 0.025024, 0.998169]]",0.99707,"[8719, 8783, 8636, 8687]"
47.105026,"[0.226562, 0.628906, -0.355469]","[-0.339048, 0.088008, -0.189333]","[0.089998, 0.119999, 0.369646]","[-0.741696, 0.211120, -0.432605]","[0.059082, -0.022705, 0.048340]","[-0.012054, 0.029266, 0.024597, 0.999207]","[-0.009369, 0.047089, 0.023651, 0.998566]","[0.023438, -0.053467, -0.149658]","[[0.997070, 0.048401, -0.059082], [-0.049866, 0.998535, -0.022705], [0.057861, 0.025513, 0.997986]]",0.99707,"[8711, 8769, 8644, 8676]"
47.138229,"[0.226562, 0.636719, -0.351562]","[-0.353684, 0.092189, -0.197885]","[0.109999, 0.150000, 0.331461]","[-0.757658, 0.217180, -0.443424]","[0.063232, -0.022217, 0.045410]","[-0.011902, 0.031342, 0.023102, 0.999146]","[-0.010742, 0.050293, 0.023743, 0.998383]","[-0.094971, -0.015137, -0.089111]","[[0.996826, 0.045349, -0.063232], [-0.046936, 0.998535, -0.022400], [0.062012, 0.025208, 0.997620]]",0.996826,"[8694, 8771, 8634, 8697]"
47.173386,"[0.226562, 0.636719, -0.355469]","[-0.383893, 0.100910, -0.215627]","[0.070000, 0.129999, 0.270546]","[-0.788889, 0.229396, -0.464952]","[0.066650, -0.021240, 0.042236]","[-0.011353, 0.033081, 0.021576, 0.999176]","[-0.009277, 0.050842, 0.023682, 0.998352]","[0.098633, -0.014160, -0.123047]","[[0.996948, 0.042297, -0.066650], [-0.043884, 0.998840, -0.021301], [0.065552, 0.024109, 0.997620]]",0.996948,"[8692, 8782, 8642, 8679]"
47.206612,"[0.226562, 0.636719, -0.355469]","[-0.415309, 0.110113, -0.234210]","[0.049999, 0.119999, 0.230007]","[-0.819096, 0.241720, -0.486283]","[0.070068, -0.020752, 0.039307]","[-0.011108, 0.034851, 0.020081, 0.999146]","[-0.008270, 0.052307, 0.023651, 0.998291]","[-0.124756, 0.024414, -0.052490]","[[0.996826, 0.039307, -0.070129], [-0.040894, 0.998962, -0.020874], [0.069153, 0.023560, 0.997375]]",0.996826,"[8695, 8794, 8629, 8691]"
47.239796,"[0.226562, 0.648438, -0.355469]","[-0.431447, 0.114894, -0.243809]","[0.059999, 0.150000, 0.196306]","[-0.833770, 0.247912, -0.496850]","[0.073242, -0.020264, 0.036865]","[-0.010834, 0.036469, 0.018890, 0.999115]","[-0.009644, 0.055267, 0.023712, 0.998138]","[0.060791, 0.264404, -0.034912]","[[0.996643, 0.036926, -0.073242], [-0.038513, 0.999084, -0.020325], [0.072388, 0.023010, 0.997131]]",0.996643,"[8693, 8767, 8610, 8674]"
47.272999,"[0.238281, 0.648438, -0.355469]","[-0.464573, 0.124820, -0.263625]","[0.009998, 0.119999, 0.158415]","[-0.862229, 0.260352, -0.517777]","[0.075684, -0.017822, 0.034424]","[-0.009644, 0.037720, 0.017578, 0.999084]","[-0.007690, 0.055939, 0.023621, 0.998108]","[0.052734, 0.115967, -0.107178]","[[0.996521, 0.034363, -0.075684], [-0.035828, 0.999146, -0.018005], [0.074951, 0.020569, 0.996948]]",0.996521,"[8693, 8798, 8619, 8644]"
47.306198,"[0.238281, 0.656250, -0.355469]","[-0.498789, 0.135234, -0.284254]","[0.019999, 0.139999, 0.130653]","[-0.889412, 0.272847, -0.538384]","[0.078125, -0.018555, 0.032227]","[-0.010010, 0.038971, 0.016571, 0.999054]","[-0.008362, 0.058746, 0.023682, 0.997925]","[0.030029, 0.185791, -0.007812]","[[0.996399, 0.032288, -0.078186], [-0.033875, 0.999207, -0.018738], [0.077454, 0.021301, 0.996704]]",0.996399,"[8702, 8782, 8602, 8672]"
47.341354,"[0.238281, 0.656250, -0.359375]","[-0.534041, 0.146137, -0.305682]","[-0.009998, 0.109999, 0.082083]","[-0.915232, 0.285377, -0.558620]","[0.081543, -0.017822, 0.030518]","[-0.009613, 0.040649, 0.015686, 0.999023]","[-0.006256, 0.060181, 0.023560, 0.997864]","[0.025146, 0.169678, -0.047607]","[[0.996277, 0.030518, -0.081482], [-0.032104, 0.999390, -0.018005], [0.080872, 0.020447, 0.996582]]",0.996277,"[8700, 8797, 8589, 8644]"
47.374573,"[0.238281, 0.667969, -0.363281]","[-0.552038, 0.151772, -0.316690]","[-0.019999, 0.119999, 0.049091]","[-0.927607, 0.291649, -0.568587]","[0.083740, -0.016602, 0.029297]","[-0.008942, 0.041809, 0.015076, 0.998993]","[-0.006683, 0.062378, 0.023590, 0.997742]","[0.012451, 0.079834, 0.013916]","[[0.996094, 0.029297, -0.083801], [-0.030884, 0.999451, -0.016663], [0.083191, 0.019104, 0.996399]]",0.996094,"[8701, 8800, 8609, 8619]"
47.407761,"[0.238281, 0.667969, -0.363281]","[-0.588742, 0.163410, -0.339287]","[-0.049999, 0.139999, 0.041512]","[-0.951229, 0.304194, -0.588192]","[0.085205, -0.014404, 0.028076]","[-0.007874, 0.042572, 0.014435, 0.998962]","[-0.006775, 0.063477, 0.023590, 0.997650]","[0.110352, 0.102051, -0.041748]","[[0.995972, 0.028137, -0.085266], [-0.029480, 0.999451, -0.014526], [0.084778, 0.016968, 0.996216]]",0.995972,"[8723, 8821, 8594, 8599]"
47.440964,"[0.238281, 0.679688, -0.367188]","[-0.626336, 0.175538, -0.362638]","[-0.059999, 0.119999, 0.004639]","[-0.973286, 0.316723, -0.607317]","[0.088379, -0.012939, 0.027588]","[-0.007172, 0.044189, 0.014160, 0.998901]","[-0.005890, 0.065765, 0.023529, 0.997528]","[0.027832, 0.161133, -0.040771]","[[0.995667, 0.027588, -0.088501], [-0.028931, 0.999451, -0.013123], [0.088013, 0.015564, 0.995972]]",0.995667,"[8676, 8814, 8602, 8592]"
47.47612,"[0.238281, 0.679688, -0.375000]","[-0.664755, 0.188152, -0.386724]","[-0.109999, 0.129999, -0.046061]","[-0.993700, 0.329212, -0.625920]","[0.092285, -0.011719, 0.026855]","[-0.006500, 0.046051, 0.013824, 0.998840]","[-0.005493, 0.066376, 0.023499, 0.997498]","[0.052734, 0.254150, -0.039551]","[[0.995422, 0.026978, -0.092163], [-0.028198, 0.999573, -0.011780], [0.091797, 0.014221, 0.995728]]",0.995422,"[8692, 8799, 8585, 8611]"
47.509335,"[0.226562, 0.687500, -0.382812]","[-0.684257, 0.194643, -0.399038]","[-0.109999, 0.119999, -0.091028]","[-1.003267, 0.335436, -0.635013]","[0.094727, -0.010986, 0.026855]","[-0.006195, 0.047363, 0.013733, 0.998779]","[-0.004608, 0.068420, 0.023438, 0.997345]","[0.086426, 0.167480, 0.005127]","[[0.995178, 0.026794, -0.094788], [-0.028015, 0.999573, -0.011108], [0.094421, 0.013672, 0.995483]]",0.995178,"[8693, 8793, 8592, 8614]"
47.542526,"[0.226562, 0.687500, -0.386719]","[-0.723801, 0.207989, -0.424192]","[-0.119999, 0.129999, -0.119789]","[-1.021079, 0.347831, -0.652756]","[0.096924, -0.008545, 0.026855]","[-0.004944, 0.048401, 0.013641, 0.998718]","[-0.004303, 0.070740, 0.023438, 0.997192]","[0.321533, -0.022217, -0.015137]","[[0.994873, 0.026733, -0.096802], [-0.027710, 0.999512, -0.008606], [0.096436, 0.011169, 0.995239]]",0.994873,"[8693, 8805, 8573, 8562]"
47.575729,"[0.218750, 0.699219, -0.390625]","[-0.764013, 0.221819, -0.450031]","[-0.179998, 0.150000, -0.149492]","[-1.037057, 0.360134, -0.669874]","[0.098877, -0.008301, 0.026855]","[-0.004822, 0.049438, 0.013672, 0.998657]","[-0.005157, 0.070129, 0.023499, 0.997223]","[-0.066162, -0.178711, -0.010986]","[[0.994629, 0.026794, -0.098877], [-0.027771, 0.999512, -0.008301], [0.098511, 0.010986, 0.994995]]",0.994629,"[8702, 8783, 8571, 8575]"
47.608932,"[0.207031, 0.699219, -0.398438]","[-0.784333, 0.228910, -0.463191]","[-0.179998, 0.129999, -0.170877]","[-1.044334, 0.366240, -0.678176]","[0.102051, -0.007324, 0.027588]","[-0.004395, 0.050995, 0.014038, 0.998596]","[-0.003174, 0.072418, 0.023346, 0.997070]","[-0.019531, 0.070068, 0.017578]","[[0.994385, 0.027527, -0.101990], [-0.028503, 0.999573, -0.007385], [0.101624, 0.010193, 0.994751]]",0.994385,"[8695, 8788, 8580, 8562]"
47.642136,"[0.199219, 0.707031, -0.406250]","[-0.825389, 0.243453, -0.489999]","[-0.209999, 0.119999, -0.211090]","[-1.057431, 0.378357, -0.694261]","[0.103271, -0.006104, 0.028809]","[-0.003845, 0.051575, 0.014587, 0.998566]","[-0.002289, 0.073486, 0.023285, 0.997009]","[0.018311, 0.080078, 0.011963]","[[0.994263, 0.028687, -0.103088], [-0.029541, 0.999573, -0.006226], [0.102844, 0.009155, 0.994629]]",0.994263,"[8722, 8794, 8542, 8535]"
47.675339,"[0.199219, 0.718750, -0.410156]","[-0.866928, 0.258470, -0.517426]","[-0.279999, 0.160000, -0.228928]","[-1.068503, 0.390322, -0.709599]","[0.104248, -0.005615, 0.030273]","[-0.003601, 0.052063, 0.015411, 0.998535]","[-0.003998, 0.073029, 0.023407, 0.997040]","[0.046875, 0.098877, 0.123047]","[[0.994141, 0.030334, -0.104065], [-0.031189, 0.999512, -0.005615], [0.103821, 0.008789, 0.994568]]",0.994141,"[8744, 8777, 8535, 8521]"
47.710499,"[0.187500, 0.718750, -0.421875]","[-0.908840, 0.273946, -0.545429]","[-0.230000, 0.129999, -0.274868]","[-1.077495, 0.402105, -0.724154]","[0.105225, -0.002197, 0.032471]","[-0.002045, 0.052643, 0.016357, 0.998474]","[-0.001465, 0.077728, 0.023193, 0.996674]","[-0.065674, -0.038330, 0.069824]","[[0.993896, 0.032410, -0.105225], [-0.032898, 0.999390, -0.002380], [0.104980, 0.005798, 0.994385]]",0.993896,"[8674, 8793, 8592, 8468]"
47.743698,"[0.179688, 0.726562, -0.429688]","[-0.929922, 0.281855, -0.559639]","[-0.309999, 0.169998, -0.288969]","[-1.081170, 0.407919, -0.731110]","[0.106201, -0.000977, 0.034424]","[-0.001465, 0.053131, 0.017334, 0.998444]","[-0.002716, 0.076416, 0.023315, 0.996796]","[-0.086426, 0.189209, 0.106934]","[[0.993774, 0.034424, -0.106140], [-0.034790, 0.999390, -0.001099], [0.106018, 0.004761, 0.994324]]",0.993774,"[8777, 8798, 8538, 8448]"
47.776905,"[0.167969, 0.726562, -0.433594]","[-0.972275, 0.298015, -0.588462]","[-0.309999, 0.150000, -0.302290]","[-1.086897, 0.419387, -0.744396]","[0.107666, 0.000488, 0.036621]","[-0.000671, 0.053864, 0.018311, 0.998383]","[-0.000732, 0.078674, 0.023132, 0.996613]","[0.000732, 0.116943, 0.063477]","[[0.993530, 0.036438, -0.107605], [-0.036682, 0.999329, 0.000610], [0.107483, 0.003296, 0.994141]]",0.99353,"[8732, 8795, 8547, 8459]"
47.845261,"[0.148438, 0.738281, -0.449219]","[-1.036111, 0.323082, -0.632623]","[-0.409998, 0.169998, -0.350912]","[-1.091192, 0.436113, -0.762599]","[0.110840, 0.002197, 0.041992]","[0.000031, 0.055450, 0.021027, 0.998230]","[-0.000488, 0.078674, 0.023132, 0.996613]","[0.038574, 0.014648, 0.148438]","[[0.992920, 0.041931, -0.110657], [-0.041931, 0.999023, 0.002319], [0.110657, 0.002319, 0.993774]]",0.99292,"[8768, 8775, 8529, 8427]"
47.878464,"[0.128906, 0.738281, -0.460938]","[-1.078748, 0.340331, -0.662632]","[-0.389999, 0.160000, -0.362339]","[-1.091130, 0.446918, -0.773539]","[0.111328, 0.003906, 0.044678]","[0.000763, 0.055725, 0.022278, 0.998199]","[0.001007, 0.081299, 0.022980, 0.996399]","[0.069336, 0.097168, 0.095947]","[[0.992798, 0.044495, -0.111206], [-0.044373, 0.998962, 0.003906], [0.111206, 0.000977, 0.993774]]",0.992798,"[8762, 8766, 8543, 8435]"
47.911667,"[0.117188, 0.750000, -0.468750]","[-1.121327, 0.357993, -0.693043]","[-0.449999, 0.179998, -0.392183]","[-1.088666, 0.457410, -0.783467]","[0.111328, 0.005371, 0.047363]","[0.001434, 0.055786, 0.023529, 0.998169]","[0.000519, 0.080841, 0.023041, 0.996429]","[0.160400, -0.065430, 0.023438]","[[0.992676, 0.047058, -0.111267], [-0.046814, 0.998840, 0.005432], [0.111389, -0.000183, 0.993774]]",0.992676,"[8808, 8767, 8507, 8418]"
47.94487,"[0.109375, 0.757812, -0.480469]","[-1.163765, 0.376061, -0.723825]","[-0.429998, 0.169998, -0.417263]","[-1.083805, 0.467582, -0.792372]","[0.111816, 0.006592, 0.050293]","[0.001984, 0.055969, 0.024963, 0.998108]","[0.001801, 0.083984, 0.022888, 0.996185]","[0.046875, -0.085693, 0.058105]","[[0.992432, 0.049988, -0.111633], [-0.049622, 0.998657, 0.006653], [0.111755, -0.001160, 0.993652]]",0.992432,"[8769, 8777, 8522, 8407]"
47.980026,"[0.089844, 0.769531, -0.492188]","[-1.184889, 0.385239, -0.739343]","[-0.459999, 0.179998, -0.449158]","[-1.080422, 0.472535, -0.796456]","[0.112061, 0.008301, 0.053467]","[0.002777, 0.056183, 0.026489, 0.998077]","[0.001923, 0.084198, 0.022888, 0.996155]","[0.272461, -0.022217, 0.074463]","[[0.992310, 0.053162, -0.112000], [-0.052551, 0.998596, 0.008423], [0.112244, -0.002563, 0.993652]]",0.99231,"[8792, 8760, 8487, 8371]"
48.011276,"[0.066406, 0.777344, -0.503906]","[-1.226935, 0.403887, -0.770601]","[-0.559999, 0.209999, -0.487316]","[-1.071918, 0.482184, -0.803798]","[0.112549, 0.009277, 0.056152]","[0.003113, 0.056427, 0.027832, 0.998016]","[0.001007, 0.080963, 0.022980, 0.996429]","[-0.115723, -0.073486, 0.084229]","[[0.992065, 0.055847, -0.112488], [-0.055237, 0.998413, 0.009277], [0.112732, -0.003052, 0.993591]]",0.992065,"[8797, 8741, 8473, 8350]"
48.046432,"[0.046875, 0.777344, -0.515625]","[-1.268606, 0.422907, -0.802129]","[-0.499998, 0.179998, -0.498251]","[-1.061022, 0.491471, -0.810089]","[0.113525, 0.010010, 0.059326]","[0.003418, 0.056915, 0.029480, 0.997925]","[0.003754, 0.085388, 0.022705, 0.996063]","[-0.096924, -0.134521, 0.072998]","[[0.991699, 0.059143, -0.113403], [-0.058411, 0.998169, 0.010071], [0.113770, -0.003479, 0.993408]]",0.991699,"[8758, 8703, 8487, 8351]"
48.083542,"[0.027344, 0.777344, -0.523438]","[-1.309809, 0.442284, -0.833885]","[-0.549999, 0.189999, -0.497051]","[-1.047762, 0.500385, -0.815328]","[0.112549, 0.011230, 0.063232]","[0.003937, 0.056519, 0.031311, 0.997894]","[0.004364, 0.085022, 0.022675, 0.996094]","[0.253906, -0.034424, 0.102295]","[[0.991577, 0.062866, -0.112549], [-0.062012, 0.997925, 0.011292], [0.113037, -0.004333, 0.993530]]",0.991577,"[8836, 8712, 8432, 8308]"
48.112839,"[0.019531, 0.789062, -0.535156]","[-1.330192, 0.452095, -0.849826]","[-0.639999, 0.230000, -0.526890]","[-1.040259, 0.504694, -0.817551]","[0.113525, 0.013428, 0.066895]","[0.004913, 0.057037, 0.033051, 0.997803]","[0.002838, 0.082489, 0.022827, 0.996307]","[-0.031738, 0.235107, 0.177246]","[[0.991211, 0.066467, -0.113464], [-0.065369, 0.997681, 0.013489], [0.114075, -0.006042, 0.993347]]",0.991211,"[8739, 8681, 8476, 8359]"
48.146042,"[0.000000, 0.796875, -0.542969]","[-1.370508, 0.471974, -0.881836]","[-0.589998, 0.199999, -0.531635]","[-1.023514, 0.513021, -0.821206]","[0.113037, 0.016113, 0.070068]","[0.006134, 0.056854, 0.034546, 0.997742]","[0.005127, 0.086334, 0.022583, 0.995972]","[0.156006, -0.113770, 0.094727]","[[0.991028, 0.069580, -0.113037], [-0.068237, 0.997375, 0.016113], [0.113770, -0.008301, 0.993347]]",0.991028,"[8735, 8714, 8497, 8290]"
48.181198,"[-0.027344, 0.808594, -0.558594]","[-1.410125, 0.492170, -0.913969]","[-0.709999, 0.249998, -0.552809]","[-1.004487, 0.520942, -0.823805]","[0.112305, 0.014648, 0.073242]","[0.005341, 0.056396, 0.036285, 0.997711]","[0.003082, 0.081757, 0.022797, 0.996368]","[-0.086182, 0.171143, 0.158691]","[[0.990845, 0.072937, -0.112122], [-0.071838, 0.997192, 0.014709], [0.112854, -0.006531, 0.993469]]",0.990845,"[8859, 8692, 8381, 8287]"
48.214401,"[-0.046875, 0.816406, -0.570312]","[-1.429643, 0.502382, -0.930068]","[-0.639999, 0.219999, -0.556742]","[-0.994129, 0.524747, -0.824709]","[0.112305, 0.016113, 0.077148]","[0.005951, 0.056519, 0.038055, 0.997650]","[0.005585, 0.086334, 0.022552, 0.995972]","[0.094727, -0.023926, 0.094727]","[[0.990662, 0.076599, -0.112305], [-0.075256, 0.996948, 0.016113], [0.113159, -0.007568, 0.993469]]",0.990662,"[8775, 8670, 8433, 8314]"
48.249557,"[-0.078125, 0.828125, -0.578125]","[-1.468047, 0.523024, -0.962306]","[-0.749998, 0.259998, -0.567898]","[-0.971750, 0.532040, -0.825728]","[0.112305, 0.017822, 0.080566]","[0.006744, 0.056549, 0.039856, 0.997589]","[0.004059, 0.081848, 0.022736, 0.996368]","[0.166992, -0.011719, 0.106445]","[[0.990417, 0.080200, -0.112305], [-0.078735, 0.996704, 0.017883], [0.113281, -0.008972, 0.993530]]",0.990417,"[8821, 8682, 8424, 8257]"
48.282761,"[-0.097656, 0.828125, -0.593750]","[-1.505529, 0.543940, -0.994561]","[-0.689999, 0.230000, -0.577757]","[-0.947191, 0.538899, -0.825697]","[0.113037, 0.018066, 0.084473]","[0.006683, 0.056946, 0.041779, 0.997498]","[0.006927, 0.085938, 0.022430, 0.996002]","[0.033936, -0.130615, 0.158691]","[[0.990051, 0.084045, -0.113037], [-0.082581, 0.996460, 0.018005], [0.114136, -0.008606, 0.993469]]",0.990051,"[8748, 8645, 8459, 8277]"
48.315964,"[-0.128906, 0.839844, -0.605469]","[-1.542014, 0.565117, -1.026797]","[-0.819998, 0.279999, -0.597038]","[-0.920492, 0.545315, -0.824620]","[0.114014, 0.017334, 0.088379]","[0.006195, 0.057312, 0.043732, 0.997375]","[0.004974, 0.080139, 0.022675, 0.996490]","[-0.165283, 0.031494, 0.070312]","[[0.989563, 0.087891, -0.113831], [-0.086548, 0.996033, 0.017334], [0.114807, -0.007324, 0.993286]]",0.989563,"[8835, 8589, 8419, 8255]"
48.351135,"[-0.148438, 0.847656, -0.617188]","[-1.559856, 0.575798, -1.042894]","[-0.759998, 0.249998, -0.596521]","[-0.906356, 0.548353, -0.823691]","[0.112061, 0.018311, 0.092285]","[0.006653, 0.056396, 0.045654, 0.997345]","[0.007355, 0.084076, 0.022430, 0.996155]","[0.095215, -0.148193, 0.069336]","[[0.989441, 0.091797, -0.111938], [-0.090332, 0.995728, 0.018372], [0.113037, -0.008118, 0.993530]]",0.989441,"[8794, 8606, 8412, 8244]"
48.38237,"[-0.167969, 0.859375, -0.625000]","[-1.594684, 0.597331, -1.075022]","[-0.759998, 0.259998, -0.584911]","[-0.876542, 0.554084, -0.821056]","[0.111328, 0.019287, 0.095215]","[0.007080, 0.056061, 0.047028, 0.997314]","[0.007507, 0.084808, 0.022400, 0.996094]","[0.151611, 0.240723, 0.046875]","[[0.989319, 0.094543, -0.111206], [-0.092957, 0.995483, 0.019348], [0.112427, -0.008850, 0.993652]]",0.989319,"[8847, 8644, 8398, 8209]"
48.415573,"[-0.207031, 0.867188, -0.640625]","[-1.628309, 0.619080, -1.107026]","[-0.919998, 0.299999, -0.604143]","[-0.844718, 0.559347, -0.817391]","[0.111572, 0.021240, 0.098389]","[0.007965, 0.056305, 0.048615, 0.997223]","[0.006348, 0.076691, 0.022614, 0.996765]","[0.190918, -0.039062, 0.110840]","[[0.989014, 0.097778, -0.111511], [-0.096069, 0.995178, 0.021301], [0.112976, -0.010437, 0.993591]]",0.989014,"[8774, 8634, 8414, 8223]"
48.450729,"[-0.238281, 0.878906, -0.652344]","[-1.644646, 0.630028, -1.122969]","[-0.809998, 0.279999, -0.632677]","[-0.828068, 0.561800, -0.815175]","[0.110596, 0.021729, 0.101807]","[0.008118, 0.055847, 0.050323, 0.997131]","[0.008057, 0.082367, 0.022400, 0.996307]","[-0.053711, -0.150146, 0.099609]","[[0.988647, 0.101196, -0.110535], [-0.099487, 0.994751, 0.021790], [0.112122, -0.010559, 0.993530]]",0.988647,"[8756, 8581, 8433, 8250]"
48.483932,"[-0.257812, 0.886719, -0.660156]","[-1.676320, 0.652064, -1.154714]","[-0.839998, 0.269999, -0.624113]","[-0.793330, 0.566342, -0.809982]","[0.107910, 0.021240, 0.104736]","[0.007782, 0.054535, 0.051819, 0.997131]","[0.009369, 0.081726, 0.022308, 0.996338]","[-0.073242, -0.042236, 0.045898]","[[0.988586, 0.104126, -0.107910], [-0.102539, 0.994446, 0.021118], [0.109497, -0.009888, 0.993835]]",0.988586,"[8847, 8621, 8362, 8191]"
48.517139,"[-0.296875, 0.906250, -0.671875]","[-1.706601, 0.674268, -1.186236]","[-0.969997, 0.339998, -0.643581]","[-0.756723, 0.570395, -0.803784]","[0.106445, 0.022217, 0.107666]","[0.008270, 0.053741, 0.053284, 0.997101]","[0.005829, 0.074860, 0.022675, 0.996887]","[-0.011719, -0.019287, 0.093262]","[[0.988525, 0.107056, -0.106262], [-0.105347, 0.994141, 0.022156], [0.107971, -0.010803, 0.994080]]",0.988525,"[8814, 8613, 8329, 8167]"
48.550339,"[-0.316406, 0.917969, -0.683594]","[-1.735418, 0.696622, -1.217500]","[-0.879999, 0.299999, -0.626102]","[-0.718306, 0.573948, -0.796590]","[0.105469, 0.022949, 0.110840]","[0.008545, 0.053345, 0.054779, 0.997040]","[0.008606, 0.079559, 0.022400, 0.996521]","[-0.041016, 0.208740, 0.019775]","[[0.988281, 0.110046, -0.105408], [-0.108337, 0.993835, 0.022827], [0.107239, -0.011230, 0.994141]]",0.988281,"[8756, 8575, 8398, 8183]"
48.583542,"[-0.359375, 0.917969, -0.695312]","[-1.749252, 0.707845, -1.233016]","[-1.029999, 0.349998, -0.635164]","[-0.698445, 0.575536, -0.792626]","[0.102539, 0.023926, 0.113281]","[0.009033, 0.051910, 0.055969, 0.997040]","[0.007324, 0.071320, 0.022583, 0.997162]","[0.014160, -0.116699, 0.118164]","[[0.988281, 0.112488, -0.102478], [-0.110657, 0.993530, 0.023804], [0.104431, -0.012207, 0.994385]]",0.988281,"[8816, 8612, 8348, 8149]"
48.616749,"[-0.386719, 0.937500, -0.703125]","[-1.775742, 0.730386, -1.263816]","[-0.919998, 0.320000, -0.634069]","[-0.657439, 0.578328, -0.783966]","[0.101562, 0.021484, 0.115723]","[0.007874, 0.051392, 0.057251, 0.997009]","[0.009033, 0.076630, 0.022400, 0.996765]","[-0.198975, 0.072021, 0.083496]","[[0.988159, 0.114929, -0.101562], [-0.113342, 0.993286, 0.021545], [0.103271, -0.009827, 0.994568]]",0.988159,"[8783, 8533, 8354, 8230]"
48.649952,"[-0.417969, 0.949219, -0.718750]","[-1.800595, 0.753023, -1.294255]","[-0.939999, 0.320000, -0.621504]","[-0.614795, 0.580604, -0.774348]","[0.098145, 0.022949, 0.117920]","[0.008667, 0.049652, 0.058350, 0.997009]","[0.009583, 0.074921, 0.022369, 0.996887]","[0.235107, -0.071533, 0.080811]","[[0.988159, 0.117188, -0.098022], [-0.115479, 0.992920, 0.023010], [0.099976, -0.011536, 0.994812]]",0.988159,"[8850, 8570, 8305, 8154]"
48.683159,"[-0.457031, 0.957031, -0.726562]","[-1.812387, 0.764370, -1.309325]","[-0.959999, 0.339998, -0.613186]","[-0.592884, 0.581546, -0.769185]","[0.096191, 0.025635, 0.119629]","[0.009949, 0.048798, 0.059174, 0.997009]","[0.009430, 0.072845, 0.022430, 0.997040]","[-0.045166, 0.113525, 0.071777]","[[0.988220, 0.118896, -0.096130], [-0.117065, 0.992798, 0.025574], [0.098450, -0.014099, 0.994995]]",0.98822,"[8761, 8595, 8328, 8115]"
48.718307,"[-0.488281, 0.968750, -0.738281]","[-1.834673, 0.787117, -1.339160]","[-1.119999, 0.379999, -0.575901]","[-0.547909, 0.583036, -0.758158]","[0.095459, 0.024902, 0.121338]","[0.009552, 0.048431, 0.059998, 0.996979]","[0.008026, 0.064606, 0.022644, 0.997620]","[-0.126465, 0.209717, 0.027100]","[[0.988037, 0.120544, -0.095459], [-0.118713, 0.992554, 0.024841], [0.097656, -0.013245, 0.995056]]",0.988037,"[8775, 8557, 8322, 8173]"
48.751511,"[-0.519531, 0.976562, -0.746094]","[-1.855174, 0.809913, -1.368545]","[-0.989998, 0.339998, -0.562599]","[-0.501473, 0.583997, -0.746215]","[0.094238, 0.024658, 0.122559]","[0.009430, 0.047791, 0.060699, 0.996979]","[0.010834, 0.070007, 0.022369, 0.997223]","[0.282471, -0.123535, 0.022949]","[[0.988037, 0.121826, -0.094177], [-0.120117, 0.992432, 0.024597], [0.096375, -0.013000, 0.995239]]",0.988037,"[8725, 8531, 8371, 8230]"
48.784718,"[-0.558594, 1.000000, -0.757812]","[-1.873834, 0.832737, -1.397449]","[-1.159998, 0.400000, -0.562977]","[-0.453644, 0.584423, -0.733371]","[0.090576, 0.023682, 0.123535]","[0.009094, 0.045959, 0.061249, 0.997009]","[0.007599, 0.060455, 0.022705, 0.997864]","[-0.029297, -0.198242, -0.042236]","[[0.988159, 0.122864, -0.090515], [-0.121277, 0.992249, 0.023743], [0.092712, -0.012512, 0.995483]]",0.988159,"[8839, 8549, 8305, 8170]"
48.817921,"[-0.597656, 1.007812, -0.765625]","[-1.882455, 0.844150, -1.411704]","[-1.029999, 0.359999, -0.585705]","[-0.429241, 0.584434, -0.726621]","[0.087402, 0.023193, 0.125000]","[0.008942, 0.044464, 0.062012, 0.997040]","[0.010712, 0.064911, 0.022461, 0.997559]","[-0.052490, -0.033691, 0.104980]","[[0.988281, 0.124390, -0.087524], [-0.122803, 0.992065, 0.023315], [0.089722, -0.012329, 0.995850]]",0.988281,"[8755, 8519, 8333, 8188]"
48.85112,"[-0.628906, 1.019531, -0.773438]","[-1.898255, 0.866974, -1.439814]","[-1.039999, 0.369999, -0.540588]","[-0.379481, 0.584051, -0.712469]","[0.083008, 0.023682, 0.126465]","[0.009216, 0.042206, 0.062683, 0.997101]","[0.010559, 0.063324, 0.022491, 0.997681]","[0.052002, 0.114014, 0.064941]","[[0.988525, 0.125732, -0.083008], [-0.124268, 0.991943, 0.023621], [0.085205, -0.013123, 0.996216]]",0.988525,"[8827, 8546, 8266, 8144]"
48.886276,"[-0.667969, 1.039062, -0.781250]","[-1.912087, 0.889772, -1.467354]","[-1.209997, 0.439999, -0.577593]","[-0.328530, 0.583125, -0.697470]","[0.080811, 0.025879, 0.127930]","[0.010345, 0.041199, 0.063446, 0.997101]","[0.007294, 0.053162, 0.022797, 0.998291]","[-0.085449, 0.025146, 0.119873]","[[0.988586, 0.127258, -0.080872], [-0.125671, 0.991760, 0.025818], [0.083435, -0.015442, 0.996399]]",0.988586,"[8766, 8613, 8331, 8088]"
48.919483,"[-0.699219, 1.046875, -0.792969]","[-1.918252, 0.901157, -1.480904]","[-1.059998, 0.400000, -0.581099]","[-0.302628, 0.582456, -0.689659]","[0.078613, 0.022461, 0.129395]","[0.008728, 0.040039, 0.064209, 0.997070]","[0.010345, 0.058929, 0.022552, 0.997925]","[-0.022461, -0.142334, 0.028809]","[[0.988403, 0.128662, -0.078735], [-0.127319, 0.991455, 0.022522], [0.080933, -0.012268, 0.996521]]",0.988403,"[8742, 8488, 8354, 8216]"
48.954636,"[-0.750000, 1.066406, -0.800781]","[-1.929049, 0.923875, -1.507527]","[-1.239998, 0.459999, -0.574951]","[-0.250047, 0.580710, -0.673434]","[0.073486, 0.021240, 0.130859]","[0.008240, 0.037445, 0.064972, 0.997131]","[0.007172, 0.047668, 0.022888, 0.998566]","[0.099365, -0.031006, -0.006592]","[[0.988647, 0.130127, -0.073608], [-0.128906, 0.991272, 0.021240], [0.075684, -0.011597, 0.996948]]",0.988647,"[8840, 8502, 8250, 8126]"
48.987839,"[-0.789062, 1.078125, -0.808594]","[-1.937773, 0.946516, -1.533503]","[-1.089998, 0.409998, -0.569281]","[-0.196476, 0.578416, -0.656420]","[0.069824, 0.022461, 0.132324]","[0.009003, 0.035645, 0.065735, 0.997162]","[0.010345, 0.052582, 0.022644, 0.998291]","[-0.005371, -0.276855, 0.044678]","[[0.988770, 0.131653, -0.069885], [-0.130432, 0.991150, 0.022583], [0.072205, -0.013306, 0.997253]]",0.98877,"[8701, 8511, 8336, 8121]"
