t,p,p_d,v,v_d,Angles,q,q_sp,w,R,T_sp,rpm
45.557243,"[-0.167969, 0.117188, -0.882812]","[-0.000000, -0.000000, 0.000000]","[0.009998, 0.000000, -0.018921]","[-0.000003, -0.000002, 0.000000]","[0.007568, -0.021973, 0.168701]","[-0.011353, 0.002930, 0.084442, 0.996338]","[0.000031, 0.000702, 0.082031, 0.996613]","[0.217285, -0.655029, 0.174316]","[[0.985596, 0.168091, -0.007751], [-0.168335, 0.985352, -0.022156], [0.003845, 0.023132, 0.999573]]",0.985596,"[7978, 7851, 7858, 7861]"
45.580673,"[-0.167969, 0.128906, -0.882812]","[-0.000000, -0.000000, 0.000000]","[0.000000, 0.009998, 0.007864]","[-0.000016, -0.000011, 0.000002]","[0.002441, -0.017334, 0.171875]","[-0.008820, 0.000519, 0.085968, 0.996246]","[-0.001434, 0.000214, 0.082031, 0.996613]","[0.508301, -0.754639, 0.164307]","[[0.985107, 0.171204, -0.002502], [-0.171326, 0.984985, -0.017517], [-0.000549, 0.017639, 0.999756]]",0.985107,"[7949, 7914, 7767, 7716]"
45.613876,"[-0.167969, 0.128906, -0.882812]","[-0.000001, -0.000001, 0.000000]","[0.000000, 0.019999, 0.001848]","[-0.000049, -0.000035, 0.000006]","[-0.003174, -0.011963, 0.177002]","[-0.005829, -0.002136, 0.088470, 0.996063]","[-0.001923, 0.000275, 0.082031, 0.996613]","[0.226318, 0.104980, 0.220215]","[[0.984314, 0.176208, 0.003235], [-0.176208, 0.984253, -0.012085], [-0.005310, 0.011230, 0.999878]]",0.984314,"[7950, 7990, 7825, 7618]"
45.647083,"[-0.167969, 0.128906, -0.878906]","[-0.000006, -0.000004, 0.000001]","[0.019999, 0.019999, 0.119076]","[-0.000239, -0.000169, 0.000030]","[-0.008301, -0.010010, 0.182129]","[-0.004608, -0.004639, 0.091003, 0.995819]","[-0.001831, 0.001373, 0.082062, 0.996613]","[-0.092773, 0.066650, 0.133301]","[[0.983276, 0.181213, 0.008423], [-0.181213, 0.983276, -0.010071], [-0.010132, 0.008362, 0.999817]]",0.983276,"[7993, 7952, 7806, 7619]"
45.680283,"[-0.167969, 0.128906, -0.875000]","[-0.000023, -0.000016, 0.000003]","[0.009998, 0.019999, 0.206656]","[-0.000721, -0.000510, 0.000090]","[-0.010986, -0.009033, 0.187500]","[-0.003967, -0.005920, 0.093658, 0.995575]","[-0.001862, 0.000885, 0.082062, 0.996613]","[0.089600, 0.237061, 0.247314]","[[0.982300, 0.186462, 0.011047], [-0.186462, 0.982361, -0.009094], [-0.012634, 0.006775, 0.999817]]",0.9823,"[8092, 7965, 7872, 7731]"
45.715439,"[-0.167969, 0.128906, -0.871094]","[-0.000068, -0.000048, 0.000008]","[0.019999, 0.029999, 0.251715]","[-0.001678, -0.001189, 0.000207]","[-0.014404, -0.006836, 0.193115]","[-0.002686, -0.007568, 0.096466, 0.995300]","[-0.002197, 0.001404, 0.082062, 0.996613]","[0.222900, -0.113281, 0.174805]","[[0.981201, 0.192017, 0.014526], [-0.192017, 0.981262, -0.006836], [-0.015625, 0.003906, 0.999756]]",0.981201,"[8118, 7995, 7938, 7776]"
45.748642,"[-0.167969, 0.128906, -0.863281]","[-0.000108, -0.000076, 0.000013]","[0.019999, 0.019999, 0.284409]","[-0.002398, -0.001700, 0.000296]","[-0.014648, -0.004395, 0.198242]","[-0.001495, -0.007538, 0.099030, 0.995056]","[-0.001831, 0.001373, 0.082062, 0.996613]","[-0.172119, 0.316406, 0.200439]","[[0.980225, 0.197021, 0.014709], [-0.197021, 0.980286, -0.004517], [-0.015320, 0.001465, 0.999817]]",0.980225,"[8113, 8007, 8001, 7784]"
45.781845,"[-0.167969, 0.128906, -0.859375]","[-0.000239, -0.000169, 0.000029]","[0.029999, 0.029999, 0.241850]","[-0.004457, -0.003161, 0.000547]","[-0.016846, -0.003906, 0.204102]","[-0.001160, -0.008636, 0.101990, 0.994751]","[-0.002136, 0.002136, 0.082062, 0.996613]","[-0.057373, -0.281494, 0.181885]","[[0.979004, 0.202881, 0.016968], [-0.202881, 0.979126, -0.004089], [-0.017456, 0.000549, 0.999756]]",0.979004,"[8153, 8042, 8020, 7797]"
45.815067,"[-0.156250, 0.136719, -0.851562]","[-0.000469, -0.000333, 0.000058]","[0.029999, 0.049999, 0.268404]","[-0.007522, -0.005340, 0.000918]","[-0.018311, -0.003174, 0.209961]","[-0.000610, -0.009369, 0.104828, 0.994446]","[-0.003906, 0.002991, 0.082062, 0.996613]","[0.258545, -0.106445, 0.177979]","[[0.977844, 0.208435, 0.018494], [-0.208435, 0.977966, -0.003235], [-0.018860, -0.000793, 0.999817]]",0.977844,"[8198, 8075, 8019, 7745]"
45.850204,"[-0.167969, 0.136719, -0.847656]","[-0.000842, -0.000598, 0.000103]","[0.039999, 0.049999, 0.343941]","[-0.011813, -0.008392, 0.001433]","[-0.017822, -0.005615, 0.216309]","[-0.001892, -0.009186, 0.107971, 0.994110]","[-0.004028, 0.002777, 0.082062, 0.996613]","[-0.082764, -0.013916, 0.188721]","[[0.976501, 0.214661, 0.017883], [-0.214661, 0.976624, -0.005798], [-0.018738, 0.001770, 0.999817]]",0.976501,"[8229, 8000, 8041, 7836]"
45.883408,"[-0.156250, 0.148438, -0.839844]","[-0.001098, -0.000780, 0.000134]","[0.059999, 0.059999, 0.314444]","[-0.014483, -0.010292, 0.001752]","[-0.018066, -0.004150, 0.222900]","[-0.001068, -0.009247, 0.111267, 0.993744]","[-0.005005, 0.004547, 0.082062, 0.996582]","[-0.066406, -0.046875, 0.240967]","[[0.975037, 0.221130, 0.018188], [-0.221130, 0.975159, -0.004211], [-0.018677, 0.000061, 0.999756]]",0.975037,"[8209, 8039, 8111, 7818]"
45.98497,"[-0.156250, 0.148438, -0.816406]","[-0.003379, -0.002402, 0.000408]","[0.070000, 0.080000, 0.432381]","[-0.034051, -0.024249, 0.004054]","[-0.016602, -0.005371, 0.241943]","[-0.001617, -0.008606, 0.120789, 0.992645]","[-0.006134, 0.005524, 0.082062, 0.996582]","[-0.038330, 0.260498, 0.158447]","[[0.970642, 0.239746, 0.016663], [-0.239746, 0.970764, -0.005371], [-0.017517, 0.001099, 0.999817]]",0.970642,"[8283, 8031, 8134, 7879]"
46.018173,"[-0.148438, 0.148438, -0.812500]","[-0.004919, -0.003500, 0.000590]","[0.070000, 0.070000, 0.402092]","[-0.045165, -0.032192, 0.005340]","[-0.014893, -0.005615, 0.248535]","[-0.001892, -0.007812, 0.124023, 0.992249]","[-0.005737, 0.005981, 0.082062, 0.996582]","[-0.312256, 0.238281, 0.197754]","[[0.969055, 0.246094, 0.015076], [-0.246094, 0.969177, -0.005737], [-0.016052, 0.001831, 0.999817]]",0.969055,"[8274, 8029, 8204, 7822]"
46.051376,"[-0.148438, 0.156250, -0.804688]","[-0.006934, -0.004937, 0.000828]","[0.089998, 0.089998, 0.447775]","[-0.058362, -0.041637, 0.006849]","[-0.014893, -0.006348, 0.254395]","[-0.002197, -0.007874, 0.126862, 0.991882]","[-0.007233, 0.007324, 0.082092, 0.996552]","[-0.340820, 0.111816, 0.204102]","[[0.967651, 0.251648, 0.015015], [-0.251648, 0.967773, -0.006409], [-0.016235, 0.002380, 0.999817]]",0.967651,"[8321, 8039, 8173, 7853]"
46.152939,"[-0.148438, 0.167969, -0.773438]","[-0.014604, -0.010415, 0.001718]","[0.109999, 0.109999, 0.461653]","[-0.101061, -0.072281, 0.011623]","[-0.011475, -0.008789, 0.273682]","[-0.003632, -0.006287, 0.136444, 0.990631]","[-0.009399, 0.009216, 0.082123, 0.996521]","[-0.178711, 0.429932, 0.165283]","[[0.962646, 0.270325, 0.011475], [-0.270325, 0.962708, -0.008972], [-0.013550, 0.005432, 0.999878]]",0.962646,"[8419, 8024, 8233, 7848]"
46.18811,"[-0.136719, 0.167969, -0.761719]","[-0.018956, -0.013530, 0.002216]","[0.099998, 0.099998, 0.468029]","[-0.122149, -0.087459, 0.013925]","[-0.011719, -0.009033, 0.279541]","[-0.003693, -0.006500, 0.139404, 0.990204]","[-0.009094, 0.009796, 0.082123, 0.996521]","[0.169678, -0.204590, 0.201416]","[[0.960999, 0.276062, 0.011841], [-0.276062, 0.961060, -0.009155], [-0.013916, 0.005493, 0.999817]]",0.960999,"[8383, 8082, 8254, 7857]"
46.221298,"[-0.136719, 0.167969, -0.750000]","[-0.024177, -0.017270, 0.002809]","[0.119999, 0.129999, 0.489544]","[-0.145542, -0.104327, 0.016437]","[-0.009521, -0.012207, 0.285400]","[-0.005341, -0.005646, 0.142242, 0.989807]","[-0.010681, 0.011414, 0.082153, 0.996490]","[-0.052002, 0.185791, 0.103516]","[[0.959412, 0.281555, 0.009705], [-0.281555, 0.959473, -0.012268], [-0.012756, 0.008972, 0.999817]]",0.959412,"[8439, 8019, 8242, 7891]"
46.254513,"[-0.128906, 0.179688, -0.742188]","[-0.027140, -0.019395, 0.003142]","[0.119999, 0.119999, 0.491634]","[-0.158092, -0.113390, 0.017768]","[-0.008057, -0.012451, 0.290771]","[-0.005615, -0.004913, 0.144989, 0.989410]","[-0.011078, 0.012421, 0.082153, 0.996460]","[-0.069092, -0.091309, 0.190186]","[[0.957886, 0.286865, 0.008118], [-0.286865, 0.957825, -0.012634], [-0.011414, 0.009705, 0.999817]]",0.957886,"[8417, 8049, 8253, 7893]"
46.287704,"[-0.128906, 0.179688, -0.730469]","[-0.033832, -0.024198, 0.003891]","[0.139999, 0.129999, 0.453735]","[-0.184880, -0.132763, 0.020569]","[-0.006104, -0.014648, 0.296631]","[-0.006775, -0.004089, 0.147797, 0.988983]","[-0.012177, 0.013855, 0.082184, 0.996429]","[0.030273, -0.019043, 0.145508]","[[0.956177, 0.292297, 0.006104], [-0.292297, 0.956116, -0.014648], [-0.010132, 0.012207, 0.999756]]",0.956177,"[8448, 8023, 8246, 7874]"
46.320908,"[-0.117188, 0.179688, -0.722656]","[-0.041612, -0.029789, 0.004752]","[0.119999, 0.119999, 0.478525]","[-0.213849, -0.153760, 0.023539]","[-0.003662, -0.014160, 0.300781]","[-0.006683, -0.002930, 0.149841, 0.988678]","[-0.012024, 0.014343, 0.082184, 0.996429]","[-0.032471, 0.257568, 0.050781]","[[0.955017, 0.296265, 0.003784], [-0.296265, 0.954956, -0.014160], [-0.007812, 0.012329, 0.999817]]",0.955017,"[8404, 8039, 8285, 7869]"
46.387314,"[-0.109375, 0.199219, -0.703125]","[-0.055508, -0.039790, 0.006268]","[0.139999, 0.139999, 0.563402]","[-0.261191, -0.188175, 0.028259]","[0.001221, -0.014648, 0.308350]","[-0.007385, -0.000549, 0.153564, 0.988098]","[-0.014954, 0.017639, 0.082275, 0.996338]","[0.152588, 0.041504, 0.041260]","[[0.952698, 0.303467, -0.001221], [-0.303467, 0.952637, -0.014832], [-0.003418, 0.014465, 0.999756]]",0.952698,"[8434, 8071, 8314, 7917]"
46.420521,"[-0.109375, 0.207031, -0.691406]","[-0.066370, -0.047621, 0.007436]","[0.139999, 0.129999, 0.594025]","[-0.295167, -0.212953, 0.031543]","[0.003174, -0.016357, 0.310791]","[-0.008301, 0.000336, 0.154877, 0.987885]","[-0.015472, 0.018646, 0.082306, 0.996307]","[-0.124756, 0.318604, 0.129150]","[[0.951904, 0.305908, -0.003235], [-0.306030, 0.951782, -0.016357], [-0.002014, 0.016479, 0.999695]]",0.951904,"[8471, 8102, 8318, 7937]"
46.455673,"[-0.097656, 0.207031, -0.679688]","[-0.078590, -0.056444, 0.008733]","[0.129999, 0.129999, 0.569349]","[-0.330901, -0.239084, 0.034902]","[0.005127, -0.016846, 0.313965]","[-0.008698, 0.001251, 0.156403, 0.987640]","[-0.016235, 0.019806, 0.082336, 0.996246]","[0.038330, 0.089844, 0.058350]","[[0.950989, 0.308838, -0.005188], [-0.308960, 0.950867, -0.016846], [-0.000305, 0.017578, 0.999756]]",0.950989,"[8448, 8124, 8326, 7903]"
46.586536,"[-0.089844, 0.218750, -0.648438]","[-0.124057, -0.089376, 0.013422]","[0.150000, 0.139999, 0.482702]","[-0.447065, -0.324572, 0.045116]","[0.014648, -0.021240, 0.322998]","[-0.011719, 0.005585, 0.160980, 0.986877]","[-0.020447, 0.026428, 0.082520, 0.996002]","[-0.058838, 0.087646, 0.065674]","[[0.948059, 0.317505, -0.014771], [-0.317871, 0.947876, -0.021362], [0.007202, 0.024902, 0.999634]]",0.948059,"[8402, 8063, 8292, 7923]"
46.59045,"[-0.078125, 0.226562, -0.652344]","[-0.124057, -0.089376, 0.013422]","[0.139999, 0.129999, 0.466454]","[-0.447065, -0.324572, 0.045116]","[0.015625, -0.021240, 0.323486]","[-0.011749, 0.006042, 0.161224, 0.986816]","[-0.020416, 0.026672, 0.082520, 0.996002]","[0.020264, 0.155762, 0.125977]","[[0.947815, 0.317993, -0.015747], [-0.318359, 0.947632, -0.021301], [0.008057, 0.025085, 0.999512]]",0.947815,"[8419, 8051, 8300, 7913]"
46.729115,"[-0.066406, 0.226562, -0.621094]","[-0.206955, -0.149791, 0.021485]","[0.150000, 0.139999, 0.546329]","[-0.615740, -0.450375, 0.057747]","[0.029541, -0.024414, 0.329102]","[-0.014435, 0.012573, 0.163971, 0.986298]","[-0.025482, 0.035156, 0.082794, 0.995605]","[0.112305, -0.135986, -0.005371]","[[0.945923, 0.323059, -0.029541], [-0.323792, 0.945862, -0.024414], [0.020020, 0.032593, 0.999329]]",0.945923,"[8447, 8115, 8334, 7936]"
46.731068,"[-0.066406, 0.238281, -0.617188]","[-0.206955, -0.149791, 0.021485]","[0.129999, 0.119999, 0.566809]","[-0.615740, -0.450375, 0.057747]","[0.030273, -0.024658, 0.329102]","[-0.014648, 0.012970, 0.164062, 0.986267]","[-0.025299, 0.034302, 0.082794, 0.995636]","[-0.161621, 0.373535, 0.057861]","[[0.945862, 0.323181, -0.030396], [-0.324036, 0.945740, -0.024719], [0.020752, 0.033142, 0.999268]]",0.945862,"[8446, 8081, 8346, 7959]"
46.734978,"[-0.066406, 0.238281, -0.613281]","[-0.206955, -0.149791, 0.021485]","[0.139999, 0.139999, 0.580742]","[-0.615740, -0.450375, 0.057747]","[0.030273, -0.024414, 0.329346]","[-0.014557, 0.012939, 0.164185, 0.986237]","[-0.026337, 0.035004, 0.082825, 0.995575]","[0.222412, -0.230713, 0.039795]","[[0.945679, 0.323364, -0.030334], [-0.324219, 0.945618, -0.024536], [0.020691, 0.032959, 0.999207]]",0.945679,"[8461, 8093, 8325, 7972]"
46.861931,"[-0.046875, 0.257812, -0.578125]","[-0.286719, -0.208325, 0.028714]","[0.109999, 0.089998, 0.598845]","[-0.745515, -0.548841, 0.065251]","[0.044434, -0.028809, 0.333496]","[-0.017883, 0.019562, 0.166290, 0.985718]","[-0.030334, 0.042816, 0.083130, 0.995148]","[0.033936, -0.059326, 0.037109]","[[0.943848, 0.327087, -0.044495], [-0.328552, 0.943970, -0.028809], [0.032532, 0.041748, 0.998535]]",0.943848,"[8499, 8172, 8369, 7970]"
46.863873,"[-0.046875, 0.257812, -0.574219]","[-0.286719, -0.208325, 0.028714]","[0.099998, 0.089998, 0.593683]","[-0.745515, -0.548841, 0.065251]","[0.044678, -0.028564, 0.333740]","[-0.017853, 0.019653, 0.166382, 0.985718]","[-0.030579, 0.042694, 0.083160, 0.995148]","[0.053711, 0.105225, 0.090332]","[[0.943848, 0.327271, -0.044678], [-0.328735, 0.943970, -0.028687], [0.032715, 0.041748, 0.998596]]",0.943848,"[8487, 8163, 8352, 7950]"
47.012321,"[-0.039062, 0.269531, -0.527344]","[-0.416422, -0.304293, 0.039430]","[0.089998, 0.080000, 0.557819]","[-0.912820, -0.678764, 0.070976]","[0.062744, -0.033691, 0.333008]","[-0.021851, 0.028137, 0.166260, 0.985443]","[-0.038025, 0.054230, 0.083771, 0.994263]","[-0.169678, 0.517578, -0.035645]","[[0.943054, 0.326355, -0.062744], [-0.328918, 0.943665, -0.033752], [0.048096, 0.052429, 0.997375]]",0.943054,"[8468, 8187, 8379, 7967]"
47.014263,"[-0.039062, 0.269531, -0.531250]","[-0.416422, -0.304293, 0.039430]","[0.070000, 0.070000, 0.560856]","[-0.912820, -0.678764, 0.070976]","[0.062988, -0.034668, 0.333252]","[-0.022369, 0.028229, 0.166351, 0.985413]","[-0.037567, 0.053589, 0.083740, 0.994324]","[-0.059326, -0.135254, 0.038574]","[[0.942993, 0.326538, -0.063049], [-0.329102, 0.943604, -0.034790], [0.048157, 0.053467, 0.997314]]",0.942993,"[8465, 8213, 8363, 7977]"
47.078724,"[-0.027344, 0.277344, -0.511719]","[-0.471645, -0.345442, 0.043610]","[0.049999, 0.049999, 0.494528]","[-0.971800, -0.725657, 0.071542]","[0.069580, -0.037109, 0.332031]","[-0.024078, 0.031372, 0.165802, 0.985382]","[-0.040802, 0.058777, 0.084045, 0.993866]","[-0.140869, 0.118408, -0.136230]","[[0.943054, 0.325195, -0.069763], [-0.328247, 0.943909, -0.037109], [0.053772, 0.057861, 0.996887]]",0.943054,"[8440, 8254, 8350, 7842]"
47.162704,"[-0.027344, 0.277344, -0.496094]","[-0.571111, -0.419997, 0.050559]","[0.019999, 0.049999, 0.425785]","[-1.063523, -0.800195, 0.070279]","[0.081055, -0.044189, 0.329102]","[-0.028412, 0.036346, 0.164612, 0.985291]","[-0.045929, 0.065338, 0.084564, 0.993195]","[-0.282959, 0.350342, -0.027100]","[[0.943176, 0.322266, -0.080994], [-0.326416, 0.944214, -0.044067], [0.062195, 0.067993, 0.995728]]",0.943176,"[8468, 8205, 8295, 7895]"
47.168564,"[-0.027344, 0.277344, -0.492188]","[-0.571111, -0.419997, 0.050559]","[0.009998, 0.009998, 0.431801]","[-1.063523, -0.800195, 0.070279]","[0.080811, -0.044189, 0.328857]","[-0.028381, 0.036285, 0.164520, 0.985291]","[-0.044128, 0.065186, 0.084442, 0.993286]","[0.157471, 0.208740, -0.115967]","[[0.943176, 0.322083, -0.080872], [-0.326233, 0.944214, -0.044067], [0.062073, 0.067871, 0.995667]]",0.943176,"[8468, 8182, 8278, 7924]"
47.17247,"[-0.027344, 0.277344, -0.492188]","[-0.571111, -0.419997, 0.050559]","[-0.009998, 0.009998, 0.398548]","[-1.063523, -0.800195, 0.070279]","[0.081787, -0.044678, 0.328613]","[-0.028717, 0.036713, 0.164429, 0.985291]","[-0.044647, 0.064728, 0.084473, 0.993286]","[-0.290283, 0.419678, -0.082520]","[[0.943237, 0.321838, -0.081787], [-0.326111, 0.944275, -0.044617], [0.062866, 0.068665, 0.995605]]",0.943237,"[8460, 8200, 8291, 7922]"
47.313099,"[-0.027344, 0.277344, -0.464844]","[-0.724357, -0.535988, 0.059770]","[-0.019999, 0.000000, 0.393623]","[-1.174779, -0.894557, 0.063461]","[0.099609, -0.052246, 0.322266]","[-0.033752, 0.044952, 0.161560, 0.985260]","[-0.053406, 0.078613, 0.085541, 0.991760]","[-0.035156, 0.183838, -0.020264]","[[0.943726, 0.315247, -0.099487], [-0.321350, 0.945496, -0.052063], [0.077637, 0.080994, 0.993652]]",0.943726,"[8537, 8225, 8239, 7938]"
47.315056,"[-0.039062, 0.277344, -0.464844]","[-0.747453, -0.553592, 0.060996]","[-0.059999, -0.039999, 0.371582]","[-1.188819, -0.906928, 0.061981]","[0.100098, -0.052490, 0.322266]","[-0.033966, 0.045258, 0.161560, 0.985229]","[-0.051697, 0.076019, 0.085327, 0.992096]","[-0.158936, 0.305176, -0.051025]","[[0.943604, 0.315186, -0.100159], [-0.321411, 0.945435, -0.052368], [0.078186, 0.081543, 0.993530]]",0.943604,"[8517, 8217, 8247, 7910]"
47.317001,"[-0.027344, 0.269531, -0.460938]","[-0.747453, -0.553592, 0.060996]","[-0.080000, -0.049999, 0.380947]","[-1.188819, -0.906928, 0.061981]","[0.100830, -0.052979, 0.322266]","[-0.034210, 0.045563, 0.161652, 0.985199]","[-0.051117, 0.075714, 0.085266, 0.992157]","[-0.179688, 0.344482, 0.031250]","[[0.943542, 0.315308, -0.100830], [-0.321655, 0.945374, -0.052734], [0.078613, 0.082153, 0.993469]]",0.943542,"[8502, 8223, 8241, 7954]"
47.328724,"[-0.039062, 0.269531, -0.457031]","[-0.747453, -0.553592, 0.060996]","[-0.119999, -0.080000, 0.449800]","[-1.188819, -0.906928, 0.061981]","[0.102783, -0.053223, 0.322021]","[-0.034424, 0.046478, 0.161499, 0.985168]","[-0.050507, 0.074310, 0.085175, 0.992279]","[-0.018066, 0.274902, -0.130371]","[[0.943420, 0.314941, -0.102722], [-0.321411, 0.945374, -0.052917], [0.080383, 0.082825, 0.993225]]",0.94342,"[8509, 8227, 8248, 7958]"
47.361923,"[-0.039062, 0.269531, -0.445312]","[-0.794408, -0.589480, 0.063353]","[-0.129999, -0.080000, 0.422901]","[-1.215358, -0.930727, 0.058632]","[0.108154, -0.054443, 0.320312]","[-0.035553, 0.049072, 0.160767, 0.985138]","[-0.052765, 0.077332, 0.085449, 0.991913]","[-0.310547, 0.141357, -0.008545]","[[0.943481, 0.313171, -0.108154], [-0.320251, 0.945740, -0.054321], [0.085205, 0.085815, 0.992615]]",0.943481,"[8517, 8264, 8365, 7989]"
47.395134,"[-0.046875, 0.257812, -0.437500]","[-0.842372, -0.626284, 0.065570]","[-0.150000, -0.099998, 0.457518]","[-1.239819, -0.953242, 0.054758]","[0.109375, -0.053467, 0.319092]","[-0.035156, 0.049774, 0.160156, 0.985199]","[-0.053680, 0.079498, 0.085602, 0.991669]","[0.306396, -0.182129, 0.034424]","[[0.943665, 0.312012, -0.109314], [-0.319092, 0.946167, -0.053345], [0.086731, 0.085205, 0.992493]]",0.943665,"[8532, 8345, 8345, 7918]"
47.52013,"[-0.066406, 0.250000, -0.414062]","[-0.991387, -0.741591, 0.071166]","[-0.249998, -0.199999, 0.449173]","[-1.299858, -1.012458, 0.039952]","[0.126709, -0.060791, 0.318359]","[-0.040009, 0.057770, 0.160126, 0.984619]","[-0.058075, 0.087219, 0.086243, 0.990723]","[-0.282715, 0.156250, 0.020020]","[[0.942078, 0.310669, -0.126526], [-0.319946, 0.945557, -0.060303], [0.100891, 0.097290, 0.990173]]",0.942078,"[8579, 8406, 8401, 7942]"
47.529892,"[-0.078125, 0.238281, -0.410156]","[-1.016846, -0.761447, 0.071918]","[-0.249998, -0.189999, 0.444767]","[-1.307822, -1.021034, 0.037018]","[0.127930, -0.061523, 0.318359]","[-0.040497, 0.058228, 0.160095, 0.984528]","[-0.058624, 0.087646, 0.086334, 0.990662]","[0.190186, -0.370850, 0.025391]","[[0.941772, 0.310425, -0.127625], [-0.319946, 0.945312, -0.061157], [0.101624, 0.098389, 0.989746]]",0.941772,"[8611, 8380, 8389, 7989]"
47.572861,"[-0.078125, 0.226562, -0.398438]","[-1.068216, -0.801648, 0.073243]","[-0.299999, -0.259998, 0.470749]","[-1.321932, -1.037016, 0.030749]","[0.133545, -0.062012, 0.318848]","[-0.041138, 0.061035, 0.160461, 0.984314]","[-0.058075, 0.089691, 0.086334, 0.990509]","[0.036865, -0.162354, 0.046631]","[[0.941101, 0.310791, -0.133362], [-0.320923, 0.945190, -0.061462], [0.106873, 0.100525, 0.989197]]",0.941101,"[8633, 8432, 8449, 8040]"
47.598255,"[-0.097656, 0.226562, -0.394531]","[-1.094091, -0.821970, 0.073811]","[-0.289999, -0.249998, 0.492165]","[-1.328054, -1.044410, 0.027415]","[0.135254, -0.063477, 0.319580]","[-0.042023, 0.061737, 0.160889, 0.984131]","[-0.060669, 0.092010, 0.086670, 0.990112]","[-0.155518, 0.157715, 0.019531]","[[0.940491, 0.311401, -0.135010], [-0.321899, 0.944580, -0.062927], [0.107910, 0.102600, 0.988770]]",0.940491,"[8708, 8432, 8405, 8022]"
47.631454,"[-0.097656, 0.218750, -0.386719]","[-1.146186, -0.863042, 0.074746]","[-0.329998, -0.279999, 0.535536]","[-1.338398, -1.057963, 0.020345]","[0.138672, -0.066650, 0.320557]","[-0.043884, 0.063049, 0.161499, 0.983856]","[-0.061218, 0.093872, 0.086792, 0.989868]","[-0.192139, 0.085938, -0.014893]","[[0.939758, 0.312195, -0.138245], [-0.323303, 0.943848, -0.066040], [0.109802, 0.106689, 0.988037]]",0.939758,"[8783, 8420, 8430, 8056]"
47.664677,"[-0.117188, 0.207031, -0.378906]","[-1.172368, -0.883767, 0.075107]","[-0.400000, -0.339998, 0.491837]","[-1.342606, -1.064119, 0.016611]","[0.141357, -0.064453, 0.321045]","[-0.042999, 0.064606, 0.161682, 0.983795]","[-0.060577, 0.092712, 0.086700, 0.990051]","[0.020508, -0.032959, -0.009033]","[[0.939331, 0.312500, -0.140991], [-0.323730, 0.943970, -0.063782], [0.113159, 0.105530, 0.987915]]",0.939331,"[8672, 8489, 8467, 8009]"
47.697861,"[-0.128906, 0.199219, -0.371094]","[-1.224947, -0.925554, 0.075604]","[-0.389999, -0.329998, 0.482302]","[-1.349029, -1.075111, 0.008746]","[0.145752, -0.068115, 0.321533]","[-0.045197, 0.066437, 0.162109, 0.983521]","[-0.063141, 0.096405, 0.087097, 0.989502]","[-0.306641, 0.306152, -0.063232]","[[0.938599, 0.312805, -0.145386], [-0.324890, 0.943359, -0.067444], [0.115967, 0.110413, 0.987122]]",0.938599,"[8745, 8385, 8444, 8090]"
47.82872,"[-0.156250, 0.167969, -0.343750]","[-1.409837, -1.074455, 0.074709]","[-0.459999, -0.389999, 0.320993]","[-1.349957, -1.099300, -0.022897]","[0.155273, -0.069092, 0.325684]","[-0.046631, 0.070892, 0.164276, 0.982727]","[-0.069092, 0.106262, 0.088135, 0.988007]","[0.325928, -0.316895, 0.004395]","[[0.935791, 0.316223, -0.154663], [-0.329529, 0.941467, -0.068420], [0.123901, 0.114929, 0.985413]]",0.935791,"[8751, 8550, 8457, 8015]"
47.830673,"[-0.179688, 0.156250, -0.359375]","[-1.409837, -1.074455, 0.074709]","[-0.489998, -0.419998, 0.275372]","[-1.349957, -1.099300, -0.022897]","[0.155762, -0.068848, 0.325684]","[-0.046539, 0.071198, 0.164276, 0.982727]","[-0.067413, 0.103516, 0.087830, 0.988434]","[-0.126709, 0.549561, -0.041016]","[[0.935730, 0.316223, -0.155212], [-0.329529, 0.941589, -0.068115], [0.124573, 0.114868, 0.985413]]",0.93573,"[8737, 8550, 8497, 8019]"
47.832634,"[-0.199219, 0.136719, -0.359375]","[-1.409837, -1.074455, 0.074709]","[-0.509998, -0.439999, 0.299500]","[-1.349957, -1.099300, -0.022897]","[0.156494, -0.069580, 0.325684]","[-0.046936, 0.071472, 0.164276, 0.982697]","[-0.065460, 0.101257, 0.087524, 0.988831]","[-0.241211, 0.241699, -0.023438]","[[0.935730, 0.316101, -0.155884], [-0.329529, 0.941528, -0.068848], [0.125000, 0.115723, 0.985291]]",0.93573,"[8749, 8542, 8495, 7973]"
47.871689,"[-0.218750, 0.117188, -0.355469]","[-1.462458, -1.117453, 0.073617]","[-0.629999, -0.549999, 0.294615]","[-1.343793, -1.101904, -0.033093]","[0.158936, -0.070312, 0.326660]","[-0.047546, 0.072693, 0.164795, 0.982483]","[-0.062866, 0.098206, 0.087128, 0.989319]","[-0.168701, 0.049561, 0.040283]","[[0.935059, 0.316833, -0.158508], [-0.330750, 0.941101, -0.069519], [0.127136, 0.117371, 0.984802]]",0.935059,"[8714, 8435, 8445, 7986]"
47.910751,"[-0.238281, 0.097656, -0.351562]","[-1.514776, -1.160509, 0.072117]","[-0.579998, -0.499998, 0.267414]","[-1.334713, -1.102517, -0.043786]","[0.159424, -0.070801, 0.327148]","[-0.047882, 0.072845, 0.165070, 0.982422]","[-0.066895, 0.104095, 0.087799, 0.988403]","[0.036865, -0.125977, -0.011719]","[[0.934875, 0.317261, -0.158936], [-0.331299, 0.940857, -0.070068], [0.127319, 0.118164, 0.984741]]",0.934875,"[8751, 8458, 8396, 7975]"
47.932236,"[-0.257812, 0.078125, -0.351562]","[-1.540795, -1.182042, 0.071207]","[-0.699999, -0.619999, 0.265759]","[-1.329050, -1.102072, -0.049316]","[0.159668, -0.070312, 0.327148]","[-0.047607, 0.072906, 0.165039, 0.982452]","[-0.062195, 0.098755, 0.087097, 0.989319]","[0.167236, -0.108398, 0.038574]","[[0.934937, 0.317322, -0.158997], [-0.331238, 0.941040, -0.069519], [0.127502, 0.117615, 0.984863]]",0.934937,"[8763, 8516, 8373, 7928]"
47.967392,"[-0.289062, 0.058594, -0.347656]","[-1.592457, -1.225052, 0.069061]","[-0.649998, -0.559999, 0.275789]","[-1.315485, -1.099609, -0.060738]","[0.159424, -0.065430, 0.327393]","[-0.045135, 0.073273, 0.165039, 0.982544]","[-0.066467, 0.103302, 0.087708, 0.988525]","[-0.110840, 0.110107, -0.014404]","[[0.934753, 0.317627, -0.158936], [-0.330933, 0.941406, -0.064575], [0.129028, 0.112915, 0.985168]]",0.934753,"[8680, 8609, 8467, 7850]"
48.000595,"[-0.308594, 0.046875, -0.343750]","[-1.643528, -1.267924, 0.066457]","[-0.679998, -0.599998, 0.255226]","[-1.298952, -1.095104, -0.072623]","[0.159424, -0.066650, 0.327881]","[-0.045837, 0.073090, 0.165344, 0.982452]","[-0.066650, 0.104187, 0.087769, 0.988403]","[-0.072998, 0.015381, 0.032227]","[[0.934570, 0.318115, -0.158752], [-0.331543, 0.941101, -0.065979], [0.128357, 0.114197, 0.985046]]",0.93457,"[8795, 8548, 8416, 7953]"
48.137314,"[-0.339844, 0.019531, -0.343750]","[-1.815963, -1.415770, 0.053511]","[-0.819998, -0.709999, 0.112385]","[-1.217940, -1.063289, -0.117579]","[0.164551, -0.066895, 0.328125]","[-0.046326, 0.075684, 0.165466, 0.982239]","[-0.070404, 0.108948, 0.088379, 0.987579]","[0.057129, -0.159424, 0.010498]","[[0.933838, 0.317993, -0.164001], [-0.332031, 0.940979, -0.066040], [0.133240, 0.116089, 0.984314]]",0.933838,"[8726, 8643, 8428, 7890]"
48.14122,"[-0.386719, -0.019531, -0.343750]","[-1.815963, -1.415770, 0.053511]","[-0.899998, -0.779999, 0.095947]","[-1.217940, -1.063289, -0.117579]","[0.164551, -0.066650, 0.328125]","[-0.046173, 0.075684, 0.165497, 0.982239]","[-0.065735, 0.102142, 0.087585, 0.988708]","[0.146484, 0.018066, 0.051758]","[[0.933777, 0.318054, -0.163940], [-0.332092, 0.940979, -0.065735], [0.133301, 0.115784, 0.984314]]",0.933777,"[8716, 8645, 8428, 7859]"
48.143169,"[-0.417969, -0.046875, -0.347656]","[-1.815963, -1.415770, 0.053511]","[-0.809998, -0.709999, 0.083923]","[-1.217940, -1.063289, -0.117579]","[0.165527, -0.067139, 0.328369]","[-0.046600, 0.076111, 0.165680, 0.982147]","[-0.067505, 0.105255, 0.087921, 0.988220]","[-0.155518, 0.083496, 0.003418]","[[0.933533, 0.318298, -0.164917], [-0.332581, 0.940735, -0.066345], [0.134033, 0.116760, 0.984070]]",0.933533,"[8708, 8651, 8442, 7844]"
48.21349,"[-0.476562, -0.097656, -0.347656]","[-1.908776, -1.497753, 0.043250]","[-1.009998, -0.879999, 0.035841]","[-1.156282, -1.034174, -0.145305]","[0.167480, -0.067871, 0.328369]","[-0.046997, 0.076996, 0.165649, 0.982025]","[-0.062561, 0.097565, 0.087067, 0.989410]","[0.445557, -0.633545, 0.014893]","[[0.933105, 0.318054, -0.166809], [-0.332581, 0.940552, -0.066895], [0.135559, 0.117798, 0.983582]]",0.933105,"[8690, 8568, 8390, 7901]"
48.238876,"[-0.507812, -0.128906, -0.347656]","[-1.931190, -1.517866, 0.040343]","[-0.909998, -0.799999, 0.025761]","[-1.139205, -1.025698, -0.152432]","[0.166992, -0.064941, 0.328857]","[-0.045593, 0.077026, 0.165833, 0.982086]","[-0.065918, 0.103027, 0.087646, 0.988586]","[0.090576, 0.317139, 0.123535]","[[0.933105, 0.318604, -0.166382], [-0.332764, 0.940796, -0.064087], [0.136108, 0.115112, 0.983948]]",0.933105,"[8671, 8540, 8435, 7902]"
48.270126,"[-0.546875, -0.167969, -0.347656]","[-1.953272, -1.537816, 0.037295]","[-1.089998, -0.939999, 0.006641]","[-1.121472, -1.016748, -0.159634]","[0.164062, -0.065186, 0.329102]","[-0.045502, 0.075562, 0.165863, 0.982178]","[-0.059998, 0.094025, 0.086670, 0.989960]","[-0.034424, -0.126465, -0.006104]","[[0.933411, 0.318909, -0.163513], [-0.332703, 0.940735, -0.064392], [0.133240, 0.114441, 0.984314]]",0.933411,"[8767, 8546, 8345, 7871]"
48.303333,"[-0.566406, -0.187500, -0.347656]","[-1.996354, -1.577158, 0.030776]","[-0.989998, -0.849998, -0.037325]","[-1.084110, -0.997460, -0.174233]","[0.161377, -0.063965, 0.328613]","[-0.044678, 0.074310, 0.165588, 0.982391]","[-0.065033, 0.100739, 0.087463, 0.988922]","[0.044434, -0.156738, -0.045898]","[[0.934143, 0.318665, -0.160828], [-0.331970, 0.941162, -0.063232], [0.131165, 0.112427, 0.984985]]",0.934143,"[8716, 8516, 8327, 7912]"
48.336533,"[-0.609375, -0.218750, -0.347656]","[-2.037936, -1.615718, 0.023680]","[-1.019999, -0.879999, -0.030977]","[-1.044262, -0.976343, -0.189079]","[0.157959, -0.058838, 0.328369]","[-0.041840, 0.073029, 0.165314, 0.982635]","[-0.064117, 0.099060, 0.087280, 0.989166]","[0.288086, -0.143066, -0.043457]","[[0.934570, 0.318665, -0.157349], [-0.330994, 0.941711, -0.058167], [0.129639, 0.106384, 0.985718]]",0.93457,"[8693, 8677, 8372, 7733]"
48.369732,"[-0.656250, -0.250000, -0.347656]","[-2.077906, -1.653412, 0.016002]","[-1.189999, -1.029999, 0.030474]","[-1.002023, -0.953449, -0.204136]","[0.156738, -0.060303, 0.327637]","[-0.042450, 0.072296, 0.164978, 0.982758]","[-0.058167, 0.089935, 0.086365, 0.990479]","[-0.255615, 0.606445, -0.136475]","[[0.935181, 0.318054, -0.156128], [-0.330383, 0.942017, -0.059692], [0.128052, 0.107300, 0.985962]]",0.935181,"[8800, 8620, 8363, 7836]"
48.402939,"[-0.687500, -0.277344, -0.347656]","[-2.097263, -1.671916, 0.011940]","[-1.079998, -0.919998, 0.080404]","[-0.980028, -0.941346, -0.211736]","[0.156250, -0.059326, 0.327393]","[-0.041931, 0.072235, 0.164734, 0.982788]","[-0.063538, 0.096069, 0.087128, 0.989502]","[-0.014160, -0.172852, -0.023682]","[[0.935181, 0.317688, -0.155823], [-0.329895, 0.942078, -0.058716], [0.128113, 0.106201, 0.985962]]",0.935181,"[8740, 8570, 8455, 8001]"
48.436138,"[-0.718750, -0.316406, -0.347656]","[-2.134660, -1.708195, 0.003371]","[-1.119999, -0.939999, 0.088486]","[-0.934343, -0.915858, -0.227058]","[0.152588, -0.057861, 0.326904]","[-0.040955, 0.070587, 0.164459, 0.983002]","[-0.062500, 0.094116, 0.086945, 0.989777]","[0.163574, -0.055908, 0.096436]","[[0.935852, 0.317505, -0.152222], [-0.329102, 0.942505, -0.057373], [0.125244, 0.103760, 0.986633]]",0.935852,"[8814, 8680, 8417, 7902]"
48.580677,"[-0.769531, -0.347656, -0.343750]","[-2.250622, -1.826660, -0.031388]","[-1.289997, -1.119999, 0.013788]","[-0.757820, -0.813829, -0.281563]","[0.146973, -0.054688, 0.315430]","[-0.038513, 0.068207, 0.158691, 0.984222]","[-0.060669, 0.090546, 0.086609, 0.990234]","[0.020508, 0.026367, -0.055664]","[[0.940308, 0.307007, -0.146484], [-0.317627, 0.946655, -0.054260], [0.121948, 0.097473, 0.987732]]",0.940308,"[8714, 8888, 8487, 7827]"
48.582626,"[-0.898438, -0.457031, -0.347656]","[-2.250622, -1.826660, -0.031388]","[-1.229998, -1.029999, 0.001015]","[-0.757820, -0.813829, -0.281563]","[0.146973, -0.054932, 0.315674]","[-0.038574, 0.068268, 0.158783, 0.984192]","[-0.059143, 0.085999, 0.086304, 0.990753]","[-0.078369, 0.120117, -0.119385]","[[0.940186, 0.307190, -0.146606], [-0.317810, 0.946533, -0.054321], [0.122070, 0.097656, 0.987671]]",0.940186,"[8720, 8869, 8480, 7826]"
48.604111,"[-0.937500, -0.500000, -0.347656]","[-2.279160, -1.857818, -0.042693]","[-1.259998, -1.059998, -0.011110]","[-0.703021, -0.781226, -0.297258]","[0.146973, -0.057129, 0.313232]","[-0.039581, 0.068054, 0.157654, 0.984375]","[-0.056763, 0.082825, 0.085968, 0.991211]","[-0.245850, 0.464355, -0.149170]","[[0.941101, 0.304932, -0.146484], [-0.315796, 0.947205, -0.056519], [0.121460, 0.099365, 0.987671]]",0.941101,"[8773, 8701, 8455, 8015]"
48.733017,"[-1.078125, -0.617188, -0.359375]","[-2.351455, -1.943262, -0.080281]","[-1.529997, -1.269999, -0.053389]","[-0.528457, -0.675047, -0.344192]","[0.128174, -0.050049, 0.298340]","[-0.034241, 0.059662, 0.149933, 0.986298]","[-0.046967, 0.064819, 0.084625, 0.993164]","[-0.157715, 0.276367, -0.228027]","[[0.947876, 0.291626, -0.127991], [-0.299805, 0.952637, -0.049683], [0.107361, 0.085449, 0.990479]]",0.947876,"[8807, 8841, 8404, 7908]"
48.738876,"[-1.117188, -0.648438, -0.363281]","[-2.351455, -1.943262, -0.080281]","[-1.359999, -1.119999, -0.064453]","[-0.528457, -0.675047, -0.344192]","[0.126221, -0.050293, 0.297607]","[-0.034241, 0.058746, 0.149536, 0.986420]","[-0.052002, 0.071259, 0.085175, 0.992432]","[0.138428, -0.258057, -0.232178]","[[0.948364, 0.290955, -0.126099], [-0.299011, 0.952942, -0.050049], [0.105591, 0.085083, 0.990723]]",0.948364,"[8832, 8827, 8366, 7950]"
48.883411,"[-1.167969, -0.679688, -0.367188]","[-2.414549, -2.036561, -0.138864]","[-1.369997, -1.129997, -0.115721]","[-0.275830, -0.516166, -0.405245]","[0.102539, -0.041260, 0.280273]","[-0.027618, 0.047913, 0.140564, 0.988525]","[-0.054657, 0.069916, 0.085327, 0.992371]","[0.336426, 0.276367, -0.122070]","[[0.955811, 0.275208, -0.102478], [-0.280579, 0.958923, -0.041199], [0.086853, 0.068054, 0.993835]]",0.955811,"[8787, 8866, 8326, 7894]"
48.885365,"[-1.328125, -0.816406, -0.382812]","[-2.414549, -2.036561, -0.138864]","[-1.669998, -1.309998, -0.178198]","[-0.275830, -0.516166, -0.405245]","[0.102783, -0.041504, 0.280273]","[-0.027710, 0.048065, 0.140656, 0.988525]","[-0.040070, 0.044373, 0.083618, 0.994690]","[-0.031250, 0.037598, -0.107178]","[[0.955872, 0.275391, -0.102783], [-0.280762, 0.958923, -0.041321], [0.087158, 0.068298, 0.993896]]",0.955872,"[8750, 8848, 8355, 7869]"
48.908813,"[-1.367188, -0.847656, -0.386719]","[-2.419616, -2.046438, -0.146852]","[-1.459997, -1.169998, -0.199623]","[-0.242957, -0.495093, -0.412665]","[0.100586, -0.039551, 0.278809]","[-0.026520, 0.047150, 0.139801, 0.988678]","[-0.044861, 0.052734, 0.084106, 0.994019]","[-0.169434, -0.077637, -0.107178]","[[0.956360, 0.273926, -0.100647], [-0.278931, 0.959351, -0.039368], [0.085754, 0.065613, 0.994019]]",0.95636,"[8564, 8719, 8504, 7962]"
48.98888,"[-1.429688, -0.886719, -0.398438]","[-2.433393, -2.081756, -0.180233]","[-1.479998, -1.169998, -0.267269]","[-0.109184, -0.408465, -0.441711]","[0.076660, -0.037354, 0.272705]","[-0.023773, 0.035400, 0.136597, 0.989685]","[-0.044586, 0.047455, 0.083923, 0.994324]","[0.089600, -0.642822, -0.123047]","[[0.960022, 0.268616, -0.076599], [-0.272034, 0.961426, -0.037415], [0.063538, 0.056702, 0.996216]]",0.960022,"[8763, 8806, 8292, 7820]"
48.990833,"[-1.476562, -0.937500, -0.402344]","[-2.433393, -2.081756, -0.180233]","[-1.699997, -1.329998, -0.240669]","[-0.109184, -0.408465, -0.441711]","[0.076660, -0.037598, 0.272217]","[-0.023865, 0.035431, 0.136383, 0.989716]","[-0.035156, 0.033295, 0.083099, 0.995331]","[-0.138916, 0.136963, -0.208252]","[[0.960144, 0.268250, -0.076660], [-0.271667, 0.961548, -0.037598], [0.063599, 0.056885, 0.996216]]",0.960144,"[8790, 8784, 8274, 7855]"
49.008408,"[-1.527344, -0.976562, -0.410156]","[-2.435195, -2.089516, -0.188928]","[-1.499998, -1.169998, -0.288300]","[-0.075247, -0.386272, -0.448792]","[0.074219, -0.036621, 0.270508]","[-0.023193, 0.034302, 0.135498, 0.989899]","[-0.040558, 0.034485, 0.083344, 0.995087]","[-0.094238, 0.056641, -0.136475]","[[0.960815, 0.266602, -0.074158], [-0.269897, 0.962097, -0.036682], [0.061584, 0.055237, 0.996460]]",0.960815,"[8689, 8672, 8309, 7929]"
49.143169,"[-1.750000, -1.136719, -0.441406]","[-2.429033, -2.131452, -0.253564]","[-1.719997, -1.339998, -0.313255]","[0.166379, -0.225799, -0.495963]","[0.018311, -0.035400, 0.262451]","[-0.018768, 0.006744, 0.131134, 0.991150]","[-0.028137, -0.016174, 0.081604, 0.996124]","[0.154053, 0.082275, -0.017334]","[[0.965393, 0.259583, -0.018311], [-0.260193, 0.964783, -0.035522], [0.008423, 0.038940, 0.999084]]",0.965393,"[8762, 8846, 8199, 7771]"
49.186146,"[-1.796875, -1.179688, -0.449219]","[-2.421171, -2.139351, -0.273183]","[-1.499998, -1.159998, -0.404413]","[0.236270, -0.178589, -0.508555]","[0.004639, -0.037598, 0.261719]","[-0.018951, -0.000153, 0.130615, 0.991272]","[-0.033417, -0.009003, 0.081787, 0.996033]","[-0.153320, -0.483154, 0.017090]","[[0.965881, 0.258911, -0.004700], [-0.258911, 0.965210, -0.037659], [-0.005310, 0.037537, 0.999329]]",0.965881,"[8631, 8569, 8300, 7960]"
49.211529,"[-1.847656, -1.218750, -0.460938]","[-2.410572, -2.145398, -0.293289]","[-1.699997, -1.329998, -0.433207]","[0.306349, -0.130895, -0.520705]","[-0.009766, -0.030762, 0.260254]","[-0.014679, -0.006927, 0.129791, 0.991394]","[-0.023834, -0.023499, 0.081451, 0.996094]","[0.586670, -0.644287, 0.053223]","[[0.966125, 0.257507, 0.009949], [-0.257141, 0.965759, -0.030945], [-0.017639, 0.027283, 0.999390]]",0.966125,"[8661, 8737, 8252, 7761]"
49.363876,"[-2.058594, -1.386719, -0.496094]","[-2.351919, -2.151738, -0.367195]","[-1.389997, -1.109999, -0.515234]","[0.551347, 0.038704, -0.559345]","[-0.071289, -0.015625, 0.260498]","[-0.003174, -0.036469, 0.129608, 0.990906]","[-0.001678, -0.030945, 0.081879, 0.996155]","[0.084717, -0.487305, 0.060059]","[[0.963745, 0.257019, 0.071472], [-0.256653, 0.966370, -0.015808], [-0.073181, -0.003113, 0.997314]]",0.963745,"[8688, 8749, 8224, 7704]"
49.377548,"[-2.109375, -1.417969, -0.507812]","[-2.340809, -2.150743, -0.378170]","[-1.549997, -1.249998, -0.516047]","[0.586131, 0.063155, -0.564330]","[-0.075684, -0.014648, 0.260742]","[-0.002411, -0.038483, 0.129761, 0.990814]","[0.006195, -0.043365, 0.082092, 0.995636]","[0.006104, -0.215576, 0.002930]","[[0.963379, 0.257263, 0.075623], [-0.256897, 0.966309, -0.014832], [-0.076965, -0.005188, 0.997009]]",0.963379,"[8736, 8707, 8206, 7718]"
49.412704,"[-2.148438, -1.457031, -0.523438]","[-2.316567, -2.147322, -0.400396]","[-1.319998, -1.069998, -0.464478]","[0.655360, 0.112103, -0.573863]","[-0.083984, -0.005371, 0.260742]","[0.002747, -0.042023, 0.129852, 0.990631]","[0.000671, -0.036285, 0.081909, 0.995972]","[-0.110352, 0.121582, -0.037598]","[[0.962646, 0.257019, 0.083984], [-0.257507, 0.966125, -0.005493], [-0.082642, -0.016357, 0.996338]]",0.962646,"[8583, 8704, 8335, 7754]"
49.445908,"[-2.187500, -1.500000, -0.535156]","[-2.289616, -2.141984, -0.422994]","[-1.279999, -1.049997, -0.524643]","[0.724122, 0.161110, -0.582805]","[-0.092773, -0.003662, 0.260986]","[0.004181, -0.046295, 0.130035, 0.990417]","[0.002869, -0.039398, 0.081970, 0.995850]","[-0.000977, 0.078857, -0.050293]","[[0.961853, 0.257141, 0.092773], [-0.257996, 0.966125, -0.003845], [-0.090698, -0.020325, 0.995667]]",0.961853,"[8749, 8719, 8239, 7741]"
49.481064,"[-2.238281, -1.527344, -0.546875]","[-2.275142, -2.138599, -0.434416]","[-1.419998, -1.179998, -0.585066]","[0.758268, 0.185593, -0.587044]","[-0.103027, -0.000488, 0.260254]","[0.006409, -0.051147, 0.129639, 0.990234]","[0.010681, -0.052765, 0.082275, 0.995148]","[0.221436, -0.492920, -0.008789]","[[0.961182, 0.256042, 0.102966], [-0.257385, 0.966309, -0.000671], [-0.099670, -0.025940, 0.994690]]",0.961182,"[8689, 8735, 8235, 7736]"
49.514263,"[-2.277344, -1.558594, -0.562500]","[-2.244196, -2.130394, -0.457506]","[-1.209997, -1.009998, -0.634468]","[0.826064, 0.234503, -0.595048]","[-0.110596, 0.001221, 0.258545]","[0.007812, -0.054810, 0.128815, 0.990112]","[0.005646, -0.047211, 0.082031, 0.995483]","[0.077393, 0.220215, -0.100830]","[[0.960754, 0.254150, 0.110535], [-0.255981, 0.966614, 0.001282], [-0.106628, -0.029602, 0.993774]]",0.960754,"[8630, 8585, 8195, 7832]"
49.547485,"[-2.316406, -1.597656, -0.574219]","[-2.210620, -2.120282, -0.480893]","[-1.169998, -0.969997, -0.567770]","[0.893085, 0.283260, -0.602403]","[-0.120361, 0.008789, 0.257812]","[0.012177, -0.059082, 0.128632, 0.989868]","[0.006836, -0.050629, 0.082062, 0.995300]","[-0.101807, -0.249268, -0.015625]","[[0.959900, 0.253174, 0.120117], [-0.256104, 0.966614, 0.008789], [-0.113892, -0.039307, 0.992737]]",0.9599,"[8555, 8825, 8295, 7690]"
