t,p,p_d,v,v_d,Angles,q,q_sp,w,R,T_sp,rpm
55.19186,"[-0.148438, 0.167969, -0.769531]","[0.000000, 0.000000, -0.000000]","[-0.009998, 0.000000, 0.033237]","[0.000004, 0.000001, -0.000002]","[0.016357, -0.019043, 0.097656]","[-0.009918, 0.007782, 0.049042, 0.998718]","[0.000000, -0.000336, 0.047211, 0.998871]","[0.133057, -0.303711, 0.052490]","[[0.995056, 0.097717, -0.016479], [-0.098083, 0.994934, -0.019104], [0.014526, 0.020569, 0.999634]]",0.995056,"[7906, 7851, 7912, 7879]"
55.199677,"[-0.148438, 0.167969, -0.769531]","[0.000000, 0.000000, -0.000000]","[-0.009998, 0.009998, 0.039673]","[0.000004, 0.000001, -0.000002]","[0.014648, -0.017334, 0.098389]","[-0.009003, 0.006897, 0.049316, 0.998718]","[-0.000732, -0.000305, 0.047211, 0.998871]","[0.205566, -0.394775, 0.051025]","[[0.994995, 0.098267, -0.014648], [-0.098633, 0.994934, -0.017334], [0.012817, 0.018677, 0.999695]]",0.994995,"[7903, 7872, 7871, 7829]"
55.234856,"[-0.148438, 0.167969, -0.765625]","[0.000001, 0.000000, -0.000001]","[0.000000, 0.009998, 0.090492]","[0.000056, 0.000015, -0.000032]","[0.006592, -0.012207, 0.102051]","[-0.006348, 0.003082, 0.051086, 0.998688]","[-0.000580, 0.000000, 0.047211, 0.998871]","[0.010742, -0.088867, 0.103760]","[[0.994812, 0.101929, -0.006775], [-0.102051, 0.994751, -0.012390], [0.005432, 0.013000, 0.999939]]",0.994812,"[7926, 7993, 7855, 7696]"
55.268036,"[-0.148438, 0.167969, -0.761719]","[0.000003, 0.000001, -0.000002]","[0.009998, 0.000000, 0.078297]","[0.000134, 0.000035, -0.000075]","[0.001953, -0.008545, 0.104980]","[-0.004364, 0.000854, 0.052612, 0.998627]","[-0.000092, 0.000488, 0.047211, 0.998871]","[0.281006, 0.043945, 0.036133]","[[0.994507, 0.104980, -0.002136], [-0.105103, 0.994507, -0.008667], [0.001160, 0.008789, 1.000000]]",0.994507,"[7957, 7984, 7866, 7721]"
55.301235,"[-0.136719, 0.167969, -0.757812]","[0.000014, 0.000004, -0.000008]","[0.000000, 0.009998, -0.029795]","[0.000490, 0.000128, -0.000277]","[-0.000488, -0.006104, 0.108887]","[-0.003113, -0.000427, 0.054443, 0.998505]","[-0.000549, 0.000732, 0.047211, 0.998871]","[-0.141357, 0.013184, 0.126465]","[[0.994019, 0.108704, 0.000488], [-0.108704, 0.994019, -0.006287], [-0.001221, 0.006165, 0.999939]]",0.994019,"[7922, 7961, 7905, 7734]"
55.334442,"[-0.148438, 0.167969, -0.753906]","[0.000047, 0.000012, -0.000026]","[0.009998, 0.009998, -0.053478]","[0.001278, 0.000334, -0.000723]","[-0.004395, -0.003418, 0.112793]","[-0.001587, -0.002319, 0.056396, 0.998413]","[-0.000580, 0.000610, 0.047211, 0.998871]","[0.197021, -0.470459, 0.156250]","[[0.993652, 0.112610, 0.004456], [-0.112610, 0.993652, -0.003479], [-0.004822, 0.002869, 1.000000]]",0.993652,"[7916, 7923, 7896, 7686]"
55.367649,"[-0.136719, 0.167969, -0.750000]","[0.000122, 0.000032, -0.000069]","[0.019999, 0.019999, 0.100109]","[0.002721, 0.000712, -0.001540]","[-0.006104, -0.002686, 0.117188]","[-0.001190, -0.003235, 0.058594, 0.998291]","[-0.001007, 0.001862, 0.047211, 0.998871]","[-0.183838, 0.337646, 0.101562]","[[0.993164, 0.116943, 0.006287], [-0.116943, 0.993164, -0.002808], [-0.006653, 0.001953, 1.000000]]",0.993164,"[8000, 7907, 7861, 7667]"
55.402802,"[-0.148438, 0.167969, -0.742188]","[0.000185, 0.000048, -0.000105]","[0.019999, 0.029999, 0.221138]","[0.003763, 0.000986, -0.002131]","[-0.007568, -0.000732, 0.121582]","[-0.000153, -0.003815, 0.060760, 0.998138]","[-0.001526, 0.001160, 0.047211, 0.998871]","[0.320312, -0.319336, 0.125000]","[[0.992554, 0.121277, 0.007568], [-0.121277, 0.992554, -0.000793], [-0.007690, -0.000183, 0.999878]]",0.992554,"[8028, 7990, 7958, 7800]"
55.434052,"[-0.136719, 0.167969, -0.738281]","[0.000385, 0.000101, -0.000218]","[0.029999, 0.029999, 0.242430]","[0.006647, 0.001746, -0.003768]","[-0.008057, 0.000000, 0.125244]","[0.000397, -0.004059, 0.062683, 0.998016]","[-0.001465, 0.002380, 0.047211, 0.998871]","[0.110107, -0.302734, 0.104736]","[[0.992065, 0.125000, 0.008118], [-0.125122, 0.992065, 0.000183], [-0.008118, -0.001282, 0.999878]]",0.992065,"[8069, 8006, 8044, 7809]"
55.467255,"[-0.136719, 0.167969, -0.722656]","[0.000721, 0.000189, -0.000408]","[0.039999, 0.039999, 0.245052]","[0.010805, 0.002844, -0.006130]","[-0.009033, 0.000488, 0.129883]","[0.000610, -0.004547, 0.065033, 0.997894]","[-0.001923, 0.002899, 0.047211, 0.998871]","[0.074463, -0.119141, 0.139893]","[[0.991577, 0.129700, 0.009155], [-0.129822, 0.991577, 0.000549], [-0.009033, -0.001770, 1.000000]]",0.991577,"[8132, 8014, 8032, 7845]"
55.535614,"[-0.136719, 0.179688, -0.703125]","[0.001604, 0.000422, -0.000910]","[0.039999, 0.049999, 0.360651]","[0.019967, 0.005274, -0.011344]","[-0.010498, 0.002686, 0.139160]","[0.001831, -0.005219, 0.069672, 0.997528]","[-0.003143, 0.002838, 0.047211, 0.998871]","[0.098389, -0.137695, 0.099854]","[[0.990112, 0.138916, 0.010681], [-0.139038, 0.990112, 0.002869], [-0.010193, -0.004333, 0.999817]]",0.990112,"[8148, 8086, 8160, 7884]"
55.568817,"[-0.128906, 0.187500, -0.695312]","[0.002541, 0.000670, -0.001442]","[0.059999, 0.070000, 0.347961]","[0.028353, 0.007508, -0.016124]","[-0.009277, 0.001953, 0.143555]","[0.001343, -0.004578, 0.071869, 0.997375]","[-0.004547, 0.004242, 0.047241, 0.998840]","[0.148926, 0.295166, 0.074463]","[[0.989502, 0.143250, 0.009338], [-0.143372, 0.989502, 0.001953], [-0.008972, -0.003296, 0.999817]]",0.989502,"[8242, 8076, 8190, 7959]"
55.60202,"[-0.128906, 0.187500, -0.683594]","[0.003846, 0.001016, -0.002185]","[0.059999, 0.080000, 0.407045]","[0.038804, 0.010301, -0.022091]","[-0.009766, 0.002686, 0.147949]","[0.001831, -0.004822, 0.074005, 0.997223]","[-0.005035, 0.004364, 0.047241, 0.998840]","[-0.092285, -0.375244, 0.153076]","[[0.988892, 0.147522, 0.009888], [-0.147644, 0.988892, 0.002869], [-0.009399, -0.004333, 0.999817]]",0.988892,"[8203, 8165, 8234, 7920]"
55.637177,"[-0.128906, 0.187500, -0.660156]","[0.004662, 0.001233, -0.002650]","[0.080000, 0.080000, 0.499125]","[0.044854, 0.011923, -0.025549]","[-0.008057, 0.000732, 0.152832]","[0.000732, -0.004059, 0.076477, 0.997040]","[-0.005005, 0.005219, 0.047241, 0.998840]","[0.141602, 0.110352, 0.203613]","[[0.988159, 0.152405, 0.008179], [-0.152527, 0.988159, 0.000732], [-0.008057, -0.002075, 0.999817]]",0.988159,"[8308, 8090, 8232, 8029]"
55.67038,"[-0.128906, 0.199219, -0.644531]","[0.006677, 0.001769, -0.003798]","[0.070000, 0.080000, 0.523376]","[0.058708, 0.015648, -0.033479]","[-0.008057, 0.002197, 0.156982]","[0.001495, -0.003967, 0.078491, 0.996918]","[-0.005615, 0.004639, 0.047241, 0.998840]","[0.029297, -0.101562, 0.108887]","[[0.987671, 0.156433, 0.008118], [-0.156555, 0.987671, 0.002258], [-0.007751, -0.003601, 0.999939]]",0.987671,"[8309, 8241, 8310, 8000]"
55.703583,"[-0.128906, 0.199219, -0.636719]","[0.009280, 0.002464, -0.005283]","[0.080000, 0.089998, 0.562393]","[0.074993, 0.020046, -0.042816]","[-0.006348, 0.000732, 0.160889]","[0.000732, -0.003204, 0.080475, 0.996765]","[-0.006104, 0.004913, 0.047241, 0.998840]","[0.000000, 0.201904, 0.083008]","[[0.987061, 0.160339, 0.006470], [-0.160461, 0.987061, 0.000854], [-0.006348, -0.001953, 1.000000]]",0.987061,"[8399, 8216, 8368, 8093]"
55.738739,"[-0.128906, 0.199219, -0.613281]","[0.012569, 0.003344, -0.007162]","[0.109999, 0.109999, 0.607559]","[0.093800, 0.025148, -0.053621]","[-0.005615, -0.000488, 0.165771]","[-0.000031, -0.002869, 0.082855, 0.996582]","[-0.007019, 0.006317, 0.047241, 0.998810]","[-0.083740, 0.225342, 0.185547]","[[0.986328, 0.165100, 0.005676], [-0.165100, 0.986328, -0.000549], [-0.005798, -0.000427, 1.000000]]",0.986328,"[8453, 8248, 8392, 8147]"
55.773895,"[-0.117188, 0.199219, -0.593750]","[0.014501, 0.003863, -0.008267]","[0.099998, 0.109999, 0.627840]","[0.104164, 0.027970, -0.059584]","[-0.006592, -0.000977, 0.170166]","[-0.000244, -0.003357, 0.085022, 0.996368]","[-0.007019, 0.006195, 0.047241, 0.998810]","[0.114014, -0.214844, 0.176514]","[[0.985474, 0.169373, 0.006653], [-0.169373, 0.985474, -0.001099], [-0.006775, -0.000122, 0.999878]]",0.985474,"[8512, 8306, 8406, 8136]"
55.805149,"[-0.117188, 0.207031, -0.578125]","[0.019004, 0.005074, -0.010845]","[0.129999, 0.139999, 0.665531]","[0.126837, 0.034167, -0.072650]","[-0.005615, 0.000000, 0.173096]","[0.000336, -0.002838, 0.086548, 0.996246]","[-0.008911, 0.007385, 0.047272, 0.998810]","[-0.094482, 0.216309, 0.041504]","[[0.984985, 0.172363, 0.005676], [-0.172485, 0.984985, 0.000061], [-0.005676, -0.001160, 0.999939]]",0.984985,"[8472, 8361, 8470, 8121]"
55.838345,"[-0.109375, 0.207031, -0.566406]","[0.024444, 0.006542, -0.013963]","[0.109999, 0.109999, 0.636255]","[0.152094, 0.041108, -0.087240]","[-0.004150, -0.001953, 0.175293]","[-0.000793, -0.002228, 0.087646, 0.996155]","[-0.007507, 0.006439, 0.047241, 0.998810]","[-0.225342, 0.007812, 0.024902]","[[0.984619, 0.174561, 0.004272], [-0.174561, 0.984619, -0.002014], [-0.004639, 0.001160, 0.999939]]",0.984619,"[8491, 8338, 8475, 8217]"
55.871552,"[-0.109375, 0.207031, -0.550781]","[0.027546, 0.007381, -0.015743]","[0.119999, 0.129999, 0.657084]","[0.165676, 0.044856, -0.095099]","[-0.002197, -0.003418, 0.176514]","[-0.001587, -0.001343, 0.088196, 0.996094]","[-0.008362, 0.006622, 0.047272, 0.998810]","[-0.060303, 0.131836, 0.043457]","[[0.984375, 0.175659, 0.002380], [-0.175659, 0.984375, -0.003418], [-0.002991, 0.002930, 0.999878]]",0.984375,"[8518, 8351, 8491, 8262]"
55.904751,"[-0.097656, 0.226562, -0.535156]","[0.034576, 0.009288, -0.019782]","[0.139999, 0.160000, 0.645031]","[0.194716, 0.052908, -0.111937]","[-0.001221, -0.004639, 0.177490]","[-0.002289, -0.000885, 0.088715, 0.996063]","[-0.010986, 0.007965, 0.047302, 0.998779]","[-0.049072, -0.064453, 0.069580]","[[0.984253, 0.176697, 0.001343], [-0.176697, 0.984253, -0.004761], [-0.002197, 0.004395, 0.999939]]",0.984253,"[8537, 8371, 8505, 8305]"
55.939911,"[-0.097656, 0.226562, -0.519531]","[0.042789, 0.011524, -0.024507]","[0.139999, 0.139999, 0.657394]","[0.226169, 0.061686, -0.130224]","[-0.000244, -0.004639, 0.177979]","[-0.002319, -0.000336, 0.088989, 0.996033]","[-0.009918, 0.007294, 0.047272, 0.998779]","[0.022461, 0.025391, 0.063721]","[[0.984131, 0.177246, 0.000244], [-0.177246, 0.984131, -0.004700], [-0.001099, 0.004578, 0.999939]]",0.984131,"[8564, 8445, 8563, 8304]"
56.006313,"[-0.089844, 0.238281, -0.488281]","[0.057524, 0.015555, -0.033001]","[0.169998, 0.179998, 0.671679]","[0.277584, 0.076164, -0.160230]","[0.003174, -0.008057, 0.178467]","[-0.004120, 0.001312, 0.089203, 0.996002]","[-0.011932, 0.008118, 0.047302, 0.998749]","[-0.049805, -0.029785, 0.018555]","[[0.984009, 0.177612, -0.003357], [-0.177734, 0.984009, -0.008057], [0.001770, 0.008423, 0.999878]]",0.984009,"[8605, 8463, 8624, 8423]"
56.037567,"[-0.078125, 0.250000, -0.480469]","[0.069080, 0.018733, -0.039678]","[0.150000, 0.150000, 0.668678]","[0.314438, 0.086643, -0.181829]","[0.004150, -0.009033, 0.178711]","[-0.004669, 0.001770, 0.089294, 0.996002]","[-0.011261, 0.006989, 0.047272, 0.998779]","[-0.060791, 0.103027, -0.003174]","[[0.984009, 0.177795, -0.004333], [-0.177917, 0.984009, -0.009033], [0.002625, 0.009644, 0.999939]]",0.984009,"[8648, 8486, 8638, 8406]"
56.07663,"[-0.078125, 0.250000, -0.460938]","[0.082113, 0.022332, -0.047222]","[0.150000, 0.160000, 0.655115]","[0.353123, 0.097737, -0.204583]","[0.005615, -0.010010, 0.178955]","[-0.005249, 0.002411, 0.089508, 0.995972]","[-0.011688, 0.006042, 0.047272, 0.998779]","[0.069824, -0.022949, -0.008301]","[[0.983887, 0.178223, -0.005737], [-0.178345, 0.983887, -0.010071], [0.003784, 0.010925, 0.999878]]",0.983887,"[8668, 8509, 8663, 8454]"
56.230934,"[-0.046875, 0.269531, -0.414062]","[0.150200, 0.041375, -0.086843]","[0.169998, 0.169998, 0.577169]","[0.521250, 0.147219, -0.304586]","[0.004395, -0.013184, 0.182129]","[-0.006805, 0.001678, 0.091064, 0.995819]","[-0.012299, 0.003265, 0.047241, 0.998779]","[-0.032959, 0.100830, -0.022217]","[[0.983337, 0.181274, -0.004578], [-0.181396, 0.983276, -0.013306], [0.002014, 0.013916, 0.999817]]",0.983337,"[8766, 8617, 8752, 8519]"
56.232883,"[-0.046875, 0.269531, -0.429688]","[0.150200, 0.041375, -0.086843]","[0.189999, 0.199999, 0.494272]","[0.521250, 0.147219, -0.304586]","[0.004150, -0.013672, 0.182129]","[-0.006958, 0.001526, 0.091064, 0.995819]","[-0.013580, 0.004181, 0.047272, 0.998779]","[-0.059326, -0.121826, 0.037109]","[[0.983337, 0.181274, -0.004272], [-0.181396, 0.983276, -0.013672], [0.001709, 0.014160, 0.999817]]",0.983337,"[8791, 8625, 8743, 8538]"
56.238735,"[-0.039062, 0.277344, -0.421875]","[0.150200, 0.041375, -0.086843]","[0.189999, 0.169998, 0.515396]","[0.521250, 0.147219, -0.304586]","[0.003906, -0.013672, 0.182373]","[-0.006958, 0.001404, 0.091187, 0.995819]","[-0.012482, 0.004364, 0.047272, 0.998779]","[-0.019043, -0.187744, 0.078613]","[[0.983337, 0.181519, -0.004028], [-0.181641, 0.983276, -0.013672], [0.001465, 0.014160, 0.999878]]",0.983337,"[8758, 8623, 8769, 8532]"
56.379364,"[-0.039062, 0.289062, -0.390625]","[0.232007, 0.064733, -0.134867]","[0.189999, 0.179998, 0.422520]","[0.675309, 0.194872, -0.398241]","[0.004150, -0.015381, 0.186279]","[-0.007843, 0.001404, 0.093109, 0.995636]","[-0.012329, -0.002472, 0.047180, 0.998779]","[0.143311, -0.112305, -0.031738]","[[0.982666, 0.185303, -0.004211], [-0.185425, 0.982544, -0.015381], [0.001282, 0.015869, 0.999878]]",0.982666,"[8788, 8619, 8836, 8562]"
56.383266,"[-0.027344, 0.296875, -0.390625]","[0.245408, 0.068607, -0.142777]","[0.209999, 0.209999, 0.432360]","[0.697020, 0.201823, -0.411646]","[0.003906, -0.015137, 0.186279]","[-0.007812, 0.001343, 0.093140, 0.995636]","[-0.014069, -0.000916, 0.047211, 0.998779]","[-0.087402, -0.046875, 0.035645]","[[0.982666, 0.185364, -0.004089], [-0.185486, 0.982544, -0.015320], [0.001160, 0.015808, 0.999878]]",0.982666,"[8768, 8613, 8830, 8572]"
56.38718,"[-0.019531, 0.308594, -0.386719]","[0.245408, 0.068607, -0.142777]","[0.230000, 0.219999, 0.430777]","[0.697020, 0.201823, -0.411646]","[0.003662, -0.015137, 0.186279]","[-0.007690, 0.001160, 0.093140, 0.995636]","[-0.015259, 0.000214, 0.047211, 0.998749]","[0.105957, -0.071289, -0.011475]","[[0.982605, 0.185364, -0.003723], [-0.185486, 0.982544, -0.015137], [0.000793, 0.015503, 0.999878]]",0.982605,"[8797, 8624, 8842, 8553]"
56.408661,"[-0.007812, 0.316406, -0.375000]","[0.259230, 0.072616, -0.150945]","[0.199999, 0.189999, 0.433311]","[0.718533, 0.208782, -0.424989]","[0.002197, -0.015137, 0.187012]","[-0.007629, 0.000488, 0.093475, 0.995605]","[-0.014130, -0.001648, 0.047180, 0.998779]","[-0.041016, -0.098877, 0.019531]","[[0.982483, 0.186035, -0.002380], [-0.186157, 0.982422, -0.015137], [-0.000549, 0.015259, 0.999878]]",0.982483,"[8782, 8695, 8830, 8511]"
56.549286,"[0.019531, 0.339844, -0.355469]","[0.367377, 0.104473, -0.215289]","[0.230000, 0.189999, 0.321327]","[0.860448, 0.256966, -0.514986]","[-0.003906, -0.018555, 0.188477]","[-0.009125, -0.002838, 0.094177, 0.995514]","[-0.013550, -0.007538, 0.047119, 0.998749]","[-0.130127, 0.086426, -0.016846]","[[0.982178, 0.187500, 0.003906], [-0.187500, 0.982056, -0.018738], [-0.007446, 0.017639, 0.999756]]",0.982178,"[8841, 8701, 8882, 8620]"
56.635227,"[0.039062, 0.359375, -0.347656]","[0.437434, 0.125586, -0.257385]","[0.279999, 0.219999, 0.268402]","[0.931420, 0.283291, -0.561918]","[-0.010010, -0.020264, 0.188965]","[-0.009613, -0.006012, 0.094421, 0.995483]","[-0.014648, -0.010284, 0.047058, 0.998718]","[0.042725, -0.291504, -0.059570]","[[0.982117, 0.188049, 0.010193], [-0.187927, 0.981995, -0.020325], [-0.013855, 0.018005, 0.999756]]",0.982117,"[8903, 8661, 8865, 8659]"
56.64304,"[0.046875, 0.359375, -0.347656]","[0.455778, 0.131179, -0.268464]","[0.259998, 0.189999, 0.261248]","[0.947655, 0.289648, -0.572943]","[-0.010254, -0.020264, 0.188965]","[-0.009613, -0.006134, 0.094452, 0.995453]","[-0.012878, -0.011475, 0.047058, 0.998718]","[0.027832, -0.124023, -0.029053]","[[0.981995, 0.188049, 0.010437], [-0.187927, 0.981873, -0.020325], [-0.014099, 0.018005, 0.999634]]",0.981995,"[8900, 8689, 8864, 8657]"
56.676235,"[0.058594, 0.367188, -0.347656]","[0.493404, 0.142739, -0.291263]","[0.259998, 0.209999, 0.164003]","[0.978126, 0.302045, -0.594035]","[-0.014648, -0.018799, 0.189209]","[-0.008728, -0.008270, 0.094513, 0.995453]","[-0.013794, -0.013153, 0.047028, 0.998688]","[0.098389, -0.113281, -0.060059]","[[0.981934, 0.188232, 0.014771], [-0.187988, 0.981934, -0.018982], [-0.018188, 0.015808, 0.999634]]",0.981934,"[8837, 8741, 8849, 8558]"
56.709442,"[0.066406, 0.378906, -0.347656]","[0.512640, 0.148695, -0.302959]","[0.329998, 0.209999, 0.138557]","[0.992285, 0.308065, -0.604059]","[-0.016846, -0.019775, 0.189453]","[-0.009003, -0.009399, 0.094543, 0.995422]","[-0.013977, -0.011780, 0.047028, 0.998718]","[-0.006348, -0.050049, -0.029785]","[[0.981812, 0.188293, 0.017029], [-0.188049, 0.981812, -0.019775], [-0.020447, 0.016113, 0.999512]]",0.981812,"[8836, 8698, 8842, 8569]"
56.844208,"[0.109375, 0.406250, -0.343750]","[0.654021, 0.193512, -0.389823]","[0.320000, 0.199999, 0.042435]","[1.069122, 0.346330, -0.663250]","[-0.024658, -0.019531, 0.188721]","[-0.008606, -0.013245, 0.094177, 0.995453]","[-0.012329, -0.020905, 0.046936, 0.998596]","[0.066650, -0.183105, -0.021729]","[[0.981934, 0.187622, 0.024780], [-0.187256, 0.982117, -0.019653], [-0.028076, 0.014648, 0.999512]]",0.981934,"[8790, 8661, 8837, 8568]"
56.846165,"[0.117188, 0.417969, -0.363281]","[0.654021, 0.193512, -0.389823]","[0.379999, 0.230000, -0.018295]","[1.069122, 0.346330, -0.663250]","[-0.024658, -0.019531, 0.188721]","[-0.008575, -0.013214, 0.094238, 0.995422]","[-0.014252, -0.017517, 0.046936, 0.998627]","[-0.042480, -0.046387, 0.014160]","[[0.981812, 0.187744, 0.024719], [-0.187378, 0.981995, -0.019592], [-0.028015, 0.014587, 0.999451]]",0.981812,"[8791, 8664, 8861, 8563]"
56.885227,"[0.128906, 0.417969, -0.363281]","[0.696072, 0.207228, -0.415991]","[0.349998, 0.209999, 0.005716]","[1.083254, 0.355838, -0.676249]","[-0.028076, -0.019775, 0.188965]","[-0.008484, -0.015015, 0.094269, 0.995392]","[-0.012604, -0.021515, 0.046906, 0.998566]","[0.011719, -0.030762, 0.041504]","[[0.981689, 0.187866, 0.028259], [-0.187378, 0.981995, -0.019775], [-0.031555, 0.014038, 0.999329]]",0.981689,"[8791, 8691, 8808, 8493]"
56.91452,"[0.136719, 0.429688, -0.371094]","[0.738602, 0.221302, -0.442630]","[0.369999, 0.209999, -0.039192]","[1.093654, 0.364639, -0.687353]","[-0.028809, -0.020752, 0.188721]","[-0.008942, -0.015320, 0.094177, 0.995392]","[-0.012421, -0.022736, 0.046906, 0.998535]","[-0.081055, 0.307861, -0.009521]","[[0.981689, 0.187683, 0.028809], [-0.187195, 0.981995, -0.020752], [-0.032227, 0.014893, 0.999268]]",0.981689,"[8781, 8633, 8819, 8556]"
56.94577,"[0.156250, 0.437500, -0.378906]","[0.760001, 0.228465, -0.456103]","[0.429998, 0.240000, -0.099688]","[1.097418, 0.368764, -0.692175]","[-0.030273, -0.020264, 0.188721]","[-0.008698, -0.016052, 0.094086, 0.995392]","[-0.013580, -0.021210, 0.046906, 0.998566]","[0.201172, -0.217041, -0.042480]","[[0.981689, 0.187500, 0.030334], [-0.187012, 0.982056, -0.020386], [-0.033630, 0.014282, 0.999268]]",0.981689,"[8739, 8579, 8821, 8541]"
56.978973,"[0.167969, 0.437500, -0.378906]","[0.802975, 0.243023, -0.483309]","[0.389999, 0.219999, -0.109461]","[1.102042, 0.376449, -0.700328]","[-0.032471, -0.020508, 0.188232]","[-0.008759, -0.017212, 0.093933, 0.995392]","[-0.011902, -0.025085, 0.046875, 0.998505]","[-0.193359, -0.007324, -0.013672]","[[0.981689, 0.187195, 0.032654], [-0.186707, 0.982117, -0.020691], [-0.035950, 0.014221, 0.999207]]",0.981689,"[8721, 8615, 8775, 8442]"
57.01218,"[0.187500, 0.449219, -0.386719]","[0.846047, 0.257864, -0.510789]","[0.400000, 0.209999, -0.153547]","[1.102718, 0.383357, -0.706450]","[-0.034668, -0.021484, 0.188232]","[-0.009125, -0.018341, 0.093872, 0.995392]","[-0.011475, -0.026337, 0.046875, 0.998474]","[-0.069824, 0.261230, 0.007568]","[[0.981689, 0.187134, 0.034790], [-0.186523, 0.982239, -0.021667], [-0.038330, 0.014709, 0.999146]]",0.981689,"[8714, 8548, 8724, 8484]"
57.14695,"[0.199219, 0.457031, -0.402344]","[0.995378, 0.311609, -0.608013]","[0.480000, 0.259998, -0.174881]","[1.073612, 0.401180, -0.711513]","[-0.046143, -0.021973, 0.188721]","[-0.008759, -0.024048, 0.094055, 0.995239]","[-0.010925, -0.032715, 0.046783, 0.998291]","[0.035645, 0.091064, 0.014893]","[[0.981079, 0.187561, 0.046265], [-0.186829, 0.982056, -0.022034], [-0.049561, 0.012878, 0.998596]]",0.981079,"[8701, 8479, 8694, 8451]"
57.148899,"[0.207031, 0.468750, -0.402344]","[0.995378, 0.311609, -0.608013]","[0.449999, 0.199999, -0.174881]","[1.073612, 0.401180, -0.711513]","[-0.046143, -0.021973, 0.188721]","[-0.008759, -0.024048, 0.094055, 0.995239]","[-0.008545, -0.033905, 0.046844, 0.998260]","[0.035645, 0.091064, 0.014893]","[[0.981079, 0.187561, 0.046265], [-0.186829, 0.982056, -0.022034], [-0.049561, 0.012878, 0.998596]]",0.981079,"[8699, 8482, 8697, 8456]"
57.150848,"[0.250000, 0.476562, -0.425781]","[0.995378, 0.311609, -0.608013]","[0.489998, 0.209999, -0.235432]","[1.073612, 0.401180, -0.711513]","[-0.047363, -0.021484, 0.188721]","[-0.008514, -0.024597, 0.094055, 0.995239]","[-0.009338, -0.029724, 0.046875, 0.998413]","[0.236816, -0.363281, 0.010254]","[[0.981079, 0.187561, 0.047363], [-0.186829, 0.982117, -0.021606], [-0.050659, 0.012329, 0.998596]]",0.981079,"[8702, 8481, 8699, 8457]"
57.291477,"[0.289062, 0.500000, -0.441406]","[1.137399, 0.367100, -0.704175]","[0.599998, 0.259998, -0.187429]","[0.996029, 0.408881, -0.691000]","[-0.052734, -0.020020, 0.191895]","[-0.007446, -0.027222, 0.095551, 0.995026]","[-0.009460, -0.032410, 0.046844, 0.998322]","[-0.032471, 0.052734, 0.006104]","[[0.980164, 0.190491, 0.052734], [-0.189758, 0.981567, -0.020081], [-0.055664, 0.009583, 0.998352]]",0.980164,"[8603, 8388, 8693, 8443]"
57.293423,"[0.328125, 0.507812, -0.457031]","[1.137399, 0.367100, -0.704175]","[0.649998, 0.259998, -0.248264]","[0.996029, 0.408881, -0.691000]","[-0.052979, -0.019531, 0.191895]","[-0.007263, -0.027405, 0.095551, 0.995026]","[-0.009613, -0.028015, 0.046875, 0.998444]","[0.175537, -0.141846, 0.046631]","[[0.980164, 0.190491, 0.053162], [-0.189758, 0.981567, -0.019714], [-0.055969, 0.009216, 0.998352]]",0.980164,"[8582, 8403, 8663, 8437]"
57.316872,"[0.347656, 0.519531, -0.464844]","[1.156709, 0.375089, -0.717624]","[0.579998, 0.259998, -0.276142]","[0.981142, 0.409161, -0.686029]","[-0.054443, -0.019531, 0.192871]","[-0.007080, -0.028046, 0.096008, 0.994965]","[-0.009766, -0.031647, 0.046844, 0.998322]","[-0.165771, 0.071777, 0.077148]","[[0.979919, 0.191406, 0.054443], [-0.190674, 0.981384, -0.019531], [-0.057251, 0.008667, 0.998291]]",0.979919,"[8591, 8455, 8659, 8326]"
57.355927,"[0.367188, 0.539062, -0.476562]","[1.194410, 0.391073, -0.744206]","[0.699999, 0.269999, -0.280361]","[0.948572, 0.409101, -0.674575]","[-0.054443, -0.020020, 0.193848]","[-0.007416, -0.028107, 0.096619, 0.994904]","[-0.010284, -0.026978, 0.046875, 0.998474]","[0.102783, 0.031494, -0.046143]","[[0.979675, 0.192566, 0.054504], [-0.191833, 0.981140, -0.020203], [-0.057434, 0.009338, 0.998230]]",0.979675,"[8545, 8372, 8616, 8326]"
57.510227,"[0.406250, 0.558594, -0.503906]","[1.330433, 0.454522, -0.844928]","[0.649998, 0.249998, -0.311954]","[0.783602, 0.400966, -0.609703]","[-0.049805, -0.021240, 0.193115]","[-0.008148, -0.025879, 0.096191, 0.994995]","[-0.006927, -0.036194, 0.046875, 0.998199]","[0.077148, -0.041260, -0.002441]","[[0.980103, 0.191772, 0.049927], [-0.191040, 0.981262, -0.021240], [-0.053101, 0.011230, 0.998474]]",0.980103,"[8401, 8290, 8580, 8306]"
57.51413,"[0.449219, 0.566406, -0.511719]","[1.330433, 0.454522, -0.844928]","[0.759998, 0.320000, -0.324627]","[0.783602, 0.400966, -0.609703]","[-0.049561, -0.021484, 0.193115]","[-0.008331, -0.025818, 0.096191, 0.994995]","[-0.010223, -0.028107, 0.046875, 0.998444]","[-0.072510, -0.059814, -0.068604]","[[0.980103, 0.191833, 0.049744], [-0.190979, 0.981262, -0.021606], [-0.053040, 0.011597, 0.998474]]",0.980103,"[8362, 8303, 8573, 8279]"
57.516087,"[0.468750, 0.566406, -0.519531]","[1.345510, 0.462339, -0.856743]","[0.679998, 0.279999, -0.357569]","[0.759326, 0.399086, -0.599560]","[-0.049805, -0.021484, 0.193115]","[-0.008270, -0.025909, 0.096130, 0.994995]","[-0.008423, -0.031219, 0.046875, 0.998352]","[0.073486, -0.100342, -0.056885]","[[0.980103, 0.191711, 0.049927], [-0.190857, 0.981262, -0.021484], [-0.053223, 0.011475, 0.998413]]",0.980103,"[8384, 8284, 8570, 8297]"
57.518036,"[0.488281, 0.578125, -0.523438]","[1.345510, 0.462339, -0.856743]","[0.709999, 0.269999, -0.386066]","[0.759326, 0.399086, -0.599560]","[-0.049805, -0.021484, 0.193115]","[-0.008301, -0.025848, 0.096130, 0.994995]","[-0.008423, -0.028534, 0.046906, 0.998444]","[-0.084961, 0.102783, 0.023193]","[[0.980103, 0.191711, 0.049805], [-0.190857, 0.981262, -0.021545], [-0.053101, 0.011536, 0.998413]]",0.980103,"[8401, 8278, 8580, 8277]"
57.57663,"[0.507812, 0.589844, -0.539062]","[1.387775, 0.485536, -0.890928]","[0.829998, 0.299999, -0.360064]","[0.682096, 0.392372, -0.566579]","[-0.047607, -0.022949, 0.191895]","[-0.009186, -0.024780, 0.095551, 0.995087]","[-0.009186, -0.024109, 0.046936, 0.998535]","[0.014893, 0.070801, 0.046143]","[[0.980469, 0.190552, 0.047607], [-0.189697, 0.981567, -0.023071], [-0.051147, 0.013550, 0.998596]]",0.980469,"[8340, 8172, 8467, 8231]"
57.586391,"[0.539062, 0.597656, -0.542969]","[1.387775, 0.485536, -0.890928]","[0.749998, 0.269999, -0.360512]","[0.682096, 0.392372, -0.566579]","[-0.046631, -0.022949, 0.191650]","[-0.009216, -0.024323, 0.095490, 0.995117]","[-0.008087, -0.026489, 0.046936, 0.998505]","[-0.020752, 0.147461, -0.066895]","[[0.980591, 0.190430, 0.046692], [-0.189575, 0.981628, -0.023071], [-0.050232, 0.013672, 0.998657]]",0.980591,"[8330, 8179, 8469, 8213]"
57.619595,"[0.566406, 0.609375, -0.554688]","[1.413339, 0.500755, -0.912589]","[0.869999, 0.320000, -0.368811]","[0.627129, 0.387004, -0.542575]","[-0.043945, -0.023926, 0.191162]","[-0.009827, -0.023071, 0.095245, 0.995148]","[-0.010101, -0.020172, 0.046967, 0.998627]","[0.016602, -0.007080, 0.011230]","[[0.980774, 0.189941, 0.044067], [-0.189087, 0.981628, -0.024048], [-0.047852, 0.015137, 0.998718]]",0.980774,"[8332, 8108, 8450, 8268]"
57.656704,"[0.597656, 0.628906, -0.562500]","[1.436729, 0.515756, -0.933286]","[0.779999, 0.299999, -0.364634]","[0.569513, 0.380949, -0.517000]","[-0.039795, -0.022949, 0.190918]","[-0.009491, -0.020996, 0.095093, 0.995209]","[-0.009308, -0.023987, 0.046936, 0.998535]","[0.091553, 0.018066, 0.022705]","[[0.980957, 0.189636, 0.039978], [-0.188904, 0.981689, -0.022949], [-0.043640, 0.014893, 0.998901]]",0.980957,"[8274, 8121, 8449, 8169]"
57.686008,"[0.628906, 0.636719, -0.566406]","[1.447561, 0.523165, -0.943261]","[0.899998, 0.320000, -0.350428]","[0.539747, 0.377668, -0.503654]","[-0.035889, -0.024414, 0.191162]","[-0.010437, -0.019104, 0.095245, 0.995239]","[-0.009949, -0.016998, 0.047028, 0.998688]","[0.035645, -0.037109, -0.000977]","[[0.981140, 0.189941, 0.036072], [-0.189209, 0.981628, -0.024475], [-0.040100, 0.017151, 0.999084]]",0.98114,"[8243, 8044, 8455, 8246]"
57.721157,"[0.656250, 0.648438, -0.574219]","[1.467460, 0.537782, -0.962398]","[0.809998, 0.279999, -0.317430]","[0.478477, 0.370617, -0.475874]","[-0.031494, -0.023438, 0.190918]","[-0.010162, -0.016785, 0.095215, 0.995239]","[-0.008026, -0.020508, 0.047028, 0.998627]","[0.310791, -0.213135, -0.045654]","[[0.981140, 0.189819, 0.031494], [-0.189209, 0.981506, -0.023499], [-0.035400, 0.017029, 0.999084]]",0.98114,"[8229, 8039, 8422, 8183]"
57.75436,"[0.679688, 0.656250, -0.582031]","[1.484912, 0.552111, -0.980415]","[0.819998, 0.289999, -0.365129]","[0.415026, 0.362947, -0.446759]","[-0.027344, -0.023926, 0.191162]","[-0.010620, -0.014862, 0.095367, 0.995270]","[-0.008240, -0.019257, 0.047028, 0.998657]","[-0.151367, 0.417725, 0.018066]","[[0.981262, 0.190125, 0.027527], [-0.189514, 0.981506, -0.024048], [-0.031677, 0.018311, 0.999268]]",0.981262,"[8223, 7961, 8397, 8201]"
57.787563,"[0.718750, 0.656250, -0.593750]","[1.492707, 0.559161, -0.988996]","[0.949999, 0.320000, -0.391691]","[0.382540, 0.358884, -0.431705]","[-0.024414, -0.022461, 0.191406]","[-0.010071, -0.013245, 0.095490, 0.995300]","[-0.008575, -0.011078, 0.047119, 0.998779]","[0.078857, -0.220459, 0.062744]","[[0.981384, 0.190308, 0.024414], [-0.189819, 0.981506, -0.022644], [-0.028320, 0.017517, 0.999390]]",0.981384,"[8119, 7950, 8377, 8126]"
57.82272,"[0.750000, 0.667969, -0.597656]","[1.506352, 0.573015, -1.005260]","[0.839998, 0.279999, -0.374548]","[0.316021, 0.350288, -0.400648]","[-0.020264, -0.023438, 0.190918]","[-0.010712, -0.011292, 0.095245, 0.995331]","[-0.006805, -0.014923, 0.047089, 0.998749]","[0.121338, 0.289551, -0.067383]","[[0.981506, 0.189758, 0.020447], [-0.189392, 0.981567, -0.023560], [-0.024597, 0.019165, 0.999451]]",0.981506,"[8171, 7941, 8305, 8073]"
57.85397,"[0.769531, 0.687500, -0.605469]","[1.517361, 0.586522, -1.020288]","[0.969997, 0.320000, -0.456182]","[0.247849, 0.341161, -0.368462]","[-0.015137, -0.021973, 0.191406]","[-0.010162, -0.008636, 0.095520, 0.995361]","[-0.009125, -0.007263, 0.047150, 0.998810]","[0.013428, -0.099854, 0.078125]","[[0.981628, 0.190247, 0.015259], [-0.190002, 0.981567, -0.021973], [-0.019165, 0.018555, 0.999634]]",0.981628,"[8039, 7883, 8365, 8112]"
57.889126,"[0.808594, 0.699219, -0.609375]","[1.525692, 0.599658, -1.034027]","[0.869999, 0.279999, -0.409788]","[0.178062, 0.331464, -0.335163]","[-0.010742, -0.023682, 0.191895]","[-0.011292, -0.006470, 0.095825, 0.995300]","[-0.007294, -0.009918, 0.047119, 0.998810]","[-0.150391, 0.077148, -0.049805]","[[0.981445, 0.190857, 0.010742], [-0.190613, 0.981262, -0.023804], [-0.015137, 0.021240, 0.999512]]",0.981445,"[8116, 7853, 8310, 8067]"
57.922329,"[0.839844, 0.707031, -0.613281]","[1.528811, 0.606085, -1.040411]","[0.859999, 0.259998, -0.429253]","[0.142666, 0.326444, -0.318163]","[-0.006592, -0.022461, 0.191895]","[-0.010925, -0.004456, 0.095795, 0.995331]","[-0.006104, -0.008118, 0.047150, 0.998810]","[-0.016357, 0.100098, 0.060547]","[[0.981506, 0.190735, 0.006775], [-0.190613, 0.981323, -0.022644], [-0.011047, 0.020935, 0.999634]]",0.981506,"[8039, 7846, 8293, 8059]"
57.955536,"[0.867188, 0.718750, -0.621094]","[1.533002, 0.618637, -1.052158]","[0.999998, 0.339998, -0.391359]","[0.070965, 0.316013, -0.283459]","[-0.001709, -0.022217, 0.191650]","[-0.010956, -0.001923, 0.095795, 0.995331]","[-0.009735, 0.000824, 0.047211, 0.998810]","[-0.011230, 0.160645, -0.081299]","[[0.981506, 0.190674, 0.001709], [-0.190674, 0.981323, -0.022278], [-0.005981, 0.021423, 0.999634]]",0.981506,"[8011, 7813, 8293, 8062]"
57.988735,"[0.886719, 0.718750, -0.621094]","[1.534357, 0.630767, -1.062543]","[0.869999, 0.279999, -0.360828]","[-0.001583, 0.305172, -0.248003]","[0.002686, -0.021484, 0.191406]","[-0.010895, 0.000366, 0.095703, 0.995331]","[-0.005066, 0.024048, 0.047302, 0.998566]","[0.107422, 0.015381, 0.019531]","[[0.981506, 0.190430, -0.002808], [-0.190552, 0.981323, -0.021667], [-0.001465, 0.021790, 0.999634]]",0.981506,"[8116, 7908, 8201, 7980]"
58.023895,"[0.929688, 0.726562, -0.613281]","[1.532873, 0.642471, -1.071538]","[0.999998, 0.309999, -0.239462]","[-0.074936, 0.293925, -0.211842]","[0.015869, -0.019775, 0.191406]","[-0.010651, 0.006989, 0.095734, 0.995331]","[-0.006104, 0.033386, 0.047333, 0.998291]","[0.035645, 0.355957, -0.020020]","[[0.981506, 0.190369, -0.015930], [-0.190735, 0.981384, -0.019958], [0.011780, 0.022522, 0.999634]]",0.981506,"[8072, 7859, 8226, 8005]"
58.057095,"[0.957031, 0.750000, -0.613281]","[1.530997, 0.648158, -1.075518]","[0.869999, 0.269999, -0.222452]","[-0.111784, 0.288192, -0.193663]","[0.030029, -0.017334, 0.191650]","[-0.010132, 0.014191, 0.095917, 0.995239]","[-0.005066, 0.029175, 0.047302, 0.998413]","[0.088867, 0.395264, 0.041504]","[[0.981140, 0.190613, -0.030151], [-0.191223, 0.981323, -0.017517], [0.026245, 0.022888, 0.999329]]",0.98114,"[7998, 7847, 8307, 8042]"
58.123505,"[1.019531, 0.769531, -0.605469]","[1.516514, 0.669756, -1.087771]","[0.989998, 0.309999, -0.136339]","[-0.258866, 0.264591, -0.119869]","[0.051514, -0.014160, 0.193604]","[-0.009521, 0.024963, 0.096893, 0.994934]","[-0.006866, 0.040375, 0.047363, 0.998016]","[0.061768, -0.094971, 0.055420]","[[0.979858, 0.192261, -0.051514], [-0.193237, 0.980957, -0.014160], [0.047729, 0.023804, 0.998474]]",0.979858,"[8010, 7854, 8381, 8101]"
58.158657,"[1.046875, 0.769531, -0.601562]","[1.511101, 0.674865, -1.089931]","[0.849998, 0.259998, -0.074986]","[-0.295424, 0.258571, -0.101325]","[0.059570, -0.013184, 0.194336]","[-0.009430, 0.029083, 0.097198, 0.994812]","[-0.004242, 0.036469, 0.047272, 0.998199]","[-0.038818, 0.288330, 0.086426]","[[0.979370, 0.192810, -0.059753], [-0.193909, 0.980896, -0.013184], [0.055969, 0.024414, 0.998108]]",0.97937,"[8107, 7895, 8310, 8066]"
58.19186,"[1.089844, 0.789062, -0.593750]","[1.498141, 0.684729, -1.093165]","[0.959999, 0.289999, -0.019468]","[-0.368011, 0.246440, -0.064258]","[0.068848, -0.011963, 0.195068]","[-0.009308, 0.033722, 0.097626, 0.994629]","[-0.005890, 0.045715, 0.047333, 0.997803]","[-0.007812, 0.386230, 0.006348]","[[0.978638, 0.193481, -0.068909], [-0.194824, 0.980774, -0.012024], [0.065247, 0.025085, 0.997559]]",0.978638,"[8047, 7818, 8371, 8168]"
58.225067,"[1.109375, 0.796875, -0.585938]","[1.482361, 0.694118, -1.094953]","[0.809998, 0.249998, 0.045362]","[-0.439656, 0.234233, -0.027337]","[0.076904, -0.010498, 0.196045]","[-0.009003, 0.037811, 0.098053, 0.994446]","[-0.004395, 0.041107, 0.047272, 0.998016]","[0.069824, 0.095215, -0.007080]","[[0.977966, 0.194275, -0.076965], [-0.195740, 0.980652, -0.010559], [0.073425, 0.025330, 0.997070]]",0.977966,"[8102, 7881, 8369, 8150]"
58.260235,"[1.136719, 0.808594, -0.578125]","[1.463807, 0.703029, -1.095304]","[0.909998, 0.289999, 0.064600]","[-0.510062, 0.222005, 0.009291]","[0.085449, -0.007324, 0.196289]","[-0.007812, 0.042236, 0.098175, 0.994263]","[-0.006195, 0.049255, 0.047333, 0.997620]","[0.115967, 0.317627, -0.086914]","[[0.977234, 0.194519, -0.085571], [-0.195862, 0.980652, -0.007324], [0.082397, 0.023804, 0.996338]]",0.977234,"[8038, 7885, 8456, 8139]"
58.293423,"[1.167969, 0.808594, -0.570312]","[1.453508, 0.707304, -1.094945]","[0.769999, 0.249998, 0.072611]","[-0.544711, 0.215900, 0.027451]","[0.092041, -0.006348, 0.196533]","[-0.007751, 0.045563, 0.098236, 0.994110]","[-0.004028, 0.046234, 0.047241, 0.997803]","[0.180420, -0.072754, 0.124023]","[[0.976562, 0.194580, -0.092102], [-0.196045, 0.980652, -0.006531], [0.089050, 0.024353, 0.995789]]",0.976562,"[8116, 7898, 8414, 8145]"
58.32663,"[1.187500, 0.816406, -0.562500]","[1.430895, 0.715500, -1.093169]","[0.749998, 0.240000, 0.143801]","[-0.612761, 0.203737, 0.063393]","[0.100586, -0.005371, 0.196777]","[-0.007599, 0.049774, 0.098267, 0.993896]","[-0.003784, 0.048553, 0.047211, 0.997681]","[0.315674, 0.326172, -0.020996]","[[0.975708, 0.194519, -0.100464], [-0.196106, 0.980591, -0.005371], [0.097412, 0.024902, 0.994934]]",0.975708,"[8089, 7868, 8447, 8200]"
58.359829,"[1.218750, 0.839844, -0.550781]","[1.405658, 0.723223, -1.090001]","[0.839998, 0.269999, 0.081614]","[-0.678923, 0.191678, 0.098721]","[0.103027, -0.002930, 0.197266]","[-0.006531, 0.051147, 0.098480, 0.993805]","[-0.005829, 0.056946, 0.047302, 0.997223]","[0.025146, -0.135010, 0.132568]","[[0.975342, 0.195068, -0.102966], [-0.196411, 0.980469, -0.002930], [0.100281, 0.023071, 0.994629]]",0.975342,"[8083, 7929, 8443, 8164]"
58.393047,"[1.250000, 0.839844, -0.542969]","[1.392084, 0.726908, -1.087903]","[0.679998, 0.240000, 0.178633]","[-0.711205, 0.185706, 0.116108]","[0.107422, -0.004150, 0.197754]","[-0.007355, 0.053284, 0.098755, 0.993683]","[-0.004547, 0.053467, 0.047241, 0.997437]","[-0.059326, 0.160645, -0.012939]","[[0.974854, 0.195435, -0.107300], [-0.197021, 0.980469, -0.004150], [0.104370, 0.025146, 0.994263]]",0.974854,"[8227, 7919, 8351, 8120]"
58.426235,"[1.269531, 0.847656, -0.535156]","[1.363062, 0.733932, -1.082696]","[0.659998, 0.230000, 0.161806]","[-0.774062, 0.173896, 0.150278]","[0.112061, -0.001953, 0.198486]","[-0.006561, 0.055664, 0.099091, 0.993469]","[-0.004028, 0.056244, 0.047211, 0.997284]","[0.044678, 0.139648, 0.061768]","[[0.973999, 0.196106, -0.111938], [-0.197571, 0.980103, -0.002075], [0.109253, 0.024048, 0.993530]]",0.973999,"[8140, 7951, 8398, 8167]"
58.461411,"[1.289062, 0.859375, -0.527344]","[1.331641, 0.740497, -1.076174]","[0.739998, 0.259998, 0.191931]","[-0.834394, 0.162316, 0.183513]","[0.118164, 0.000244, 0.198975]","[-0.005676, 0.058838, 0.099213, 0.993317]","[-0.005737, 0.063995, 0.047272, 0.996796]","[0.067627, 0.133301, 0.035156]","[[0.973389, 0.196411, -0.118042], [-0.197754, 0.980225, 0.000366], [0.115723, 0.022949, 0.992981]]",0.973389,"[8121, 7948, 8447, 8154]"
58.500458,"[1.308594, 0.859375, -0.523438]","[1.297917, 0.746615, -1.068374]","[0.609999, 0.230000, 0.199579]","[-0.891991, 0.151007, 0.215707]","[0.124756, 0.000732, 0.199463]","[-0.005798, 0.062103, 0.099396, 0.993103]","[-0.004120, 0.062347, 0.047180, 0.996918]","[-0.051758, 0.369629, 0.068848]","[[0.972534, 0.196655, -0.124451], [-0.198120, 0.980164, 0.000793], [0.122131, 0.023865, 0.992188]]",0.972534,"[8182, 7968, 8415, 8155]"
58.527798,"[1.339844, 0.878906, -0.503906]","[1.280223, 0.749510, -1.064007]","[0.659998, 0.249998, 0.303856]","[-0.919696, 0.145469, 0.231381]","[0.129150, 0.000732, 0.200195]","[-0.005981, 0.064270, 0.099762, 0.992920]","[-0.005737, 0.068878, 0.047272, 0.996460]","[0.174072, -0.046387, 0.062500]","[[0.971802, 0.197266, -0.128845], [-0.198853, 0.979980, 0.000916], [0.126404, 0.024719, 0.991638]]",0.971802,"[8191, 7940, 8422, 8211]"
58.562962,"[1.347656, 0.878906, -0.488281]","[1.243247, 0.754981, -1.054370]","[0.539999, 0.209999, 0.341194]","[-0.972785, 0.134651, 0.261809]","[0.134521, 0.004150, 0.201416]","[-0.004639, 0.067139, 0.100281, 0.992706]","[-0.003906, 0.066711, 0.047150, 0.996643]","[0.077148, 0.159912, 0.051758]","[[0.970886, 0.198425, -0.134216], [-0.199768, 0.979858, 0.004211], [0.132263, 0.022644, 0.990967]]",0.970886,"[8220, 8076, 8509, 8175]"
58.594208,"[1.367188, 0.886719, -0.480469]","[1.204268, 0.760035, -1.043571]","[0.509998, 0.209999, 0.379259]","[-1.022590, 0.124217, 0.290917]","[0.137207, 0.004150, 0.203125]","[-0.004822, 0.068420, 0.101013, 0.992523]","[-0.004150, 0.069550, 0.047150, 0.996429]","[0.132080, -0.203369, 0.027832]","[[0.970154, 0.199829, -0.136780], [-0.201172, 0.979492, 0.004211], [0.134827, 0.023376, 0.990540]]",0.970154,"[8317, 8036, 8496, 8238]"
58.627411,"[1.386719, 0.898438, -0.468750]","[1.184063, 0.762412, -1.037751]","[0.539999, 0.240000, 0.396221]","[-1.046204, 0.119157, 0.304946]","[0.140381, 0.006104, 0.204346]","[-0.004059, 0.070160, 0.101593, 0.992340]","[-0.006042, 0.075592, 0.047272, 0.995972]","[-0.071533, 0.331787, 0.053467]","[[0.969421, 0.200989, -0.140076], [-0.202209, 0.979248, 0.006165], [0.138367, 0.022278, 0.990051]]",0.969421,"[8311, 8056, 8516, 8206]"
58.66061,"[1.406250, 0.898438, -0.460938]","[1.142310, 0.766874, -1.025307]","[0.439999, 0.199999, 0.406044]","[-1.090739, 0.109375, 0.331896]","[0.142090, 0.006836, 0.205811]","[-0.003845, 0.071014, 0.102295, 0.992218]","[-0.003998, 0.075012, 0.047119, 0.996033]","[0.049072, -0.047852, 0.068848]","[[0.968933, 0.202393, -0.141663], [-0.203491, 0.979004, 0.006836], [0.140076, 0.022217, 0.989807]]",0.968933,"[8354, 8140, 8481, 8160]"
58.69577,"[1.417969, 0.906250, -0.437500]","[1.098898, 0.770963, -1.011842]","[0.409998, 0.199999, 0.506302]","[-1.131517, 0.100080, 0.357277]","[0.147217, 0.007568, 0.207520]","[-0.003754, 0.073669, 0.103119, 0.991943]","[-0.004364, 0.077972, 0.047119, 0.995819]","[0.043701, -0.117676, 0.050049]","[[0.967896, 0.203918, -0.146912], [-0.205139, 0.978699, 0.007629], [0.145325, 0.022644, 0.989136]]",0.967896,"[8384, 8092, 8523, 8272]"
