t,p,p_d,v,v_d,Angles,q,q_sp,w,R,T_sp,rpm
75.058098,"[-0.128906, 0.238281, -0.789062]","[0.000000, 0.000000, -0.000000]","[0.000000, 0.009998, 0.044888]","[0.000001, 0.000003, -0.000002]","[0.022461, -0.020752, 0.183350]","[-0.011383, 0.010315, 0.091675, 0.995697]","[-0.000214, 0.000000, 0.088867, 0.996033]","[0.210205, -0.008301, 0.108887]","[[0.983032, 0.182312, -0.022644], [-0.182800, 0.982971, -0.020874], [0.018372, 0.024536, 0.999573]]",0.983032,"[8019, 7867, 8069, 7987]"
75.190918,"[-0.128906, 0.238281, -0.785156]","[0.000008, 0.000020, -0.000014]","[0.009998, 0.029999, 0.056858]","[0.000243, 0.000630, -0.000446]","[0.002686, -0.003662, 0.212402]","[-0.002014, 0.001129, 0.106110, 0.994354]","[-0.001160, 0.000702, 0.088867, 0.996033]","[-0.264160, 0.071289, 0.272217]","[[0.977478, 0.210938, -0.002686], [-0.211060, 0.977478, -0.003845], [0.001709, 0.004211, 0.999939]]",0.977478,"[7981, 7898, 7961, 7713]"
75.192871,"[-0.128906, 0.238281, -0.785156]","[0.000008, 0.000020, -0.000014]","[0.009998, 0.019999, 0.046883]","[0.000243, 0.000630, -0.000446]","[0.002197, -0.003418, 0.212646]","[-0.001892, 0.000916, 0.106262, 0.994324]","[-0.000671, 0.000671, 0.088867, 0.996033]","[0.132080, -0.301025, 0.246826]","[[0.977356, 0.211243, -0.002197], [-0.211365, 0.977356, -0.003601], [0.001343, 0.003967, 0.999939]]",0.977356,"[7989, 7882, 7989, 7735]"
75.194824,"[-0.117188, 0.238281, -0.785156]","[0.000014, 0.000036, -0.000025]","[0.019999, 0.019999, 0.044256]","[0.000379, 0.000986, -0.000698]","[0.001465, -0.002686, 0.213135]","[-0.001495, 0.000671, 0.106445, 0.994324]","[-0.000549, 0.001862, 0.088867, 0.996033]","[0.374023, -0.243896, 0.239746]","[[0.977356, 0.211609, -0.001648], [-0.211731, 0.977356, -0.002869], [0.000916, 0.003113, 1.000000]]",0.977356,"[8015, 7897, 7956, 7739]"
75.349121,"[-0.117188, 0.250000, -0.777344]","[0.000214, 0.000556, -0.000394]","[0.039999, 0.059999, 0.234304]","[0.003197, 0.008323, -0.005909]","[-0.004883, 0.003418, 0.248291]","[0.002136, -0.002228, 0.123932, 0.992279]","[-0.003265, 0.003082, 0.088867, 0.996002]","[0.114502, -0.178955, 0.213867]","[[0.969177, 0.245850, 0.004944], [-0.245972, 0.969177, 0.003601], [-0.003967, -0.004822, 0.999878]]",0.969177,"[8146, 7934, 8105, 7776]"
75.356934,"[-0.128906, 0.250000, -0.757812]","[0.000284, 0.000738, -0.000523]","[0.039999, 0.070000, 0.280476]","[0.003976, 0.010353, -0.007353]","[-0.004395, 0.003662, 0.249756]","[0.002136, -0.001953, 0.124695, 0.992188]","[-0.003815, 0.002411, 0.088867, 0.996002]","[-0.056152, 0.267090, 0.282471]","[[0.968872, 0.247375, 0.004395], [-0.247498, 0.968872, 0.003723], [-0.003418, -0.004700, 0.999939]]",0.968872,"[8153, 7931, 8127, 7755]"
75.507324,"[-0.117188, 0.250000, -0.734375]","[0.001655, 0.004316, -0.003069]","[0.049999, 0.089998, 0.387796]","[0.015195, 0.039670, -0.028269]","[-0.006836, 0.005371, 0.283203]","[0.003235, -0.003113, 0.141235, 0.989960]","[-0.004303, 0.003693, 0.088867, 0.996002]","[-0.322754, 0.175537, 0.206787]","[[0.960022, 0.279541, 0.007019], [-0.279663, 0.960022, 0.005432], [-0.005310, -0.007263, 0.999878]]",0.960022,"[8316, 8010, 8264, 7849]"
75.511223,"[-0.109375, 0.269531, -0.714844]","[0.001655, 0.004316, -0.003069]","[0.070000, 0.119999, 0.456648]","[0.015195, 0.039670, -0.028269]","[-0.007324, 0.004395, 0.283691]","[0.002747, -0.003326, 0.141449, 0.989929]","[-0.006866, 0.005371, 0.088898, 0.995972]","[0.093750, -0.087646, 0.198242]","[[0.959900, 0.279968, 0.007324], [-0.280090, 0.959900, 0.004456], [-0.005859, -0.006409, 0.999878]]",0.9599,"[8313, 8041, 8273, 7853]"
75.524902,"[-0.109375, 0.269531, -0.710938]","[0.001655, 0.004316, -0.003069]","[0.070000, 0.109999, 0.448748]","[0.015195, 0.039670, -0.028269]","[-0.006592, 0.004639, 0.285889]","[0.002869, -0.002960, 0.142517, 0.989777]","[-0.006256, 0.005310, 0.088898, 0.996002]","[-0.507812, 0.027100, 0.304199]","[[0.959290, 0.282043, 0.006714], [-0.282166, 0.959290, 0.004822], [-0.005127, -0.006531, 0.999878]]",0.95929,"[8286, 8036, 8337, 7893]"
75.647949,"[-0.097656, 0.277344, -0.675781]","[0.004912, 0.012829, -0.009148]","[0.089998, 0.139999, 0.463409]","[0.033963, 0.088899, -0.063574]","[-0.002686, 0.001465, 0.310059]","[0.000977, -0.001251, 0.154449, 0.988007]","[-0.007690, 0.006927, 0.088898, 0.995972]","[0.106445, 0.126221, 0.153076]","[[0.952271, 0.305115, 0.002747], [-0.305237, 0.952271, 0.001465], [-0.002258, -0.002319, 0.999939]]",0.952271,"[8452, 8078, 8447, 8013]"
75.649902,"[-0.097656, 0.277344, -0.675781]","[0.004912, 0.012829, -0.009148]","[0.080000, 0.129999, 0.463409]","[0.033963, 0.088899, -0.063574]","[-0.002686, 0.001465, 0.310059]","[0.000977, -0.001251, 0.154449, 0.988007]","[-0.007263, 0.006409, 0.088898, 0.995972]","[0.106445, 0.126221, 0.153076]","[[0.952271, 0.305115, 0.002747], [-0.305237, 0.952271, 0.001465], [-0.002258, -0.002319, 0.999939]]",0.952271,"[8456, 8105, 8447, 8013]"
75.651855,"[-0.097656, 0.289062, -0.652344]","[0.004912, 0.012829, -0.009148]","[0.089998, 0.139999, 0.576288]","[0.033963, 0.088899, -0.063574]","[-0.002686, 0.001465, 0.310059]","[0.001038, -0.001251, 0.154510, 0.988007]","[-0.008423, 0.006989, 0.088898, 0.995972]","[0.109619, -0.085938, 0.130859]","[[0.952271, 0.305237, 0.002808], [-0.305359, 0.952271, 0.001587], [-0.002197, -0.002441, 1.000000]]",0.952271,"[8451, 8100, 8453, 8009]"
75.65966,"[-0.097656, 0.289062, -0.640625]","[0.004912, 0.012829, -0.009148]","[0.099998, 0.179998, 0.612007]","[0.033963, 0.088899, -0.063574]","[-0.002441, 0.002197, 0.311768]","[0.001373, -0.001068, 0.155304, 0.987885]","[-0.010223, 0.007629, 0.088928, 0.995941]","[0.098389, 0.050049, 0.173340]","[[0.951782, 0.306763, 0.002502], [-0.306885, 0.951782, 0.002319], [-0.001770, -0.003052, 1.000000]]",0.951782,"[8429, 8117, 8474, 8000]"
75.692871,"[-0.089844, 0.296875, -0.632812]","[0.006374, 0.016657, -0.011887]","[0.099998, 0.160000, 0.603951]","[0.041029, 0.107484, -0.076950]","[-0.000977, 0.000244, 0.317627]","[0.000305, -0.000519, 0.158295, 0.987366]","[-0.009460, 0.007935, 0.088928, 0.995941]","[-0.172607, 0.030762, 0.229248]","[[0.949768, 0.312500, 0.001099], [-0.312622, 0.949768, 0.000366], [-0.000977, -0.000732, 0.999878]]",0.949768,"[8522, 8196, 8521, 8052]"
75.815918,"[-0.078125, 0.316406, -0.585938]","[0.012624, 0.033054, -0.023649]","[0.139999, 0.209999, 0.541569]","[0.066749, 0.175330, -0.125986]","[0.003418, -0.003418, 0.335449]","[-0.001984, 0.001495, 0.166992, 0.985962]","[-0.011414, 0.010559, 0.088959, 0.995911]","[-0.303955, -0.002441, 0.052002]","[[0.944214, 0.329224, -0.003601], [-0.329346, 0.944214, -0.003479], [0.002258, 0.004456, 0.999939]]",0.944214,"[8626, 8249, 8623, 8147]"
75.829605,"[-0.078125, 0.328125, -0.558594]","[0.013976, 0.036606, -0.026202]","[0.119999, 0.189999, 0.608433]","[0.071668, 0.188340, -0.135426]","[0.003418, -0.002930, 0.336914]","[-0.001709, 0.001526, 0.167755, 0.985809]","[-0.011169, 0.009186, 0.088959, 0.995911]","[-0.368896, -0.157227, 0.108887]","[[0.943604, 0.330627, -0.003601], [-0.330750, 0.943604, -0.002930], [0.002380, 0.003906, 0.999878]]",0.943604,"[8602, 8247, 8633, 8152]"
75.895996,"[-0.058594, 0.339844, -0.523438]","[0.018628, 0.048843, -0.035010]","[0.150000, 0.240000, 0.643225]","[0.087411, 0.230053, -0.165769]","[0.007080, -0.005127, 0.343018]","[-0.003204, 0.003082, 0.170715, 0.985291]","[-0.013031, 0.011688, 0.088989, 0.995850]","[-0.187988, 0.137939, 0.128174]","[[0.941589, 0.336304, -0.007141], [-0.336426, 0.941589, -0.005310], [0.004944, 0.007385, 0.999817]]",0.941589,"[8693, 8323, 8691, 8256]"
75.929199,"[-0.058594, 0.347656, -0.515625]","[0.022261, 0.058408, -0.041908]","[0.129999, 0.209999, 0.636108]","[0.098678, 0.259975, -0.187610]","[0.008789, -0.004883, 0.345215]","[-0.003174, 0.003906, 0.171875, 0.985077]","[-0.011536, 0.010590, 0.088959, 0.995880]","[-0.006836, 0.059082, 0.068604]","[[0.940735, 0.338501, -0.008789], [-0.338623, 0.940735, -0.004944], [0.006592, 0.007629, 0.999817]]",0.940735,"[8710, 8383, 8749, 8287]"
75.964348,"[-0.058594, 0.359375, -0.492188]","[0.026346, 0.069175, -0.049685]","[0.160000, 0.259998, 0.671553]","[0.110500, 0.291436, -0.210644]","[0.011230, -0.005859, 0.347900]","[-0.003906, 0.005066, 0.173126, 0.984863]","[-0.013763, 0.011749, 0.089020, 0.995850]","[0.101807, -0.044922, 0.061523]","[[0.939880, 0.340942, -0.011353], [-0.341064, 0.939880, -0.006042], [0.008545, 0.009460, 0.999817]]",0.93988,"[8774, 8398, 8800, 8351]"
75.997551,"[-0.046875, 0.359375, -0.476562]","[0.030901, 0.081197, -0.058381]","[0.139999, 0.230000, 0.682659]","[0.122814, 0.324274, -0.234765]","[0.013184, -0.007080, 0.349854]","[-0.004700, 0.005951, 0.174164, 0.984680]","[-0.011597, 0.011200, 0.088959, 0.995880]","[-0.062500, -0.029541, 0.087646]","[[0.939148, 0.342896, -0.013367], [-0.343018, 0.939209, -0.007263], [0.010071, 0.011292, 0.999756]]",0.939148,"[8814, 8472, 8826, 8353]"
76.122559,"[-0.039062, 0.378906, -0.441406]","[0.047563, 0.125273, -0.090380]","[0.169998, 0.269999, 0.574528]","[0.162037, 0.429390, -0.312575]","[0.014648, -0.006592, 0.354736]","[-0.004608, 0.006683, 0.176514, 0.984253]","[-0.011200, 0.011780, 0.088959, 0.995880]","[-0.062988, 0.058594, 0.000732]","[[0.937500, 0.347290, -0.014771], [-0.347534, 0.937561, -0.006775], [0.011475, 0.011414, 0.999756]]",0.9375,"[8870, 8511, 8887, 8426]"
76.124512,"[-0.039062, 0.386719, -0.441406]","[0.047563, 0.125273, -0.090380]","[0.150000, 0.249998, 0.574528]","[0.162037, 0.429390, -0.312575]","[0.014648, -0.006592, 0.354736]","[-0.004608, 0.006683, 0.176514, 0.984253]","[-0.010681, 0.010742, 0.088959, 0.995911]","[-0.062988, 0.058594, 0.000732]","[[0.937500, 0.347290, -0.014771], [-0.347534, 0.937561, -0.006775], [0.011475, 0.011414, 0.999756]]",0.9375,"[8890, 8539, 8888, 8437]"
76.130371,"[-0.027344, 0.398438, -0.433594]","[0.047563, 0.125273, -0.090380]","[0.179998, 0.279999, 0.580954]","[0.162037, 0.429390, -0.312575]","[0.014893, -0.006836, 0.354980]","[-0.004730, 0.006775, 0.176636, 0.984253]","[-0.012543, 0.013000, 0.088989, 0.995850]","[-0.020752, 0.148438, 0.027100]","[[0.937500, 0.347534, -0.015015], [-0.347778, 0.937561, -0.006958], [0.011597, 0.011719, 0.999878]]",0.9375,"[8880, 8517, 8891, 8449]"
76.165527,"[-0.027344, 0.406250, -0.417969]","[0.054158, 0.142760, -0.103123]","[0.139999, 0.249998, 0.598179]","[0.175631, 0.466018, -0.339924]","[0.014404, -0.006348, 0.355957]","[-0.004395, 0.006531, 0.177155, 0.984131]","[-0.010437, 0.010712, 0.088959, 0.995911]","[-0.051270, -0.012451, 0.039795]","[[0.937012, 0.348572, -0.014404], [-0.348694, 0.937073, -0.006409], [0.011230, 0.010925, 0.999756]]",0.937012,"[8925, 8609, 8896, 8417]"
76.19873,"[-0.019531, 0.417969, -0.406250]","[0.061286, 0.161687, -0.116943]","[0.150000, 0.269999, 0.575201]","[0.189357, 0.503119, -0.367767]","[0.014648, -0.007568, 0.357178]","[-0.005005, 0.006561, 0.177734, 0.984039]","[-0.010742, 0.011108, 0.088959, 0.995911]","[0.032959, 0.023926, 0.048828]","[[0.936646, 0.349670, -0.014709], [-0.349915, 0.936707, -0.007568], [0.011047, 0.012207, 0.999817]]",0.936646,"[8973, 8580, 8922, 8481]"
76.231934,"[-0.007812, 0.429688, -0.398438]","[0.068952, 0.182069, -0.131859]","[0.179998, 0.279999, 0.560999]","[0.203138, 0.540492, -0.395971]","[0.014893, -0.005859, 0.357910]","[-0.004242, 0.006897, 0.178101, 0.983978]","[-0.010376, 0.012665, 0.088959, 0.995880]","[-0.022705, 0.005371, -0.041992]","[[0.936401, 0.350403, -0.015076], [-0.350525, 0.936462, -0.005920], [0.012024, 0.010803, 0.999817]]",0.936401,"[8933, 8642, 8984, 8465]"
76.265137,"[-0.007812, 0.437500, -0.386719]","[0.072987, 0.192809, -0.139731]","[0.160000, 0.269999, 0.547222]","[0.210025, 0.559219, -0.410167]","[0.013916, -0.007812, 0.359375]","[-0.005096, 0.006165, 0.178833, 0.983826]","[-0.009186, 0.010986, 0.088928, 0.995911]","[0.091553, 0.204834, 0.003906]","[[0.935791, 0.351746, -0.013916], [-0.351990, 0.935852, -0.007874], [0.010254, 0.012268, 0.999695]]",0.935791,"[9056, 8616, 8921, 8483]"
76.429199,"[0.019531, 0.468750, -0.363281]","[0.115262, 0.305778, -0.223089]","[0.150000, 0.279999, 0.340750]","[0.270194, 0.724568, -0.537823]","[0.011963, -0.001465, 0.358398]","[-0.001831, 0.005768, 0.178375, 0.983948]","[-0.003479, 0.008759, 0.088867, 0.995972]","[-0.100830, 0.060791, 0.004395]","[[0.936279, 0.350952, -0.011963], [-0.351074, 0.936340, -0.001648], [0.010620, 0.005676, 0.999878]]",0.936279,"[8987, 8696, 9009, 8517]"
76.431152,"[0.007812, 0.476562, -0.363281]","[0.115262, 0.305778, -0.223089]","[0.179998, 0.339998, 0.340750]","[0.270194, 0.724568, -0.537823]","[0.011963, -0.001465, 0.358398]","[-0.001831, 0.005768, 0.178375, 0.983948]","[-0.006683, 0.009888, 0.088898, 0.995941]","[-0.100830, 0.060791, 0.004395]","[[0.936279, 0.350952, -0.011963], [-0.351074, 0.936340, -0.001648], [0.010620, 0.005676, 0.999878]]",0.936279,"[9012, 8698, 8995, 8542]"
76.433105,"[0.019531, 0.488281, -0.363281]","[0.115262, 0.305778, -0.223089]","[0.160000, 0.299999, 0.323730]","[0.270194, 0.724568, -0.537823]","[0.011719, -0.000977, 0.358398]","[-0.001526, 0.005676, 0.178314, 0.983978]","[-0.005402, 0.009399, 0.088898, 0.995972]","[0.159668, 0.018555, -0.014893]","[[0.936401, 0.350830, -0.011719], [-0.350952, 0.936462, -0.001038], [0.010620, 0.005066, 0.999939]]",0.936401,"[8997, 8697, 9013, 8561]"
76.571777,"[0.027344, 0.500000, -0.347656]","[0.155124, 0.413018, -0.303143]","[0.160000, 0.309999, 0.194584]","[0.311951, 0.841905, -0.632098]","[0.007080, 0.003662, 0.355225]","[0.001282, 0.003876, 0.176788, 0.984253]","[0.001556, 0.006470, 0.088837, 0.996002]","[0.129395, -0.022705, -0.014160]","[[0.937500, 0.347961, -0.007202], [-0.347961, 0.937500, 0.003845], [0.008057, -0.001160, 1.000000]]",0.9375,"[8984, 8691, 8976, 8541]"
76.575684,"[0.046875, 0.539062, -0.363281]","[0.155124, 0.413018, -0.303143]","[0.189999, 0.379999, 0.128189]","[0.311951, 0.841905, -0.632098]","[0.007080, 0.003906, 0.355225]","[0.001343, 0.003937, 0.176788, 0.984253]","[-0.003784, 0.009521, 0.088867, 0.995972]","[0.069824, -0.031738, -0.065918]","[[0.937500, 0.347961, -0.007263], [-0.347961, 0.937500, 0.003967], [0.008118, -0.001282, 1.000000]]",0.9375,"[8981, 8699, 8993, 8528]"
76.603027,"[0.046875, 0.546875, -0.367188]","[0.167520, 0.446507, -0.328333]","[0.160000, 0.339998, 0.102734]","[0.322652, 0.872503, -0.657480]","[0.006104, 0.005371, 0.354492]","[0.002258, 0.003601, 0.176361, 0.984344]","[-0.000580, 0.007019, 0.088867, 0.996002]","[-0.083252, -0.052979, -0.086670]","[[0.937866, 0.347168, -0.006287], [-0.347168, 0.937866, 0.005615], [0.007874, -0.003174, 1.000061]]",0.937866,"[8924, 8732, 8983, 8453]"
76.73584,"[0.066406, 0.558594, -0.367188]","[0.207041, 0.553714, -0.409611]","[0.199999, 0.400000, -0.009832]","[0.350722, 0.954423, -0.728093]","[0.002197, 0.009277, 0.351807]","[0.004456, 0.001892, 0.175049, 0.984528]","[0.004822, 0.006287, 0.088837, 0.996002]","[0.207031, -0.006104, -0.048340]","[[0.938538, 0.344666, -0.002197], [-0.344666, 0.938538, 0.009338], [0.005249, -0.008118, 0.999817]]",0.938538,"[8979, 8656, 8939, 8542]"
76.737793,"[0.066406, 0.589844, -0.367188]","[0.213931, 0.572474, -0.423938]","[0.169998, 0.369999, -0.009832]","[0.354757, 0.966482, -0.738948]","[0.002197, 0.009277, 0.351807]","[0.004456, 0.001892, 0.175049, 0.984528]","[0.004456, 0.004852, 0.088837, 0.996002]","[0.207031, -0.006104, -0.048340]","[[0.938538, 0.344666, -0.002197], [-0.344666, 0.938538, 0.009338], [0.005249, -0.008118, 0.999817]]",0.938538,"[8963, 8629, 8936, 8524]"
76.739738,"[0.078125, 0.597656, -0.378906]","[0.213931, 0.572474, -0.423938]","[0.199999, 0.439999, -0.077980]","[0.354757, 0.966482, -0.738948]","[0.002441, 0.009277, 0.351807]","[0.004456, 0.002045, 0.175049, 0.984558]","[0.001007, 0.007355, 0.088837, 0.996002]","[0.008545, -0.062500, 0.014160]","[[0.938660, 0.344666, -0.002441], [-0.344666, 0.938660, 0.009399], [0.005493, -0.008057, 0.999939]]",0.93866,"[8960, 8643, 8938, 8540]"
76.890144,"[0.109375, 0.656250, -0.410156]","[0.264090, 0.709692, -0.529760]","[0.199999, 0.400000, -0.240875]","[0.377310, 1.036517, -0.806539]","[0.002441, 0.013916, 0.349121]","[0.006714, 0.002441, 0.173798, 0.984772]","[0.010559, 0.004425, 0.088806, 0.995972]","[0.226318, 0.072266, -0.046143]","[[0.939575, 0.342285, -0.002441], [-0.342285, 0.939514, 0.013977], [0.007080, -0.012390, 0.999878]]",0.939575,"[8915, 8596, 8928, 8543]"
76.903809,"[0.117188, 0.679688, -0.417969]","[0.271481, 0.730006, -0.545589]","[0.209999, 0.509998, -0.265297]","[0.379678, 1.044340, -0.814904]","[0.001953, 0.015137, 0.348877]","[0.007355, 0.002319, 0.173645, 0.984772]","[0.005005, 0.005554, 0.088837, 0.996002]","[0.405518, 0.088379, -0.025879]","[[0.939575, 0.341980, -0.002014], [-0.341980, 0.939514, 0.015259], [0.007019, -0.013672, 0.999817]]",0.939575,"[8893, 8578, 8900, 8514]"
76.944817,"[0.117188, 0.687500, -0.433594]","[0.286397, 0.771089, -0.577739]","[0.199999, 0.449999, -0.316805]","[0.383751, 1.058279, -0.830626]","[0.001221, 0.016357, 0.347900]","[0.007996, 0.002136, 0.173126, 0.984863]","[0.010468, 0.003326, 0.088837, 0.995972]","[0.204346, -0.153564, -0.050537]","[[0.940002, 0.341003, -0.001404], [-0.341003, 0.939880, 0.016479], [0.006897, -0.015015, 0.999817]]",0.940002,"[8833, 8565, 8871, 8421]"
77.087395,"[0.128906, 0.718750, -0.457031]","[0.339474, 0.918166, -0.694494]","[0.199999, 0.480000, -0.376654]","[0.390798, 1.088242, -0.874328]","[0.000000, 0.022217, 0.342529]","[0.011047, 0.001953, 0.170471, 0.985291]","[0.017853, -0.000244, 0.088867, 0.995880]","[-0.108887, -0.219482, -0.036133]","[[0.941772, 0.335876, -0.000122], [-0.335876, 0.941589, 0.022339], [0.007568, -0.021118, 0.999695]]",0.941772,"[8813, 8483, 8820, 8507]"
77.089355,"[0.148438, 0.757812, -0.480469]","[0.347111, 0.939446, -0.711625]","[0.240000, 0.559999, -0.493431]","[0.390868, 1.090043, -0.879079]","[0.000000, 0.022461, 0.342529]","[0.011169, 0.002014, 0.170502, 0.985291]","[0.012299, 0.003296, 0.088837, 0.995941]","[-0.032471, 0.156250, -0.055176]","[[0.941833, 0.335938, -0.000183], [-0.335938, 0.941589, 0.022644], [0.007751, -0.021301, 0.999695]]",0.941833,"[8816, 8481, 8845, 8500]"
77.108887,"[0.156250, 0.777344, -0.496094]","[0.354742, 0.960742, -0.728831]","[0.189999, 0.509998, -0.534931]","[0.390699, 1.091208, -0.883435]","[-0.000732, 0.023926, 0.341553]","[0.011902, 0.001648, 0.170074, 0.985352]","[0.014984, 0.000488, 0.088867, 0.995911]","[0.263916, 0.035645, -0.028564]","[[0.942078, 0.335144, 0.000793], [-0.335144, 0.941833, 0.023987], [0.007263, -0.022888, 0.999634]]",0.942078,"[8780, 8492, 8774, 8417]"
77.140129,"[0.156250, 0.796875, -0.507812]","[0.362365, 0.982050, -0.746118]","[0.240000, 0.589998, -0.556074]","[0.390296, 1.091748, -0.887404]","[-0.000488, 0.025635, 0.340088]","[0.012817, 0.001862, 0.169250, 0.985504]","[0.012207, 0.002441, 0.088837, 0.995941]","[-0.098145, 0.033203, -0.066895]","[[0.942688, 0.333557, 0.000671], [-0.333557, 0.942383, 0.025818], [0.007996, -0.024597, 0.999634]]",0.942688,"[8689, 8448, 8772, 8339]"
77.173332,"[0.167969, 0.816406, -0.519531]","[0.377585, 1.024691, -0.780919]","[0.199999, 0.539999, -0.582369]","[0.388761, 1.090859, -0.894147]","[-0.000488, 0.023682, 0.338135]","[0.011810, 0.001678, 0.168335, 0.985657]","[0.016022, -0.000061, 0.088867, 0.995911]","[0.146484, 0.101318, -0.027100]","[[0.943237, 0.331787, 0.000671], [-0.331787, 0.942993, 0.023804], [0.007263, -0.022705, 0.999634]]",0.943237,"[8712, 8352, 8687, 8399]"
77.208488,"[0.179688, 0.839844, -0.539062]","[0.392728, 1.067248, -0.815959]","[0.240000, 0.629999, -0.620895]","[0.386259, 1.087333, -0.899277]","[0.000732, 0.023682, 0.336182]","[0.011627, 0.002441, 0.167328, 0.985840]","[0.013275, 0.001862, 0.088837, 0.995941]","[0.108643, 0.000732, -0.060059]","[[0.943970, 0.329895, -0.000916], [-0.329895, 0.943726, 0.023682], [0.008606, -0.022095, 0.999695]]",0.94397,"[8652, 8312, 8688, 8426]"
77.358887,"[0.207031, 0.898438, -0.585938]","[0.444546, 1.213990, -0.939468]","[0.240000, 0.669998, -0.609373]","[0.369811, 1.053843, -0.904128]","[-0.000732, 0.026855, 0.325928]","[0.013367, 0.001740, 0.162384, 0.986633]","[0.018677, -0.000671, 0.088898, 0.995850]","[0.081543, -0.146973, -0.054688]","[[0.947144, 0.320374, 0.000916], [-0.320374, 0.946838, 0.026917], [0.007751, -0.025818, 0.999573]]",0.947144,"[8604, 8348, 8671, 8392]"
77.360832,"[0.207031, 0.917969, -0.593750]","[0.444546, 1.213990, -0.939468]","[0.219999, 0.599998, -0.617012]","[0.369811, 1.053843, -0.904128]","[-0.000488, 0.026855, 0.325928]","[0.013336, 0.001923, 0.162384, 0.986633]","[0.020905, -0.001862, 0.088928, 0.995789]","[-0.024414, 0.224854, -0.027100]","[[0.947144, 0.320374, 0.000488], [-0.320374, 0.946838, 0.026917], [0.008057, -0.025696, 0.999573]]",0.947144,"[8635, 8345, 8667, 8390]"
77.376472,"[0.218750, 0.937500, -0.601562]","[0.451738, 1.234503, -0.957122]","[0.249998, 0.689999, -0.640623]","[0.366483, 1.046324, -0.903126]","[-0.000732, 0.027344, 0.324951]","[0.013580, 0.001801, 0.161835, 0.986725]","[0.016785, 0.000214, 0.088867, 0.995880]","[-0.118896, 0.230713, -0.020020]","[[0.947571, 0.319336, 0.000854], [-0.319336, 0.947205, 0.027344], [0.007935, -0.026245, 0.999573]]",0.947571,"[8642, 8347, 8650, 8397]"
77.413567,"[0.226562, 0.968750, -0.617188]","[0.465911, 1.275043, -0.992335]","[0.209999, 0.619999, -0.633062]","[0.359067, 1.029161, -0.899762]","[-0.001221, 0.028076, 0.321533]","[0.013977, 0.001587, 0.160187, 0.987000]","[0.020721, -0.002319, 0.088928, 0.995789]","[-0.240723, -0.139404, -0.037598]","[[0.948669, 0.316162, 0.001343], [-0.316162, 0.948303, 0.028076], [0.007568, -0.027100, 0.999573]]",0.948669,"[8566, 8351, 8642, 8318]"
77.442863,"[0.238281, 0.988281, -0.628906]","[0.479777, 1.314878, -1.027398]","[0.199999, 0.649998, -0.597477]","[0.350673, 1.009192, -0.894650]","[-0.001465, 0.027100, 0.319336]","[0.013611, 0.001343, 0.159027, 0.987183]","[0.019958, -0.002869, 0.088928, 0.995819]","[-0.075684, -0.175049, -0.053223]","[[0.949402, 0.313965, 0.001648], [-0.313965, 0.949036, 0.027222], [0.006897, -0.026489, 0.999573]]",0.949402,"[8619, 8283, 8615, 8434]"
77.47998,"[0.238281, 1.007812, -0.652344]","[0.493296, 1.353855, -1.062212]","[0.240000, 0.739998, -0.594534]","[0.341288, 0.986395, -0.887741]","[-0.001709, 0.027832, 0.316162]","[0.014008, 0.001312, 0.157501, 0.987427]","[0.017029, -0.001373, 0.088898, 0.995880]","[0.179932, -0.260254, -0.111572]","[[0.950378, 0.311035, 0.001831], [-0.311035, 0.950012, 0.028015], [0.006958, -0.027283, 0.999573]]",0.950378,"[8596, 8319, 8623, 8403]"
77.511223,"[0.250000, 1.039062, -0.664062]","[0.499912, 1.373003, -1.079514]","[0.209999, 0.659998, -0.580900]","[0.336241, 0.973967, -0.883628]","[-0.002686, 0.028809, 0.313232]","[0.014526, 0.000916, 0.156128, 0.987640]","[0.020782, -0.003204, 0.088928, 0.995789]","[0.247070, 0.036377, -0.166504]","[[0.951233, 0.308350, 0.002747], [-0.308350, 0.950867, 0.028931], [0.006287, -0.028442, 0.999573]]",0.951233,"[8611, 8331, 8612, 8343]"
77.546387,"[0.257812, 1.058594, -0.675781]","[0.512840, 1.410532, -1.113850]","[0.249998, 0.769999, -0.599112]","[0.325404, 0.946926, -0.874031]","[-0.003418, 0.026123, 0.310547]","[0.013275, 0.000336, 0.154724, 0.987885]","[0.016663, -0.001099, 0.088898, 0.995880]","[0.093262, 0.051270, -0.115479]","[[0.952087, 0.305664, 0.003479], [-0.305664, 0.951782, 0.026245], [0.004700, -0.026123, 0.999634]]",0.952087,"[8645, 8253, 8530, 8431]"
77.577629,"[0.269531, 1.078125, -0.691406]","[0.525324, 1.446957, -1.147777]","[0.219999, 0.669998, -0.619038]","[0.313622, 0.917110, -0.862654]","[-0.003662, 0.026123, 0.308350]","[0.013245, 0.000153, 0.153625, 0.988068]","[0.022125, -0.003174, 0.088959, 0.995758]","[-0.184326, -0.066650, -0.014893]","[[0.952820, 0.303528, 0.003784], [-0.303528, 0.952515, 0.026123], [0.004272, -0.026123, 0.999695]]",0.95282,"[8557, 8304, 8562, 8340]"
77.610832,"[0.269531, 1.109375, -0.703125]","[0.531385, 1.464703, -1.164559]","[0.209999, 0.699999, -0.613026]","[0.307395, 0.901199, -0.856314]","[-0.004395, 0.025635, 0.305664]","[0.013062, -0.000244, 0.152374, 0.988220]","[0.020691, -0.004150, 0.088959, 0.995789]","[0.224121, 0.119873, -0.098877]","[[0.953430, 0.301086, 0.004456], [-0.301208, 0.953125, 0.025635], [0.003479, -0.025879, 0.999512]]",0.95343,"[8587, 8241, 8497, 8361]"
77.645996,"[0.277344, 1.136719, -0.718750]","[0.543141, 1.499272, -1.197737]","[0.249998, 0.819998, -0.660841]","[0.294252, 0.867352, -0.842309]","[-0.004395, 0.026611, 0.302490]","[0.013641, -0.000244, 0.150757, 0.988464]","[0.015137, -0.001709, 0.088898, 0.995911]","[0.166016, 0.023193, -0.124512]","[[0.954468, 0.297974, 0.004578], [-0.298096, 0.954102, 0.026794], [0.003601, -0.027039, 0.999512]]",0.954468,"[8513, 8242, 8513, 8313]"
77.679192,"[0.289062, 1.156250, -0.730469]","[0.554365, 1.532448, -1.230338]","[0.199999, 0.749998, -0.652023]","[0.280238, 0.830800, -0.826608]","[-0.004639, 0.024170, 0.299316]","[0.012360, -0.000519, 0.149231, 0.988708]","[0.018951, -0.004364, 0.088959, 0.995819]","[-0.150879, 0.039551, -0.075928]","[[0.955383, 0.294983, 0.004700], [-0.295105, 0.955078, 0.024231], [0.002625, -0.024597, 0.999573]]",0.955383,"[8527, 8231, 8476, 8311]"
77.712395,"[0.289062, 1.187500, -0.746094]","[0.559767, 1.548488, -1.246401]","[0.269999, 0.839998, -0.626335]","[0.272919, 0.811561, -0.818138]","[-0.003418, 0.023438, 0.296143]","[0.011902, -0.000061, 0.147675, 0.988953]","[0.014618, -0.000916, 0.088867, 0.995911]","[-0.009521, -0.109619, -0.128174]","[[0.956238, 0.291992, 0.003601], [-0.292114, 0.955994, 0.023438], [0.003357, -0.023560, 0.999573]]",0.956238,"[8494, 8189, 8462, 8350]"
77.747551,"[0.296875, 1.218750, -0.757812]","[0.570133, 1.579409, -1.278010]","[0.199999, 0.779999, -0.620487]","[0.257691, 0.771216, -0.799993]","[-0.002686, 0.022461, 0.292969]","[0.011414, 0.000336, 0.146057, 0.989197]","[0.017090, -0.004700, 0.088959, 0.995850]","[-0.026123, 0.049805, -0.096680]","[[0.957214, 0.288940, 0.002686], [-0.288940, 0.956970, 0.022583], [0.003906, -0.022461, 0.999634]]",0.957214,"[8458, 8205, 8457, 8304]"
77.780754,"[0.316406, 1.238281, -0.765625]","[0.579889, 1.608707, -1.308880]","[0.230000, 0.769999, -0.618959]","[0.241710, 0.728461, -0.780290]","[-0.002441, 0.020752, 0.289795]","[0.010498, 0.000214, 0.144531, 0.989441]","[0.017761, -0.002563, 0.088928, 0.995850]","[-0.000977, 0.004395, -0.064209]","[[0.958130, 0.285950, 0.002625], [-0.285950, 0.957947, 0.020813], [0.003357, -0.020691, 0.999695]]",0.95813,"[8467, 8180, 8438, 8344]"
77.813957,"[0.316406, 1.269531, -0.777344]","[0.589007, 1.636290, -1.338951]","[0.259998, 0.889997, -0.598202]","[0.225025, 0.683392, -0.759087]","[-0.001953, 0.020264, 0.286621]","[0.010284, 0.000519, 0.142944, 0.989655]","[0.011536, -0.001007, 0.088867, 0.995972]","[-0.042969, 0.037598, -0.131348]","[[0.958984, 0.282898, 0.001953], [-0.282898, 0.958801, 0.020447], [0.003906, -0.020203, 0.999634]]",0.958984,"[8450, 8155, 8433, 8348]"
77.84716,"[0.316406, 1.296875, -0.789062]","[0.593319, 1.649410, -1.353668]","[0.219999, 0.779999, -0.601942]","[0.216433, 0.660021, -0.747942]","[-0.000732, 0.018555, 0.283691]","[0.009338, 0.000885, 0.141418, 0.989899]","[0.016327, -0.003540, 0.088928, 0.995880]","[-0.047119, 0.135498, -0.091553]","[[0.959900, 0.279968, 0.000916], [-0.279968, 0.959778, 0.018677], [0.004333, -0.018188, 0.999756]]",0.9599,"[8435, 8182, 8416, 8305]"
77.880363,"[0.339844, 1.316406, -0.796875]","[0.601432, 1.674259, -1.382439]","[0.230000, 0.799999, -0.576929]","[0.198776, 0.611661, -0.724597]","[0.000000, 0.015869, 0.280518]","[0.007904, 0.001190, 0.139923, 0.990112]","[0.015228, -0.002075, 0.088898, 0.995911]","[-0.137939, -0.078857, -0.102051]","[[0.960754, 0.277039, -0.000122], [-0.277039, 0.960632, 0.015930], [0.004517, -0.015320, 0.999756]]",0.960754,"[8426, 8117, 8410, 8347]"
77.913567,"[0.347656, 1.347656, -0.804688]","[0.608841, 1.697170, -1.410260]","[0.279999, 0.899998, -0.537378]","[0.180542, 0.561259, -0.699914]","[0.000488, 0.016602, 0.277588]","[0.008240, 0.001434, 0.138458, 0.990326]","[0.009766, 0.000946, 0.088837, 0.995972]","[0.147949, 0.022705, -0.133545]","[[0.961609, 0.274231, -0.000549], [-0.274231, 0.961487, 0.016663], [0.005066, -0.015930, 0.999817]]",0.961609,"[8424, 8144, 8408, 8320]"
77.948723,"[0.347656, 1.378906, -0.816406]","[0.615528, 1.718078, -1.437097]","[0.240000, 0.809998, -0.476612]","[0.161769, 0.508892, -0.673940]","[0.000732, 0.013916, 0.274414]","[0.006897, 0.001373, 0.136841, 0.990570]","[0.012848, -0.001373, 0.088867, 0.995941]","[0.111816, 0.403076, -0.116455]","[[0.962463, 0.271057, -0.000854], [-0.271057, 0.962402, 0.013977], [0.004517, -0.013245, 0.999817]]",0.962463,"[8470, 8211, 8388, 8316]"
77.983887,"[0.359375, 1.406250, -0.824219]","[0.618595, 1.727755, -1.450129]","[0.259998, 0.929998, -0.491661]","[0.152197, 0.482008, -0.660491]","[0.002686, 0.010742, 0.271973]","[0.005249, 0.002136, 0.135620, 0.990753]","[0.006409, 0.000641, 0.088867, 0.996002]","[0.249512, -0.137939, -0.134033]","[[0.963135, 0.268677, -0.002808], [-0.268677, 0.963135, 0.010925], [0.005615, -0.009827, 0.999878]]",0.963135,"[8483, 8111, 8367, 8403]"
78.015129,"[0.367188, 1.437500, -0.832031]","[0.624162, 1.745517, -1.475396]","[0.230000, 0.819998, -0.502621]","[0.132710, 0.426899, -0.632705]","[0.002930, 0.010986, 0.269531]","[0.005280, 0.002289, 0.134430, 0.990906]","[0.010101, -0.000763, 0.088867, 0.995972]","[0.098389, 0.006592, -0.156982]","[[0.963745, 0.266357, -0.003113], [-0.266357, 0.963745, 0.011047], [0.005920, -0.009827, 0.999878]]",0.963745,"[8388, 8172, 8403, 8283]"
78.048332,"[0.378906, 1.468750, -0.839844]","[0.628959, 1.761091, -1.499555]","[0.240000, 0.819998, -0.501389]","[0.112813, 0.370104, -0.603795]","[0.003662, 0.006836, 0.267090]","[0.003174, 0.002289, 0.133270, 0.991089]","[0.008728, 0.000549, 0.088867, 0.996002]","[-0.204102, 0.000244, -0.033447]","[[0.964478, 0.264160, -0.003723], [-0.264160, 0.964478, 0.006836], [0.005310, -0.005737, 0.999939]]",0.964478,"[8433, 8119, 8345, 8336]"
78.081551,"[0.386719, 1.500000, -0.843750]","[0.631063, 1.768032, -1.511194]","[0.279999, 0.969997, -0.469540]","[0.102736, 0.341138, -0.588955]","[0.004395, 0.003418, 0.264893]","[0.001495, 0.002441, 0.132172, 0.991241]","[0.000214, 0.003754, 0.088867, 0.996033]","[-0.125244, -0.076660, -0.065918]","[[0.965088, 0.262024, -0.004456], [-0.262024, 0.965088, 0.003540], [0.005188, -0.002319, 1.000000]]",0.965088,"[8438, 8097, 8303, 8338]"
78.114738,"[0.398438, 1.527344, -0.851562]","[0.634678, 1.780208, -1.533608]","[0.249998, 0.819998, -0.454746]","[0.082322, 0.282039, -0.558493]","[0.005127, 0.001709, 0.262939]","[0.000671, 0.002655, 0.131226, 0.991364]","[0.005829, 0.002289, 0.088837, 0.996002]","[-0.045410, 0.228516, -0.065430]","[[0.965576, 0.260132, -0.005127], [-0.260132, 0.965576, 0.001953], [0.005371, -0.000610, 1.000000]]",0.965576,"[8392, 8166, 8326, 8213]"
78.147942,"[0.398438, 1.558594, -0.859375]","[0.637490, 1.790048, -1.554814]","[0.249998, 0.839998, -0.433832]","[0.061626, 0.221539, -0.527079]","[0.006348, -0.002441, 0.261230]","[-0.001678, 0.002960, 0.130310, 0.991486]","[0.003021, 0.002533, 0.088837, 0.996033]","[-0.112549, -0.127686, -0.074463]","[[0.966064, 0.258301, -0.006348], [-0.258423, 0.966064, -0.002625], [0.005371, 0.004089, 1.000000]]",0.966064,"[8418, 8079, 8277, 8330]"
78.183098,"[0.406250, 1.589844, -0.863281]","[0.639490, 1.797499, -1.574775]","[0.279999, 0.979998, -0.417715]","[0.040699, 0.159754, -0.494781]","[0.008545, -0.003906, 0.259033]","[-0.002563, 0.004028, 0.129242, 0.991608]","[-0.005615, 0.005402, 0.088898, 0.996002]","[-0.193848, -0.021240, -0.078125]","[[0.966553, 0.256226, -0.008606], [-0.256348, 0.966553, -0.004089], [0.007263, 0.006165, 0.999939]]",0.966553,"[8345, 8098, 8340, 8311]"
78.216301,"[0.429688, 1.617188, -0.867188]","[0.640182, 1.800314, -1.584278]","[0.249998, 0.829998, -0.391048]","[0.030164, 0.128416, -0.478323]","[0.011230, -0.007080, 0.257080]","[-0.004303, 0.005096, 0.128326, 0.991730]","[-0.000366, 0.005157, 0.088867, 0.996002]","[-0.112549, 0.249756, -0.078613]","[[0.967041, 0.254456, -0.011230], [-0.254578, 0.967041, -0.007263], [0.008911, 0.009827, 0.999939]]",0.967041,"[8350, 8085, 8319, 8252]"
78.249504,"[0.429688, 1.648438, -0.875000]","[0.640947, 1.804093, -1.602311]","[0.279999, 0.959999, -0.378933]","[0.008987, 0.064925, -0.444833]","[0.012207, -0.011719, 0.255127]","[-0.006653, 0.005402, 0.127380, 0.991821]","[-0.008850, 0.007629, 0.088928, 0.995941]","[-0.202393, -0.077148, 0.014160]","[[0.967468, 0.252502, -0.012390], [-0.252747, 0.967407, -0.011902], [0.008972, 0.014587, 0.999817]]",0.967468,"[8401, 8058, 8304, 8322]"
78.28466,"[0.437500, 1.687500, -0.878906]","[0.640882, 1.805373, -1.619021]","[0.249998, 0.839998, -0.357342]","[-0.012292, 0.000446, -0.410638]","[0.015137, -0.015625, 0.253662]","[-0.008789, 0.006561, 0.126587, 0.991913]","[-0.027710, 0.010559, 0.089172, 0.995544]","[-0.153564, 0.233887, -0.007812]","[[0.967896, 0.250977, -0.015259], [-0.251221, 0.967834, -0.015808], [0.010742, 0.019104, 0.999817]]",0.967896,"[8355, 8108, 8299, 8268]"
78.351067,"[0.457031, 1.738281, -0.882812]","[0.639225, 1.802528, -1.641552]","[0.289999, 0.939999, -0.291618]","[-0.044288, -0.097859, -0.358183]","[0.021973, -0.033936, 0.249512]","[-0.018219, 0.008881, 0.124664, 0.991974]","[-0.036133, 0.015106, 0.089417, 0.995209]","[-0.402100, 0.276855, 0.018555]","[[0.968628, 0.246948, -0.022156], [-0.247681, 0.968140, -0.033997], [0.013000, 0.038391, 0.999084]]",0.968628,"[8407, 8012, 8249, 8347]"
78.38427,"[0.468750, 1.769531, -0.886719]","[0.637079, 1.797410, -1.654849]","[0.249998, 0.819998, -0.255472]","[-0.065594, -0.164276, -0.322546]","[0.025879, -0.041504, 0.247559]","[-0.022156, 0.010345, 0.123810, 0.992004]","[-0.032928, 0.013855, 0.089325, 0.995331]","[-0.309814, 0.084229, -0.103760]","[[0.969116, 0.245117, -0.026001], [-0.246094, 0.968323, -0.041504], [0.015015, 0.046509, 0.998779]]",0.969116,"[8340, 8059, 8266, 8298]"
78.417473,"[0.476562, 1.796875, -0.890625]","[0.634101, 1.789685, -1.666747]","[0.279999, 0.939999, -0.256664]","[-0.086826, -0.231267, -0.286453]","[0.030273, -0.049805, 0.245850]","[-0.026550, 0.012024, 0.123016, 0.992004]","[-0.041107, 0.016907, 0.089569, 0.994965]","[-0.209473, 0.281738, 0.033447]","[[0.969543, 0.243347, -0.030396], [-0.244690, 0.968384, -0.049805], [0.017212, 0.055664, 0.998352]]",0.969543,"[8379, 8022, 8255, 8360]"
78.450684,"[0.476562, 1.828125, -0.894531]","[0.632302, 1.784841, -1.672162]","[0.259998, 0.789999, -0.234903]","[-0.097390, -0.264914, -0.268272]","[0.034424, -0.056152, 0.243896]","[-0.030029, 0.013672, 0.122223, 0.991974]","[-0.036987, 0.016296, 0.089478, 0.995148]","[-0.325928, 0.050293, -0.060059]","[[0.969788, 0.241577, -0.034485], [-0.243286, 0.968384, -0.056335], [0.019714, 0.062927, 0.997864]]",0.969788,"[8307, 8059, 8308, 8327]"
78.485832,"[0.500000, 1.847656, -0.890625]","[0.628087, 1.773174, -1.681927]","[0.249998, 0.779999, -0.182510]","[-0.118402, -0.332499, -0.231654]","[0.038574, -0.065186, 0.242432]","[-0.034698, 0.015228, 0.121582, 0.991852]","[-0.038666, 0.017914, 0.089569, 0.995056]","[-0.526611, 0.166748, -0.037598]","[[0.969910, 0.240051, -0.038635], [-0.242249, 0.967957, -0.065186], [0.021667, 0.072510, 0.997070]]",0.96991,"[8395, 7988, 8249, 8391]"
78.519035,"[0.507812, 1.878906, -0.890625]","[0.623055, 1.758862, -1.690257]","[0.299999, 0.859999, -0.186186]","[-0.139208, -0.400336, -0.194774]","[0.041016, -0.069092, 0.241211]","[-0.036774, 0.016235, 0.121063, 0.991852]","[-0.045532, 0.021881, 0.089874, 0.994659]","[0.078369, 0.159424, -0.006836]","[[0.970215, 0.238892, -0.041077], [-0.241333, 0.968018, -0.069092], [0.023254, 0.076904, 0.996826]]",0.970215,"[8359, 8048, 8275, 8335]"
78.552238,"[0.519531, 1.906250, -0.890625]","[0.620235, 1.750711, -1.693880]","[0.249998, 0.729998, -0.177732]","[-0.149518, -0.434309, -0.176259]","[0.044922, -0.072266, 0.240234]","[-0.038544, 0.018036, 0.120575, 0.991791]","[-0.042847, 0.020508, 0.089752, 0.994812]","[-0.089111, 0.299316, 0.022705]","[[0.970215, 0.237732, -0.045105], [-0.240540, 0.967896, -0.072144], [0.026428, 0.080811, 0.996338]]",0.970215,"[8315, 8093, 8305, 8244]"
78.585457,"[0.527344, 1.929688, -0.890625]","[0.613995, 1.732418, -1.700041]","[0.279999, 0.819998, -0.142040]","[-0.169921, -0.502287, -0.139127]","[0.049561, -0.076904, 0.239014]","[-0.041138, 0.020111, 0.120117, 0.991699]","[-0.050018, 0.023743, 0.090057, 0.994385]","[-0.114746, 0.020264, -0.093018]","[[0.970276, 0.236511, -0.049744], [-0.239929, 0.967712, -0.076782], [0.029968, 0.086426, 0.995728]]",0.970276,"[8302, 8025, 8327, 8348]"
78.620598,"[0.527344, 1.957031, -0.890625]","[0.606963, 1.711466, -1.704749]","[0.230000, 0.689999, -0.113663]","[-0.189996, -0.570219, -0.101913]","[0.054932, -0.081055, 0.238037]","[-0.043549, 0.022461, 0.119843, 0.991577]","[-0.047729, 0.021942, 0.089935, 0.994537]","[-0.198242, 0.192139, 0.012207]","[[0.970215, 0.235596, -0.054993], [-0.239624, 0.967407, -0.080994], [0.033997, 0.091736, 0.995117]]",0.970215,"[8269, 8057, 8339, 8314]"
78.655754,"[0.546875, 1.976562, -0.886719]","[0.599157, 1.687873, -1.708003]","[0.240000, 0.679998, -0.085760]","[-0.209685, -0.637940, -0.064714]","[0.058838, -0.086426, 0.238037]","[-0.046356, 0.024109, 0.119873, 0.991394]","[-0.050323, 0.024506, 0.090088, 0.994354]","[-0.066162, 0.220947, 0.036621]","[[0.969971, 0.235413, -0.058960], [-0.239929, 0.966858, -0.086182], [0.036621, 0.097656, 0.994385]]",0.969971,"[8328, 7999, 8308, 8346]"
78.687004,"[0.546875, 2.000000, -0.886719]","[0.594965, 1.675079, -1.709086]","[0.269999, 0.739998, -0.060888]","[-0.219378, -0.671712, -0.046126]","[0.062012, -0.089111, 0.238281]","[-0.047882, 0.025482, 0.120087, 0.991272]","[-0.056519, 0.027435, 0.090424, 0.993896]","[-0.308350, 0.254883, 0.032227]","[[0.969788, 0.235596, -0.062012], [-0.240479, 0.966492, -0.088867], [0.038940, 0.101074, 0.994019]]",0.969788,"[8323, 8062, 8342, 8291]"
78.720207,"[0.558594, 2.019531, -0.882812]","[0.586024, 1.647531, -1.710163]","[0.230000, 0.619999, -0.023554]","[-0.238409, -0.738926, -0.009065]","[0.064697, -0.091553, 0.238770]","[-0.049347, 0.026672, 0.120483, 0.991119]","[-0.054382, 0.026855, 0.090332, 0.994049]","[0.075195, -0.128418, 0.043945]","[[0.969421, 0.236084, -0.064758], [-0.241455, 0.966003, -0.091431], [0.040955, 0.104248, 0.993591]]",0.969421,"[8306, 8103, 8369, 8258]"
78.755363,"[0.566406, 2.046875, -0.878906]","[0.576347, 1.617361, -1.709796]","[0.259998, 0.679998, 0.008144]","[-0.256948, -0.805661, 0.027819]","[0.068848, -0.096436, 0.239746]","[-0.051941, 0.028442, 0.121155, 0.990875]","[-0.061279, 0.030334, 0.090729, 0.993500]","[-0.189697, -0.061035, 0.104736]","[[0.968994, 0.237061, -0.068970], [-0.243042, 0.965210, -0.096130], [0.043701, 0.109802, 0.992920]]",0.968994,"[8342, 8042, 8366, 8298]"
78.788567,"[0.566406, 2.066406, -0.878906]","[0.565953, 1.584583, -1.707992]","[0.219999, 0.569998, 0.019846]","[-0.274951, -0.871811, 0.064461]","[0.072021, -0.099854, 0.240967]","[-0.053894, 0.029755, 0.121887, 0.990631]","[-0.060150, 0.029358, 0.090637, 0.993622]","[-0.081055, 0.174561, 0.009766]","[[0.968445, 0.238220, -0.072083], [-0.244690, 0.964417, -0.099609], [0.045715, 0.114014, 0.992310]]",0.968445,"[8366, 8072, 8363, 8266]"
78.821777,"[0.589844, 2.089844, -0.871094]","[0.560501, 1.567249, -1.706556]","[0.240000, 0.609999, 0.047544]","[-0.283725, -0.904580, 0.082641]","[0.074463, -0.102539, 0.243164]","[-0.055359, 0.030670, 0.123047, 0.990387]","[-0.065887, 0.033203, 0.091064, 0.993103]","[-0.044922, 0.088867, 0.108887]","[[0.967834, 0.240295, -0.074402], [-0.247131, 0.963562, -0.102173], [0.047058, 0.117188, 0.992004]]",0.967834,"[8360, 8104, 8390, 8252]"
