t,p,p_d,v,v_d,Angles,q,q_sp,w,R,T_sp,rpm
37.315056,"[-0.296875, 0.398438, -0.843750]","[-0.000000, 0.000000, -0.000000]","[0.009998, 0.009998, -0.047892]","[-0.000001, 0.000003, -0.000001]","[0.021484, -0.020752, 0.115967]","[-0.011047, 0.010101, 0.058167, 0.998199]","[-0.001282, 0.000793, 0.054657, 0.998474]","[0.217041, -0.255371, 0.177246]","[[0.992981, 0.115845, -0.021484], [-0.116333, 0.992981, -0.020935], [0.018799, 0.023254, 0.999512]]",0.992981,"[7778, 7688, 7699, 7623]"
37.326771,"[-0.296875, 0.398438, -0.843750]","[-0.000000, 0.000000, -0.000000]","[0.019999, 0.000000, -0.025309]","[-0.000001, 0.000003, -0.000001]","[0.016602, -0.016846, 0.117920]","[-0.008942, 0.007782, 0.059052, 0.998199]","[-0.000763, 0.001251, 0.054657, 0.998474]","[0.476807, -0.616699, 0.092529]","[[0.992920, 0.117676, -0.016602], [-0.118042, 0.992859, -0.016968], [0.014404, 0.018799, 0.999756]]",0.99292,"[7763, 7759, 7688, 7512]"
37.387329,"[-0.289062, 0.398438, -0.839844]","[-0.000001, 0.000002, -0.000001]","[0.029999, 0.000000, 0.062462]","[-0.000039, 0.000092, -0.000031]","[0.000000, -0.004150, 0.125977]","[-0.002136, -0.000214, 0.063049, 0.998016]","[-0.000610, 0.002106, 0.054657, 0.998474]","[0.178223, -0.205322, 0.151611]","[[0.992065, 0.125793, 0.000122], [-0.125793, 0.992065, -0.004333], [-0.000732, 0.004211, 1.000000]]",0.992065,"[7873, 7995, 7739, 7438]"
37.420525,"[-0.289062, 0.398438, -0.839844]","[-0.000004, 0.000010, -0.000003]","[0.039999, 0.000000, 0.129770]","[-0.000142, 0.000340, -0.000114]","[-0.004883, 0.000000, 0.130859]","[0.000122, -0.002441, 0.065491, 0.997864]","[-0.000580, 0.002716, 0.054657, 0.998474]","[-0.006836, -0.220703, 0.163818]","[[0.991455, 0.130615, 0.004883], [-0.130737, 0.991455, -0.000183], [-0.004883, -0.000549, 1.000000]]",0.991455,"[7933, 7997, 7831, 7541]"
37.455681,"[-0.289062, 0.398438, -0.832031]","[-0.000014, 0.000032, -0.000011]","[0.039999, 0.019999, 0.156363]","[-0.000373, 0.000892, -0.000299]","[-0.008301, 0.002441, 0.136230]","[0.001556, -0.004089, 0.068146, 0.997650]","[-0.001556, 0.002747, 0.054657, 0.998474]","[0.250000, -0.277100, 0.089355]","[[0.990601, 0.135864, 0.008362], [-0.135986, 0.990601, 0.002441], [-0.007996, -0.003662, 0.999878]]",0.990601,"[7997, 7955, 7888, 7669]"
37.48888,"[-0.289062, 0.398438, -0.828125]","[-0.000023, 0.000054, -0.000018]","[0.039999, 0.029999, 0.221218]","[-0.000557, 0.001332, -0.000446]","[-0.011230, 0.005615, 0.140625]","[0.003296, -0.005493, 0.070312, 0.997498]","[-0.002045, 0.002777, 0.054657, 0.998474]","[0.017090, -0.030273, 0.136230]","[[0.989990, 0.140198, 0.011414], [-0.140320, 0.989990, 0.005737], [-0.010559, -0.007324, 0.999878]]",0.98999,"[7970, 7990, 7944, 7625]"
37.55529,"[-0.289062, 0.398438, -0.820312]","[-0.000113, 0.000270, -0.000091]","[0.059999, 0.039999, 0.227921]","[-0.001965, 0.004704, -0.001576]","[-0.015625, 0.009033, 0.150146]","[0.005188, -0.007477, 0.075134, 0.997131]","[-0.002350, 0.003906, 0.054657, 0.998474]","[0.445312, -0.314453, 0.181885]","[[0.988525, 0.149658, 0.015686], [-0.149902, 0.988586, 0.009155], [-0.014221, -0.011475, 0.999756]]",0.988525,"[8071, 8035, 7989, 7749]"
37.559196,"[-0.289062, 0.398438, -0.816406]","[-0.000113, 0.000270, -0.000091]","[0.070000, 0.049999, 0.232025]","[-0.001965, 0.004704, -0.001576]","[-0.015381, 0.009521, 0.150635]","[0.005402, -0.007355, 0.075439, 0.997131]","[-0.002808, 0.004303, 0.054657, 0.998474]","[-0.059326, 0.028564, 0.129883]","[[0.988525, 0.150269, 0.015503], [-0.150513, 0.988586, 0.009583], [-0.013916, -0.011902, 0.999878]]",0.988525,"[8049, 8017, 8018, 7748]"
37.596306,"[-0.277344, 0.398438, -0.808594]","[-0.000213, 0.000509, -0.000171]","[0.080000, 0.059999, 0.221603]","[-0.003212, 0.007687, -0.002577]","[-0.018066, 0.011963, 0.156494]","[0.006744, -0.008514, 0.078278, 0.996887]","[-0.003204, 0.005676, 0.054657, 0.998474]","[-0.122803, 0.197266, 0.147949]","[[0.987610, 0.155945, 0.018066], [-0.156189, 0.987671, 0.012085], [-0.015991, -0.014771, 0.999756]]",0.98761,"[8070, 8084, 8032, 7659]"
37.656849,"[-0.269531, 0.406250, -0.792969]","[-0.000476, 0.001140, -0.000382]","[0.109999, 0.099998, 0.148262]","[-0.005983, 0.014325, -0.004804]","[-0.018555, 0.014160, 0.163818]","[0.007935, -0.008728, 0.082001, 0.996552]","[-0.005554, 0.007751, 0.054688, 0.998444]","[0.288818, -0.488525, 0.150146]","[[0.986328, 0.163208, 0.018738], [-0.163574, 0.986328, 0.014343], [-0.016174, -0.017273, 0.999634]]",0.986328,"[8031, 8040, 8049, 7683]"
37.690071,"[-0.269531, 0.406250, -0.789062]","[-0.000758, 0.001815, -0.000608]","[0.109999, 0.089998, 0.142860]","[-0.008545, 0.020460, -0.006863]","[-0.018066, 0.015869, 0.168213]","[0.008759, -0.008301, 0.084229, 0.996368]","[-0.005066, 0.007843, 0.054688, 0.998444]","[0.276123, -0.005371, 0.212402]","[[0.985596, 0.167603, 0.018066], [-0.167969, 0.985596, 0.015991], [-0.015137, -0.018799, 0.999634]]",0.985596,"[8069, 8062, 8071, 7657]"
37.723259,"[-0.257812, 0.406250, -0.777344]","[-0.000940, 0.002249, -0.000754]","[0.139999, 0.129999, 0.128780]","[-0.010067, 0.024107, -0.008087]","[-0.016113, 0.012939, 0.172119]","[0.007202, -0.007477, 0.086090, 0.996246]","[-0.006744, 0.010254, 0.054718, 0.998413]","[-0.236084, 0.190674, 0.125000]","[[0.985046, 0.171387, 0.016174], [-0.171631, 0.985046, 0.013000], [-0.013733, -0.015686, 0.999756]]",0.985046,"[8066, 8042, 8074, 7707]"
37.756458,"[-0.269531, 0.417969, -0.773438]","[-0.001400, 0.003352, -0.001124]","[0.119999, 0.109999, 0.116083]","[-0.013637, 0.032659, -0.010960]","[-0.015137, 0.011230, 0.175781]","[0.006287, -0.007080, 0.087952, 0.996094]","[-0.006592, 0.008667, 0.054688, 0.998413]","[-0.090332, -0.105469, 0.200684]","[[0.984436, 0.175049, 0.015259], [-0.175293, 0.984436, 0.011230], [-0.013062, -0.013794, 0.999817]]",0.984436,"[8089, 8015, 8068, 7755]"
37.78968,"[-0.250000, 0.429688, -0.761719]","[-0.002015, 0.004824, -0.001618]","[0.129999, 0.139999, 0.148300]","[-0.017954, 0.043006, -0.014437]","[-0.013428, 0.010254, 0.179688]","[0.005768, -0.006317, 0.089783, 0.995941]","[-0.008453, 0.010590, 0.054718, 0.998383]","[-0.015381, -0.033936, 0.179443]","[[0.983826, 0.178711, 0.013611], [-0.178955, 0.983826, 0.010315], [-0.011658, -0.012634, 0.999878]]",0.983826,"[8111, 8021, 8089, 7765]"
37.822868,"[-0.250000, 0.429688, -0.750000]","[-0.002813, 0.006737, -0.002261]","[0.169998, 0.150000, 0.196598]","[-0.023075, 0.055281, -0.018565]","[-0.012451, 0.011719, 0.182617]","[0.006470, -0.005676, 0.091339, 0.995789]","[-0.008820, 0.012695, 0.054749, 0.998352]","[0.187744, -0.010010, 0.097900]","[[0.983215, 0.181763, 0.012512], [-0.182007, 0.983215, 0.011841], [-0.010193, -0.013916, 0.999817]]",0.983215,"[8108, 8066, 8095, 7726]"
37.858028,"[-0.238281, 0.437500, -0.742188]","[-0.003292, 0.007883, -0.002646]","[0.160000, 0.150000, 0.222734]","[-0.025950, 0.062171, -0.020882]","[-0.009277, 0.009277, 0.186523]","[0.005066, -0.004181, 0.093201, 0.995636]","[-0.009186, 0.012970, 0.054749, 0.998352]","[0.015381, -0.149414, 0.075684]","[[0.982544, 0.185486, 0.009277], [-0.185608, 0.982544, 0.009277], [-0.007446, -0.010864, 0.999878]]",0.982544,"[8160, 8086, 8155, 7785]"
37.938107,"[-0.238281, 0.449219, -0.734375]","[-0.005831, 0.013968, -0.004690]","[0.189999, 0.209999, 0.214291]","[-0.039652, 0.095031, -0.031944]","[-0.004150, 0.009277, 0.195312]","[0.004883, -0.001617, 0.097595, 0.995209]","[-0.012482, 0.015106, 0.054810, 0.998291]","[0.016602, 0.190674, 0.119629]","[[0.980835, 0.194153, 0.004150], [-0.194275, 0.980835, 0.009338], [-0.002319, -0.010071, 0.999878]]",0.980835,"[8217, 8087, 8220, 7819]"
37.973259,"[-0.218750, 0.457031, -0.703125]","[-0.007537, 0.018058, -0.006065]","[0.189999, 0.179998, 0.319530]","[-0.047864, 0.114731, -0.038583]","[-0.002686, 0.008545, 0.198975]","[0.004456, -0.000916, 0.099365, 0.995026]","[-0.010925, 0.016479, 0.054810, 0.998291]","[-0.108398, 0.221191, 0.139160]","[[0.980103, 0.197632, 0.002686], [-0.197754, 0.980103, 0.008667], [-0.000977, -0.009033, 0.999817]]",0.980103,"[8229, 8161, 8266, 7815]"
37.99279,"[-0.218750, 0.457031, -0.695312]","[-0.008515, 0.020402, -0.006854]","[0.230000, 0.230000, 0.353313]","[-0.052314, 0.125409, -0.042183]","[-0.001465, 0.006592, 0.200439]","[0.003448, -0.000458, 0.100098, 0.994965]","[-0.013153, 0.018555, 0.054871, 0.998230]","[-0.019287, -0.039307, 0.094971]","[[0.979858, 0.199097, 0.001587], [-0.199219, 0.979858, 0.006714], [-0.000244, -0.006958, 0.999878]]",0.979858,"[8307, 8134, 8240, 7884]"
38.025993,"[-0.207031, 0.468750, -0.679688]","[-0.010743, 0.025743, -0.008651]","[0.199999, 0.199999, 0.380154]","[-0.061907, 0.148434, -0.049951]","[0.001709, 0.004883, 0.203857]","[0.002380, 0.001129, 0.101807, 0.994812]","[-0.012085, 0.018005, 0.054840, 0.998230]","[-0.094971, 0.133301, 0.161621]","[[0.979248, 0.202515, -0.001770], [-0.202515, 0.979248, 0.004883], [0.002625, -0.004517, 0.999939]]",0.979248,"[8310, 8164, 8306, 7928]"
38.059196,"[-0.207031, 0.476562, -0.667969]","[-0.013364, 0.032027, -0.010766]","[0.240000, 0.249998, 0.404480]","[-0.072415, 0.173660, -0.058468]","[0.003906, 0.004395, 0.206299]","[0.002014, 0.002228, 0.103027, 0.994659]","[-0.014648, 0.020355, 0.054901, 0.998169]","[0.291016, 0.284912, 0.100830]","[[0.978638, 0.204895, -0.004028], [-0.204895, 0.978638, 0.004395], [0.004761, -0.003540, 0.999817]]",0.978638,"[8361, 8185, 8335, 7971]"
38.094349,"[-0.187500, 0.488281, -0.652344]","[-0.014832, 0.035548, -0.011952]","[0.209999, 0.249998, 0.410454]","[-0.078005, 0.187085, -0.063004]","[0.007080, 0.004639, 0.209473]","[0.001984, 0.003815, 0.104614, 0.994507]","[-0.014740, 0.020477, 0.054932, 0.998169]","[0.087891, -0.138428, 0.002686]","[[0.978027, 0.208069, -0.007202], [-0.208069, 0.978027, 0.004700], [0.007935, -0.003113, 0.999878]]",0.978027,"[8335, 8249, 8423, 7944]"
38.127552,"[-0.187500, 0.500000, -0.640625]","[-0.018108, 0.043407, -0.014599]","[0.219999, 0.209999, 0.441408]","[-0.089850, 0.215536, -0.072623]","[0.009766, 0.002197, 0.211426]","[0.000671, 0.004974, 0.105621, 0.994385]","[-0.012970, 0.021484, 0.054901, 0.998169]","[-0.183350, 0.104492, 0.029053]","[[0.977600, 0.210022, -0.009766], [-0.210022, 0.977600, 0.002319], [0.010010, -0.000244, 0.999878]]",0.9776,"[8399, 8258, 8394, 8016]"
38.18615,"[-0.179688, 0.507812, -0.625000]","[-0.023930, 0.057374, -0.019307]","[0.259998, 0.279999, 0.423130]","[-0.109194, 0.262023, -0.088361]","[0.014404, -0.000977, 0.214844]","[-0.001343, 0.007202, 0.107269, 0.994202]","[-0.015503, 0.024567, 0.054993, 0.998047]","[0.013184, 0.145996, 0.090820]","[[0.976868, 0.213196, -0.014587], [-0.213318, 0.976929, -0.001160], [0.013977, 0.004211, 0.999878]]",0.976868,"[8455, 8272, 8417, 8086]"
38.197872,"[-0.167969, 0.519531, -0.613281]","[-0.026129, 0.062653, -0.021087]","[0.219999, 0.240000, 0.472042]","[-0.116045, 0.278492, -0.093943]","[0.014893, -0.001465, 0.215576]","[-0.001587, 0.007324, 0.107635, 0.994141]","[-0.014099, 0.023376, 0.054932, 0.998108]","[0.014404, -0.008057, 0.072021]","[[0.976624, 0.213928, -0.014893], [-0.214050, 0.976685, -0.001648], [0.014160, 0.004700, 0.999756]]",0.976624,"[8465, 8289, 8417, 8074]"
38.229115,"[-0.156250, 0.527344, -0.601562]","[-0.028464, 0.068257, -0.022978]","[0.269999, 0.289999, 0.451773]","[-0.123085, 0.295418, -0.099682]","[0.016846, -0.000488, 0.217041]","[-0.001190, 0.008423, 0.108368, 0.994080]","[-0.016083, 0.027161, 0.055023, 0.997955]","[-0.064209, 0.048828, 0.072754]","[[0.976379, 0.215332, -0.017029], [-0.215454, 0.976501, -0.000610], [0.016418, 0.004150, 0.999817]]",0.976379,"[8468, 8362, 8473, 8070]"
38.262321,"[-0.148438, 0.527344, -0.593750]","[-0.033555, 0.080477, -0.027102]","[0.230000, 0.259998, 0.459307]","[-0.137701, 0.330574, -0.111616]","[0.018555, -0.002930, 0.218262]","[-0.002533, 0.009094, 0.109009, 0.993988]","[-0.014191, 0.026062, 0.054962, 0.998016]","[0.054688, 0.088623, -0.005859]","[[0.976013, 0.216614, -0.018677], [-0.216736, 0.976135, -0.003113], [0.017456, 0.007019, 0.999756]]",0.976013,"[8520, 8359, 8449, 8106]"
38.29554,"[-0.148438, 0.539062, -0.574219]","[-0.039231, 0.094103, -0.031705]","[0.240000, 0.259998, 0.468273]","[-0.152985, 0.367353, -0.124117]","[0.020996, -0.004395, 0.219238]","[-0.003357, 0.010193, 0.109497, 0.993927]","[-0.014008, 0.027039, 0.054962, 0.998016]","[0.001465, -0.049561, 0.104004]","[[0.975769, 0.217529, -0.020996], [-0.217773, 0.975952, -0.004517], [0.019409, 0.008911, 0.999695]]",0.975769,"[8514, 8362, 8502, 8155]"
38.438107,"[-0.109375, 0.578125, -0.542969]","[-0.064026, 0.153669, -0.051858]","[0.230000, 0.269999, 0.421242]","[-0.210653, 0.506279, -0.171516]","[0.028076, -0.004883, 0.219238]","[-0.003937, 0.013702, 0.109497, 0.993866]","[-0.011444, 0.031799, 0.054932, 0.997894]","[0.068115, -0.114990, -0.081299]","[[0.975525, 0.217468, -0.028137], [-0.217712, 0.975891, -0.004883], [0.026306, 0.010864, 0.999451]]",0.975525,"[8586, 8421, 8469, 8205]"
38.46349,"[-0.097656, 0.597656, -0.535156]","[-0.068225, 0.163762, -0.055278]","[0.230000, 0.289999, 0.415592]","[-0.219284, 0.527095, -0.178645]","[0.029297, -0.004639, 0.218750]","[-0.003937, 0.014343, 0.109253, 0.993896]","[-0.012695, 0.033081, 0.054993, 0.997833]","[-0.014893, 0.158936, 0.029053]","[[0.975647, 0.217041, -0.029419], [-0.217285, 0.976013, -0.004761], [0.027588, 0.010986, 0.999512]]",0.975647,"[8597, 8456, 8495, 8182]"
38.496696,"[-0.097656, 0.609375, -0.527344]","[-0.077129, 0.185168, -0.062536]","[0.259998, 0.309999, 0.415789]","[-0.236719, 0.569169, -0.193078]","[0.031006, -0.004639, 0.217529]","[-0.004028, 0.015137, 0.108704, 0.993958]","[-0.012695, 0.035400, 0.054993, 0.997772]","[0.067139, 0.026855, -0.141113]","[[0.975891, 0.215942, -0.031006], [-0.216187, 0.976318, -0.004822], [0.029175, 0.011292, 0.999512]]",0.975891,"[8615, 8483, 8502, 8201]"
38.5299,"[-0.089844, 0.617188, -0.519531]","[-0.086719, 0.208230, -0.070363]","[0.219999, 0.289999, 0.376616]","[-0.254320, 0.611670, -0.207694]","[0.033203, -0.006592, 0.216553]","[-0.005157, 0.016205, 0.108215, 0.993988]","[-0.010895, 0.034821, 0.054932, 0.997803]","[-0.066406, 0.032715, 0.002197]","[[0.976013, 0.214905, -0.033325], [-0.215271, 0.976501, -0.006775], [0.031006, 0.013733, 0.999390]]",0.976013,"[8630, 8503, 8513, 8241]"
38.56506,"[-0.066406, 0.628906, -0.507812]","[-0.097001, 0.232962, -0.078765]","[0.249998, 0.329998, 0.402643]","[-0.271989, 0.654367, -0.222418]","[0.035645, -0.006836, 0.214844]","[-0.005310, 0.017365, 0.107361, 0.994049]","[-0.011536, 0.038635, 0.054962, 0.997650]","[-0.081787, 0.048828, -0.068604]","[[0.976257, 0.213196, -0.035645], [-0.213684, 0.976807, -0.006836], [0.033325, 0.014282, 0.999268]]",0.976257,"[8637, 8506, 8529, 8271]"
38.684193,"[-0.066406, 0.636719, -0.492188]","[-0.131962, 0.317116, -0.107419]","[0.209999, 0.289999, 0.300501]","[-0.324384, 0.781205, -0.266448]","[0.044189, -0.005859, 0.207275]","[-0.005219, 0.021667, 0.103546, 0.994385]","[-0.003418, 0.039886, 0.054657, 0.997681]","[0.048340, 0.068359, -0.061768]","[[0.977600, 0.205627, -0.044189], [-0.206116, 0.978516, -0.005981], [0.041992, 0.014893, 0.999023]]",0.9776,"[8670, 8493, 8494, 8334]"
38.688107,"[-0.058594, 0.656250, -0.492188]","[-0.131962, 0.317116, -0.107419]","[0.230000, 0.309999, 0.288383]","[-0.324384, 0.781205, -0.266448]","[0.044189, -0.005859, 0.207031]","[-0.005157, 0.021698, 0.103485, 0.994385]","[-0.005280, 0.041473, 0.054718, 0.997620]","[0.056396, 0.047119, 0.000488]","[[0.977600, 0.205505, -0.044250], [-0.205994, 0.978516, -0.005859], [0.042053, 0.014771, 0.998962]]",0.9776,"[8678, 8483, 8504, 8344]"
38.697872,"[-0.046875, 0.667969, -0.488281]","[-0.131962, 0.317116, -0.107419]","[0.189999, 0.299999, 0.290140]","[-0.324384, 0.781205, -0.266448]","[0.044678, -0.004395, 0.206543]","[-0.004547, 0.022034, 0.103241, 0.994415]","[-0.005096, 0.040710, 0.054718, 0.997650]","[0.125977, 0.051270, -0.082031]","[[0.977722, 0.205078, -0.044739], [-0.205566, 0.978638, -0.004578], [0.042786, 0.013611, 0.999023]]",0.977722,"[8633, 8502, 8521, 8324]"
38.834599,"[-0.046875, 0.679688, -0.472656]","[-0.180286, 0.433573, -0.147237]","[0.209999, 0.349998, 0.227430]","[-0.381557, 0.920128, -0.315391]","[0.050781, 0.003418, 0.199463]","[-0.000732, 0.025543, 0.099548, 0.994720]","[0.001404, 0.046112, 0.054413, 0.997437]","[0.240479, -0.063232, -0.055420]","[[0.978882, 0.197937, -0.050964], [-0.198059, 0.980164, 0.003601], [0.050598, 0.006531, 0.998657]]",0.978882,"[8645, 8539, 8529, 8323]"
38.836536,"[-0.027344, 0.707031, -0.480469]","[-0.180286, 0.433573, -0.147237]","[0.179998, 0.349998, 0.203590]","[-0.381557, 0.920128, -0.315391]","[0.051270, 0.003906, 0.199463]","[-0.000580, 0.025726, 0.099548, 0.994720]","[-0.000183, 0.045837, 0.054474, 0.997437]","[0.169678, 0.195557, -0.003174]","[[0.978882, 0.197937, -0.051270], [-0.198059, 0.980164, 0.003906], [0.051025, 0.006226, 0.998657]]",0.978882,"[8662, 8519, 8522, 8325]"
38.998653,"[-0.007812, 0.726562, -0.476562]","[-0.252985, 0.609066, -0.207635]","[0.160000, 0.369999, 0.091125]","[-0.442733, 1.069846, -0.369776]","[0.062988, 0.015625, 0.198730]","[0.004730, 0.032196, 0.098999, 0.994537]","[0.010498, 0.052216, 0.053864, 0.997101]","[0.123535, -0.055908, 0.082275]","[[0.978149, 0.197144, -0.063110], [-0.196655, 0.980164, 0.015747], [0.064941, -0.003052, 0.997742]]",0.978149,"[8670, 8495, 8512, 8306]"
39.000607,"[-0.007812, 0.738281, -0.476562]","[-0.252985, 0.609066, -0.207635]","[0.139999, 0.309999, 0.079481]","[-0.442733, 1.069846, -0.369776]","[0.063477, 0.016113, 0.198975]","[0.004913, 0.032379, 0.099060, 0.994537]","[0.012756, 0.051117, 0.053772, 0.997131]","[0.225586, 0.195557, 0.066162]","[[0.978149, 0.197327, -0.063477], [-0.196716, 0.980225, 0.016174], [0.065308, -0.003357, 0.997742]]",0.978149,"[8676, 8492, 8524, 8306]"
39.002567,"[0.000000, 0.769531, -0.480469]","[-0.252985, 0.609066, -0.207635]","[0.099998, 0.339998, 0.071789]","[-0.442733, 1.069846, -0.369776]","[0.063721, 0.016357, 0.198975]","[0.005096, 0.032562, 0.099060, 0.994537]","[0.009521, 0.049927, 0.053955, 0.997223]","[0.246826, 0.187500, -0.031982]","[[0.978149, 0.197327, -0.063782], [-0.196716, 0.980225, 0.016541], [0.065735, -0.003723, 0.997742]]",0.978149,"[8671, 8508, 8520, 8298]"
39.135372,"[0.000000, 0.777344, -0.476562]","[-0.316448, 0.762566, -0.260912]","[0.089998, 0.339998, 0.075203]","[-0.476718, 1.154191, -0.402383]","[0.073242, 0.029053, 0.202637]","[0.010864, 0.037964, 0.100586, 0.994141]","[0.020630, 0.054718, 0.053284, 0.996857]","[-0.286865, 0.426025, 0.056641]","[[0.976807, 0.200745, -0.073303], [-0.199158, 0.979492, 0.029175], [0.077576, -0.013916, 0.996826]]",0.976807,"[8615, 8462, 8543, 8233]"
39.137321,"[0.007812, 0.816406, -0.484375]","[-0.316448, 0.762566, -0.260912]","[0.049999, 0.369999, 0.057962]","[-0.476718, 1.154191, -0.402383]","[0.073730, 0.028809, 0.202637]","[0.010651, 0.038147, 0.100586, 0.994141]","[0.016785, 0.053467, 0.053528, 0.996979]","[-0.195801, 0.223877, 0.023193]","[[0.976807, 0.200745, -0.073669], [-0.199158, 0.979492, 0.028748], [0.077942, -0.013489, 0.996826]]",0.976807,"[8599, 8464, 8529, 8249]"
39.168571,"[0.007812, 0.828125, -0.492188]","[-0.325323, 0.784058, -0.268410]","[0.039999, 0.439999, -0.018147]","[-0.480192, 1.162934, -0.405975]","[0.074707, 0.032471, 0.203857]","[0.012390, 0.038879, 0.101105, 0.994019]","[0.015747, 0.054474, 0.053558, 0.996948]","[0.289307, -0.029785, 0.050293]","[[0.976440, 0.201904, -0.074768], [-0.200073, 0.979126, 0.032410], [0.079773, -0.016785, 0.996521]]",0.97644,"[8623, 8388, 8524, 8273]"
39.264278,"[0.007812, 0.839844, -0.500000]","[-0.372949, 0.899488, -0.308861]","[0.019999, 0.379999, -0.056530]","[-0.493793, 1.197800, -0.421461]","[0.078857, 0.038330, 0.209229]","[0.014954, 0.041290, 0.103638, 0.993652]","[0.026489, 0.057343, 0.052887, 0.996582]","[0.182373, 0.209717, 0.100342]","[[0.975098, 0.207153, -0.078979], [-0.204712, 0.978027, 0.038208], [0.085083, -0.021118, 0.996094]]",0.975098,"[8640, 8365, 8437, 8232]"
39.266228,"[0.007812, 0.859375, -0.503906]","[-0.372949, 0.899488, -0.308861]","[-0.009998, 0.459999, -0.076853]","[-0.493793, 1.197800, -0.421461]","[0.079102, 0.038574, 0.209229]","[0.015106, 0.041382, 0.103638, 0.993652]","[0.021545, 0.056122, 0.053192, 0.996765]","[0.164795, 0.088379, 0.039551]","[[0.975098, 0.207153, -0.079102], [-0.204712, 0.978088, 0.038513], [0.085327, -0.021423, 0.996094]]",0.975098,"[8616, 8362, 8451, 8230]"
39.270134,"[0.019531, 0.867188, -0.507812]","[-0.382612, 0.922935, -0.317118]","[-0.039999, 0.409998, -0.102083]","[-0.495537, 1.202448, -0.423845]","[0.079102, 0.039307, 0.209473]","[0.015442, 0.041443, 0.103729, 0.993622]","[0.023834, 0.055267, 0.053101, 0.996765]","[0.138672, 0.103760, 0.077881]","[[0.974976, 0.207336, -0.079163], [-0.204895, 0.977966, 0.039185], [0.085510, -0.022095, 0.996033]]",0.974976,"[8637, 8365, 8456, 8224]"
39.40881,"[0.000000, 0.917969, -0.527344]","[-0.450734, 1.088453, -0.375868]","[-0.089998, 0.459999, -0.183666]","[-0.498262, 1.212335, -0.433591]","[0.081299, 0.052490, 0.218994]","[0.021759, 0.043365, 0.108154, 0.992950]","[0.031006, 0.057587, 0.052612, 0.996460]","[0.068359, -0.006104, 0.129639]","[[0.972778, 0.216614, -0.081360], [-0.212952, 0.975586, 0.052490], [0.090759, -0.033813, 0.995239]]",0.972778,"[8608, 8323, 8407, 8181]"
39.410755,"[0.000000, 0.937500, -0.531250]","[-0.450734, 1.088453, -0.375868]","[-0.109999, 0.529999, -0.189312]","[-0.498262, 1.212335, -0.433591]","[0.081543, 0.052979, 0.219238]","[0.021973, 0.043518, 0.108246, 0.992950]","[0.026459, 0.057098, 0.052887, 0.996613]","[0.221191, 0.187988, 0.098633]","[[0.972778, 0.216797, -0.081665], [-0.213013, 0.975647, 0.052979], [0.091064, -0.034180, 0.995239]]",0.972778,"[8641, 8318, 8422, 8176]"
39.451778,"[-0.007812, 0.957031, -0.539062]","[-0.470159, 1.135736, -0.392820]","[-0.129999, 0.469999, -0.196070]","[-0.495945, 1.207749, -0.434110]","[0.082031, 0.056885, 0.221436]","[0.023743, 0.043945, 0.109314, 0.992767]","[0.031830, 0.057312, 0.052582, 0.996460]","[-0.210205, -0.166260, 0.205078]","[[0.972229, 0.219116, -0.082031], [-0.214966, 0.974976, 0.056702], [0.092407, -0.037537, 0.994995]]",0.972229,"[8502, 8335, 8469, 8115]"
39.473255,"[-0.007812, 0.968750, -0.542969]","[-0.479830, 1.159292, -0.401298]","[-0.150000, 0.509998, -0.181082]","[-0.494265, 1.204211, -0.433986]","[0.082275, 0.055176, 0.222412]","[0.022858, 0.044037, 0.109833, 0.992706]","[0.031219, 0.057098, 0.052643, 0.996460]","[-0.209229, 0.001709, 0.051270]","[[0.971924, 0.219971, -0.082397], [-0.216064, 0.974731, 0.054993], [0.092407, -0.035706, 0.994995]]",0.971924,"[8620, 8248, 8377, 8144]"
39.606075,"[-0.019531, 1.007812, -0.554688]","[-0.546134, 1.321111, -0.460231]","[-0.199999, 0.529999, -0.200487]","[-0.472912, 1.156346, -0.426103]","[0.082275, 0.065918, 0.229004]","[0.028076, 0.044678, 0.112823, 0.992218]","[0.039124, 0.059235, 0.052094, 0.996094]","[0.162109, -0.212646, 0.168457]","[[0.970459, 0.226379, -0.082336], [-0.221375, 0.972900, 0.065735], [0.094910, -0.045593, 0.994385]]",0.970459,"[8595, 8256, 8406, 8171]"
39.608028,"[-0.027344, 1.046875, -0.562500]","[-0.546134, 1.321111, -0.460231]","[-0.269999, 0.639999, -0.234045]","[-0.472912, 1.156346, -0.426103]","[0.082520, 0.066406, 0.229248]","[0.028320, 0.044830, 0.112946, 0.992188]","[0.031403, 0.055725, 0.052673, 0.996552]","[0.292969, 0.213379, 0.177490]","[[0.970459, 0.226624, -0.082581], [-0.221619, 0.972839, 0.066223], [0.095276, -0.046082, 0.994385]]",0.970459,"[8601, 8260, 8382, 8148]"
39.748653,"[-0.039062, 1.066406, -0.578125]","[-0.608394, 1.473673, -0.517263]","[-0.259998, 0.569998, -0.210510]","[-0.435201, 1.069003, -0.406265]","[0.081055, 0.070068, 0.239014]","[0.030060, 0.044464, 0.117767, 0.991577]","[0.044769, 0.060303, 0.051727, 0.995819]","[0.147217, 0.124512, 0.112061]","[[0.968201, 0.236145, -0.081055], [-0.230896, 0.970337, 0.070007], [0.095215, -0.049133, 0.994141]]",0.968201,"[8610, 8191, 8327, 8063]"
39.750607,"[-0.078125, 1.148438, -0.578125]","[-0.608394, 1.473673, -0.517263]","[-0.369999, 0.729998, -0.210510]","[-0.435201, 1.069003, -0.406265]","[0.081055, 0.070068, 0.239014]","[0.030060, 0.044464, 0.117767, 0.991577]","[0.031891, 0.053528, 0.052734, 0.996643]","[0.147217, 0.124512, 0.112061]","[[0.968201, 0.236145, -0.081055], [-0.230896, 0.970337, 0.070007], [0.095215, -0.049133, 0.994141]]",0.968201,"[8622, 8198, 8342, 8089]"
39.77599,"[-0.089844, 1.156250, -0.593750]","[-0.625130, 1.514818, -0.532984]","[-0.339998, 0.649998, -0.229841]","[-0.421574, 1.037117, -0.398520]","[0.080811, 0.071777, 0.240967]","[0.030884, 0.044495, 0.118652, 0.991455]","[0.037323, 0.054688, 0.052399, 0.996399]","[-0.000244, 0.038818, 0.125244]","[[0.967834, 0.237976, -0.080872], [-0.232483, 0.969849, 0.071716], [0.095520, -0.050720, 0.994080]]",0.967834,"[8519, 8184, 8406, 8052]"
39.858028,"[-0.117188, 1.207031, -0.609375]","[-0.656892, 1.593086, -0.563434]","[-0.429998, 0.779999, -0.293644]","[-0.390677, 0.964500, -0.380383]","[0.077637, 0.072021, 0.246582]","[0.031006, 0.042938, 0.121521, 0.991180]","[0.033142, 0.051605, 0.052765, 0.996704]","[0.050293, -0.025879, 0.083740]","[[0.966736, 0.243469, -0.077576], [-0.238220, 0.968506, 0.071838], [0.092590, -0.051086, 0.994324]]",0.966736,"[8596, 8128, 8286, 8030]"
39.875603,"[-0.136719, 1.226562, -0.613281]","[-0.664438, 1.611726, -0.570813]","[-0.400000, 0.719999, -0.302797]","[-0.382223, 0.944566, -0.375322]","[0.077148, 0.073730, 0.247803]","[0.031830, 0.042816, 0.122070, 0.991089]","[0.035980, 0.052338, 0.052582, 0.996582]","[0.154053, -0.159424, 0.053955]","[[0.966492, 0.244629, -0.077087], [-0.239258, 0.968140, 0.073486], [0.092590, -0.052612, 0.994263]]",0.966492,"[8500, 8135, 8317, 8000]"
39.908806,"[-0.136719, 1.257812, -0.617188]","[-0.671817, 1.629967, -0.578092]","[-0.480000, 0.819998, -0.294041]","[-0.373497, 0.923957, -0.370059]","[0.075928, 0.073242, 0.249268]","[0.031738, 0.042236, 0.122803, 0.991028]","[0.030975, 0.049774, 0.052948, 0.996857]","[-0.240479, 0.149658, 0.012207]","[[0.966248, 0.245972, -0.075928], [-0.240723, 0.967773, 0.073181], [0.091431, -0.052551, 0.994385]]",0.966248,"[8519, 8114, 8286, 7991]"
39.943958,"[-0.156250, 1.289062, -0.621094]","[-0.686054, 1.665231, -0.592333]","[-0.439999, 0.749998, -0.327810]","[-0.355197, 0.880692, -0.358929]","[0.072998, 0.071045, 0.250244]","[0.030701, 0.040710, 0.123505, 0.991058]","[0.034698, 0.051300, 0.052704, 0.996674]","[0.077393, -0.014648, -0.065918]","[[0.966187, 0.247192, -0.073120], [-0.242310, 0.967651, 0.070862], [0.088257, -0.050842, 0.994812]]",0.966187,"[8519, 8096, 8223, 8009]"
39.977173,"[-0.179688, 1.316406, -0.625000]","[-0.699557, 1.698746, -0.606122]","[-0.469999, 0.769999, -0.273554]","[-0.335830, 0.834799, -0.347029]","[0.072510, 0.069092, 0.251221]","[0.029846, 0.040314, 0.123993, 0.991028]","[0.033630, 0.049255, 0.052826, 0.996796]","[-0.143066, 0.165527, 0.058350]","[[0.966003, 0.248108, -0.072510], [-0.243347, 0.967468, 0.069092], [0.087280, -0.049194, 0.994934]]",0.966003,"[8525, 8052, 8186, 7999]"
40.010365,"[-0.187500, 1.347656, -0.632812]","[-0.712279, 1.730415, -0.619436]","[-0.549999, 0.899998, -0.294512]","[-0.315442, 0.786333, -0.334393]","[0.070068, 0.069580, 0.251465]","[0.030182, 0.039215, 0.124084, 0.991028]","[0.027008, 0.046204, 0.053253, 0.997131]","[0.353516, -0.418945, -0.010742]","[[0.966003, 0.248230, -0.070251], [-0.243591, 0.967285, 0.069519], [0.085144, -0.050110, 0.994995]]",0.966003,"[8486, 8101, 8185, 7997]"
40.043568,"[-0.207031, 1.378906, -0.636719]","[-0.718338, 1.745531, -0.625901]","[-0.499998, 0.789999, -0.251423]","[-0.304869, 0.761196, -0.327803]","[0.069092, 0.065918, 0.251465]","[0.028442, 0.038422, 0.124207, 0.991119]","[0.031982, 0.047882, 0.052948, 0.996918]","[-0.551270, 0.221924, 0.016357]","[[0.966187, 0.248291, -0.069092], [-0.244019, 0.967529, 0.065857], [0.083130, -0.046814, 0.995422]]",0.966187,"[8496, 8073, 8211, 7999]"
40.076771,"[-0.226562, 1.398438, -0.640625]","[-0.729818, 1.774252, -0.638442]","[-0.509998, 0.809998, -0.272171]","[-0.283020, 0.709143, -0.314111]","[0.066162, 0.062012, 0.250977]","[0.026672, 0.036743, 0.124054, 0.991241]","[0.031189, 0.046814, 0.053040, 0.996979]","[0.127441, -0.433350, 0.006836]","[[0.966492, 0.247864, -0.066223], [-0.243958, 0.967773, 0.061951], [0.079407, -0.043762, 0.995850]]",0.966492,"[8593, 8072, 8131, 8033]"
40.109978,"[-0.250000, 1.429688, -0.644531]","[-0.740435, 1.800900, -0.650434]","[-0.609999, 0.949999, -0.277304]","[-0.260227, 0.654741, -0.299745]","[0.065186, 0.060791, 0.250244]","[0.026184, 0.036194, 0.123779, 0.991333]","[0.023376, 0.041870, 0.053528, 0.997406]","[-0.147949, 0.290527, -0.077148]","[[0.966797, 0.247253, -0.065247], [-0.243469, 0.968018, 0.060791], [0.078186, -0.042969, 0.996094]]",0.966797,"[8510, 8059, 8135, 7988]"
40.147083,"[-0.269531, 1.457031, -0.644531]","[-0.750144, 1.825382, -0.661851]","[-0.559999, 0.839998, -0.256729]","[-0.236571, 0.598198, -0.284778]","[0.064209, 0.057373, 0.249268]","[0.024475, 0.035461, 0.123352, 0.991425]","[0.028320, 0.043182, 0.053284, 0.997223]","[-0.344727, 0.238525, -0.063232]","[[0.966980, 0.246277, -0.064331], [-0.242859, 0.968323, 0.057251], [0.076294, -0.039795, 0.996216]]",0.96698,"[8436, 8038, 8176, 8030]"
40.178337,"[-0.289062, 1.488281, -0.648438]","[-0.754640, 1.836780, -0.667339]","[-0.629999, 0.989998, -0.268160]","[-0.224429, 0.569130, -0.277056]","[0.062988, 0.052002, 0.247803]","[0.021942, 0.034515, 0.122803, 0.991608]","[0.019836, 0.039490, 0.053741, 0.997559]","[-0.265869, 0.164551, -0.058105]","[[0.967468, 0.244995, -0.063049], [-0.242065, 0.968933, 0.051880], [0.073792, -0.035034, 0.996704]]",0.967468,"[8551, 7981, 8090, 8058]"
40.21154,"[-0.308594, 1.519531, -0.648438]","[-0.762925, 1.857864, -0.677854]","[-0.579998, 0.869999, -0.274202]","[-0.199530, 0.509487, -0.261208]","[0.058838, 0.048584, 0.246338]","[0.020599, 0.032257, 0.122162, 0.991791]","[0.024536, 0.040833, 0.053528, 0.997406]","[0.008545, -0.186035, 0.017822]","[[0.968079, 0.243591, -0.058960], [-0.241028, 0.969360, 0.048706], [0.068970, -0.032959, 0.997131]]",0.968079,"[8459, 8030, 8089, 7961]"
40.24474,"[-0.328125, 1.546875, -0.648438]","[-0.770226, 1.876582, -0.687740]","[-0.599998, 0.879999, -0.253599]","[-0.173907, 0.447971, -0.244835]","[0.057617, 0.044678, 0.243896]","[0.018738, 0.031433, 0.121033, 0.991943]","[0.023010, 0.039307, 0.053619, 0.997498]","[-0.130127, 0.137939, -0.111816]","[[0.968567, 0.241272, -0.057800], [-0.238953, 0.969849, 0.044739], [0.066833, -0.029602, 0.997192]]",0.968567,"[8501, 7986, 8032, 8017]"
40.28381,"[-0.347656, 1.589844, -0.652344]","[-0.776505, 1.892826, -0.696974]","[-0.689999, 1.019999, -0.245279]","[-0.147591, 0.384716, -0.227972]","[0.056152, 0.041992, 0.241699]","[0.017548, 0.030426, 0.119934, 0.992157]","[0.014221, 0.034668, 0.054077, 0.997803]","[-0.210449, 0.221924, -0.069824]","[[0.969360, 0.239014, -0.056213], [-0.236938, 0.970581, 0.042053], [0.064514, -0.027527, 0.997498]]",0.96936,"[8422, 8065, 8064, 7995]"
40.313099,"[-0.367188, 1.617188, -0.652344]","[-0.779246, 1.900005, -0.701340]","[-0.619999, 0.899998, -0.223944]","[-0.134199, 0.352463, -0.219387]","[0.052979, 0.040283, 0.239014]","[0.016937, 0.028809, 0.118744, 0.992371]","[0.018585, 0.036621, 0.053864, 0.997681]","[-0.313232, -0.042236, -0.119629]","[[0.970093, 0.236572, -0.053162], [-0.234741, 0.971191, 0.040405], [0.061096, -0.026733, 0.997742]]",0.970093,"[8386, 8059, 8132, 7944]"
40.344353,"[-0.386719, 1.648438, -0.652344]","[-0.783975, 1.912515, -0.709572]","[-0.619999, 0.909998, -0.202948]","[-0.106897, 0.286667, -0.201854]","[0.049805, 0.033203, 0.236328]","[0.013641, 0.026794, 0.117493, 0.992615]","[0.016357, 0.035889, 0.053955, 0.997742]","[-0.319092, -0.049072, -0.068115]","[[0.970886, 0.233887, -0.049988], [-0.232544, 0.971924, 0.033325], [0.056335, -0.020752, 0.998108]]",0.970886,"[8516, 8035, 8012, 8024]"
40.379524,"[-0.417969, 1.679688, -0.648438]","[-0.785923, 1.917788, -0.713431]","[-0.729998, 1.049997, -0.157331]","[-0.093092, 0.253326, -0.192963]","[0.046875, 0.030762, 0.232910]","[0.012604, 0.025055, 0.115845, 0.992859]","[0.007324, 0.029297, 0.054352, 0.998047]","[-0.120605, -0.001953, -0.099609]","[[0.971802, 0.230591, -0.046875], [-0.229370, 0.972717, 0.030823], [0.052612, -0.019226, 0.998291]]",0.971802,"[8495, 8074, 8002, 8019]"
40.412708,"[-0.437500, 1.707031, -0.648438]","[-0.789009, 1.926355, -0.720610]","[-0.629999, 0.929998, -0.114229]","[-0.065075, 0.185658, -0.174925]","[0.044678, 0.027832, 0.229004]","[0.011322, 0.023865, 0.113983, 0.993134]","[0.011536, 0.032593, 0.054199, 0.997925]","[-0.052979, -0.114014, -0.185791]","[[0.972839, 0.226868, -0.044800], [-0.225891, 0.973694, 0.027893], [0.049927, -0.017029, 0.998535]]",0.972839,"[8369, 8154, 8102, 7989]"
40.445911,"[-0.468750, 1.750000, -0.644531]","[-0.790995, 1.932276, -0.727087]","[-0.739998, 1.069998, -0.085754]","[-0.036648, 0.116898, -0.156635]","[0.041016, 0.021973, 0.224609]","[0.008636, 0.021606, 0.111847, 0.993439]","[0.001404, 0.025696, 0.054565, 0.998169]","[-0.256836, 0.003174, -0.160645]","[[0.973938, 0.222534, -0.041016], [-0.221802, 0.974731, 0.021973], [0.044800, -0.012329, 0.998779]]",0.973938,"[8526, 8129, 8001, 8032]"
40.479118,"[-0.476562, 1.777344, -0.640625]","[-0.791868, 1.935537, -0.732842]","[-0.639999, 0.929998, -0.050581]","[-0.007897, 0.047352, -0.138120]","[0.038086, 0.017578, 0.219971]","[0.006744, 0.019958, 0.109650, 0.993744]","[0.006378, 0.029938, 0.054382, 0.998047]","[-0.202881, -0.205078, -0.106934]","[[0.975098, 0.218140, -0.038147], [-0.217651, 0.975830, 0.017700], [0.041077, -0.009033, 0.999023]]",0.975098,"[8448, 8159, 8065, 8048]"
40.512321,"[-0.500000, 1.808594, -0.640625]","[-0.791882, 1.936120, -0.735448]","[-0.649998, 0.939999, -0.021677]","[0.006554, 0.012293, -0.128825]","[0.034912, 0.011963, 0.215088]","[0.004181, 0.018097, 0.107330, 0.994049]","[0.003113, 0.027924, 0.054504, 0.998108]","[-0.162598, -0.001953, -0.114502]","[[0.976257, 0.213501, -0.035095], [-0.213257, 0.976868, 0.012146], [0.036804, -0.004456, 0.999268]]",0.976257,"[8542, 8170, 7996, 8074]"
40.547474,"[-0.527344, 1.847656, -0.632812]","[-0.791059, 1.935224, -0.740117]","[-0.729998, 1.069998, 0.013876]","[0.035580, -0.058216, -0.110174]","[0.032715, 0.008301, 0.209473]","[0.002533, 0.016754, 0.104584, 0.994385]","[-0.006561, 0.022705, 0.054749, 0.998199]","[-0.199707, -0.052979, -0.087891]","[[0.977600, 0.208008, -0.032776], [-0.207886, 0.978149, 0.008484], [0.033752, -0.001526, 0.999451]]",0.9776,"[8460, 8190, 8028, 8101]"
40.580692,"[-0.558594, 1.878906, -0.628906]","[-0.789101, 1.931569, -0.744055]","[-0.659998, 0.979998, 0.044071]","[0.064668, -0.129000, -0.091518]","[0.031250, 0.003174, 0.204346]","[0.000122, 0.015747, 0.102020, 0.994659]","[-0.005035, 0.023621, 0.054718, 0.998199]","[-0.208252, -0.132812, -0.217041]","[[0.978638, 0.202942, -0.031311], [-0.202942, 0.979126, 0.003357], [0.031311, 0.002991, 0.999451]]",0.978638,"[8419, 8209, 8080, 8092]"
40.615833,"[-0.578125, 1.917969, -0.621094]","[-0.786007, 1.925146, -0.747267]","[-0.739998, 1.089998, 0.070244]","[0.093735, -0.199858, -0.072922]","[0.027344, -0.004150, 0.199219]","[-0.003479, 0.013489, 0.099487, 0.994934]","[-0.014374, 0.018494, 0.054901, 0.998199]","[-0.061523, -0.066162, -0.143066]","[[0.979736, 0.197815, -0.027527], [-0.198059, 0.980042, -0.004333], [0.026062, 0.009583, 0.999512]]",0.979736,"[8544, 8184, 8003, 8146]"
40.649052,"[-0.589844, 1.957031, -0.617188]","[-0.784035, 1.920896, -0.748601]","[-0.639999, 0.959999, 0.100752]","[0.108231, -0.235246, -0.063669]","[0.023682, -0.009033, 0.194580]","[-0.005646, 0.011414, 0.097229, 0.995178]","[-0.011353, 0.022125, 0.054871, 0.998169]","[-0.205078, -0.079102, -0.132568]","[[0.980774, 0.193298, -0.023804], [-0.193665, 0.980957, -0.009094], [0.021606, 0.013489, 0.999573]]",0.980774,"[8470, 8246, 8067, 8086]"
40.68224,"[-0.617188, 1.988281, -0.617188]","[-0.779242, 1.910326, -0.750728]","[-0.729998, 1.089998, 0.115667]","[0.137097, -0.305815, -0.045290]","[0.019775, -0.015381, 0.190186]","[-0.008606, 0.009216, 0.095062, 0.995392]","[-0.021576, 0.016083, 0.054993, 0.998108]","[-0.219482, -0.241211, -0.138428]","[[0.981689, 0.189026, -0.019958], [-0.189392, 0.981689, -0.015442], [0.016663, 0.018860, 0.999634]]",0.981689,"[8549, 8287, 8024, 8096]"
40.717396,"[-0.648438, 2.019531, -0.605469]","[-0.773327, 1.897009, -0.752142]","[-0.629999, 0.949999, 0.158047]","[0.165718, -0.375923, -0.027141]","[0.016846, -0.021484, 0.185791]","[-0.011505, 0.007477, 0.092896, 0.995605]","[-0.018066, 0.018097, 0.054962, 0.998138]","[-0.066895, -0.122559, -0.079346]","[[0.982666, 0.184753, -0.017029], [-0.185120, 0.982483, -0.021606], [0.012634, 0.024292, 0.999634]]",0.982666,"[8485, 8281, 8066, 8110]"
40.750599,"[-0.667969, 2.046875, -0.597656]","[-0.769952, 1.889328, -0.752584]","[-0.709999, 1.089998, 0.191629]","[0.179908, -0.410737, -0.018174]","[0.013428, -0.029541, 0.181641]","[-0.015320, 0.005402, 0.090881, 0.995728]","[-0.028839, 0.012939, 0.055023, 0.997955]","[-0.167236, 0.011230, -0.217041]","[[0.983337, 0.180786, -0.013550], [-0.181152, 0.982910, -0.029541], [0.007935, 0.031494, 0.999390]]",0.983337,"[8583, 8235, 8032, 8167]"
40.783802,"[-0.687500, 2.089844, -0.593750]","[-0.762373, 1.871931, -0.752948]","[-0.609999, 0.939999, 0.173908]","[0.208014, -0.479799, -0.000481]","[0.010742, -0.034424, 0.178223]","[-0.017609, 0.003906, 0.089233, 0.995850]","[-0.025757, 0.015594, 0.055054, 0.998016]","[-0.080566, -0.186035, -0.144287]","[[0.984009, 0.177490, -0.010925], [-0.177856, 0.983398, -0.034424], [0.004578, 0.035767, 0.999268]]",0.984009,"[8494, 8321, 8093, 8090]"
40.817013,"[-0.707031, 2.117188, -0.585938]","[-0.753706, 1.851855, -0.752627]","[-0.599998, 0.929998, 0.170198]","[0.235672, -0.547914, 0.016829]","[0.005859, -0.043701, 0.175049]","[-0.022003, 0.001068, 0.087524, 0.995941]","[-0.029388, 0.014435, 0.055084, 0.997925]","[-0.538818, 0.183105, -0.156006]","[[0.984680, 0.174255, -0.005981], [-0.174377, 0.983765, -0.043701], [-0.001831, 0.044067, 0.999084]]",0.98468,"[8661, 8309, 7985, 8118]"
40.852161,"[-0.726562, 2.156250, -0.578125]","[-0.743968, 1.829139, -0.751639]","[-0.669998, 1.059998, 0.188763]","[0.262808, -0.614900, 0.033702]","[0.004150, -0.047363, 0.171631]","[-0.023804, 0.000031, 0.085907, 0.996033]","[-0.040649, 0.009308, 0.055054, 0.997589]","[0.161621, -0.076904, -0.030273]","[[0.985229, 0.171021, -0.004150], [-0.171143, 0.984131, -0.047424], [-0.004150, 0.047424, 0.998840]]",0.985229,"[8532, 8339, 8034, 8115]"
40.885365,"[-0.750000, 2.187500, -0.574219]","[-0.738705, 1.816807, -0.750899]","[-0.569998, 0.909998, 0.184568]","[0.276158, -0.647914, 0.041957]","[0.001465, -0.055908, 0.169678]","[-0.027985, -0.001587, 0.084869, 0.996002]","[-0.037476, 0.011719, 0.055115, 0.997681]","[-0.308594, -0.344482, -0.083984]","[[0.985535, 0.169067, -0.001587], [-0.168945, 0.984009, -0.056091], [-0.007935, 0.055481, 0.998413]]",0.985535,"[8549, 8305, 8078, 8151]"
40.918571,"[-0.769531, 2.218750, -0.566406]","[-0.727403, 1.790224, -0.748944]","[-0.629999, 1.029999, 0.153524]","[0.302373, -0.712872, 0.058068]","[-0.002197, -0.062256, 0.168213]","[-0.031006, -0.003754, 0.084015, 0.995972]","[-0.048218, 0.007172, 0.055054, 0.997284]","[0.109375, 0.077637, -0.013916]","[[0.985779, 0.167480, 0.002258], [-0.167114, 0.983887, -0.062439], [-0.012756, 0.061096, 0.997986]]",0.985779,"[8630, 8308, 7973, 8104]"
40.951771,"[-0.789062, 2.250000, -0.558594]","[-0.715091, 1.761134, -0.746370]","[-0.539999, 0.879999, 0.201014]","[0.327886, -0.776258, 0.073605]","[-0.005127, -0.068115, 0.166748]","[-0.033722, -0.005432, 0.083221, 0.995972]","[-0.045197, 0.009216, 0.055115, 0.997406]","[-0.403809, -0.044922, -0.087891]","[[0.986145, 0.166138, 0.005249], [-0.165405, 0.983887, -0.068115], [-0.016479, 0.066284, 0.997681]]",0.986145,"[8488, 8348, 8100, 8055]"
