t,p,p_d,v,v_d,Angles,q,q_sp,w,R,T_sp,rpm
46.750038,"[-0.187500, 0.250000, -0.937500]","[0.000000, 0.000000, -0.000000]","[-0.019999, 0.039999, 0.117203]","[0.000002, 0.000003, -0.000002]","[0.007568, -0.026123, 0.055420]","[-0.013153, 0.003540, 0.027832, 0.999512]","[-0.002197, -0.000183, 0.026093, 0.999634]","[0.367432, -0.352539, -0.012939]","[[0.998352, 0.055481, -0.007751], [-0.055725, 0.998047, -0.026123], [0.006287, 0.026489, 0.999573]]",0.998352,"[8169, 8037, 8042, 8090]"
46.781292,"[-0.187500, 0.250000, -0.937500]","[0.000000, 0.000000, -0.000000]","[-0.019999, 0.049999, 0.119907]","[0.000008, 0.000016, -0.000012]","[0.000244, -0.014404, 0.058105]","[-0.007294, 0.000031, 0.029175, 0.999542]","[-0.002563, -0.000641, 0.026093, 0.999634]","[0.149170, -0.323730, 0.125000]","[[0.998230, 0.058228, -0.000427], [-0.058350, 0.998169, -0.014587], [-0.000427, 0.014587, 0.999817]]",0.99823,"[8015, 8278, 8142, 7771]"
46.814491,"[-0.199219, 0.257812, -0.933594]","[0.000001, 0.000002, -0.000002]","[-0.009998, 0.049999, 0.093418]","[0.000061, 0.000119, -0.000087]","[-0.005615, -0.011719, 0.061279]","[-0.005829, -0.003021, 0.030762, 0.999512]","[-0.003052, -0.000763, 0.026093, 0.999634]","[0.284912, -0.445557, 0.093262]","[[0.998108, 0.061462, 0.005676], [-0.061462, 0.998047, -0.011902], [-0.006409, 0.011414, 0.999939]]",0.998108,"[8158, 8159, 8021, 7861]"
46.847698,"[-0.199219, 0.257812, -0.929688]","[0.000006, 0.000012, -0.000009]","[0.000000, 0.019999, 0.095030]","[0.000224, 0.000436, -0.000319]","[-0.008789, -0.007568, 0.064209]","[-0.003723, -0.004578, 0.032135, 0.999451]","[-0.001587, -0.000305, 0.026093, 0.999634]","[0.067871, 0.351807, 0.108887]","[[0.997803, 0.064209, 0.008911], [-0.064209, 0.997803, -0.007751], [-0.009399, 0.007141, 0.999817]]",0.997803,"[8097, 8151, 8016, 7834]"
46.880898,"[-0.199219, 0.257812, -0.929688]","[0.000012, 0.000023, -0.000017]","[0.000000, 0.059999, 0.102859]","[0.000373, 0.000727, -0.000531]","[-0.012451, -0.004639, 0.066650]","[-0.002106, -0.006378, 0.033417, 0.999420]","[-0.003540, -0.000244, 0.026093, 0.999634]","[0.299805, -0.405762, 0.093506]","[[0.997681, 0.066772, 0.012573], [-0.066772, 0.997742, -0.004639], [-0.012939, 0.003784, 0.999878]]",0.997681,"[8072, 8128, 7993, 7825]"
46.949272,"[-0.199219, 0.257812, -0.921875]","[0.000084, 0.000165, -0.000120]","[0.009998, 0.059999, 0.194464]","[0.001712, 0.003352, -0.002449]","[-0.017578, -0.000488, 0.072754]","[0.000092, -0.008881, 0.036407, 0.999298]","[-0.003632, 0.000214, 0.026093, 0.999634]","[-0.065430, 0.083496, 0.011719]","[[0.997192, 0.072693, 0.017761], [-0.072815, 0.997314, -0.000549], [-0.017761, -0.000793, 0.999817]]",0.997192,"[8128, 8138, 8023, 7815]"
46.982464,"[-0.199219, 0.269531, -0.917969]","[0.000123, 0.000241, -0.000176]","[0.019999, 0.080000, 0.183632]","[0.002300, 0.004510, -0.003295]","[-0.019043, -0.000244, 0.075439]","[0.000275, -0.009613, 0.037750, 0.999237]","[-0.005341, 0.000732, 0.026123, 0.999634]","[0.046631, -0.159424, 0.158447]","[[0.996948, 0.075378, 0.019226], [-0.075500, 0.997131, -0.000244], [-0.019226, -0.001221, 0.999756]]",0.996948,"[8118, 8122, 8034, 7838]"
47.04887,"[-0.199219, 0.269531, -0.910156]","[0.000434, 0.000853, -0.000623]","[0.039999, 0.089998, 0.194916]","[0.006080, 0.011986, -0.008757]","[-0.020264, 0.000244, 0.080322]","[0.000671, -0.010193, 0.040314, 0.999115]","[-0.005920, 0.001740, 0.026123, 0.999634]","[-0.442139, 0.015869, -0.006348]","[[0.996460, 0.080444, 0.020386], [-0.080566, 0.996643, 0.000427], [-0.020386, -0.002136, 0.999695]]",0.99646,"[8094, 8124, 8088, 7844]"
47.082073,"[-0.187500, 0.269531, -0.902344]","[0.000727, 0.001430, -0.001045]","[0.049999, 0.109999, 0.233076]","[0.009012, 0.017815, -0.013016]","[-0.020508, 0.003174, 0.082520]","[0.002075, -0.010223, 0.041321, 0.999084]","[-0.006744, 0.002960, 0.026123, 0.999603]","[0.338135, -0.286133, 0.038086]","[[0.996338, 0.082458, 0.020569], [-0.082581, 0.996521, 0.003235], [-0.020325, -0.004944, 0.999695]]",0.996338,"[8111, 8165, 8086, 7850]"
47.150429,"[-0.187500, 0.277344, -0.894531]","[0.001420, 0.002803, -0.002048]","[0.059999, 0.119999, 0.278214]","[0.014981, 0.029745, -0.021733]","[-0.020264, 0.000977, 0.087891]","[0.001068, -0.010101, 0.044006, 0.998962]","[-0.007721, 0.003357, 0.026123, 0.999603]","[0.020996, -0.108398, 0.144043]","[[0.995850, 0.087830, 0.020264], [-0.087952, 0.996033, 0.001160], [-0.020142, -0.002991, 0.999695]]",0.99585,"[8221, 8139, 8114, 7957]"
47.183632,"[-0.179688, 0.289062, -0.886719]","[0.002102, 0.004161, -0.003040]","[0.080000, 0.150000, 0.310232]","[0.020123, 0.040079, -0.029285]","[-0.019775, 0.000732, 0.090088]","[0.000854, -0.009888, 0.045166, 0.998932]","[-0.009644, 0.004639, 0.026154, 0.999573]","[0.085449, 0.065430, 0.016846]","[[0.995728, 0.090149, 0.019836], [-0.090271, 0.995911, 0.000732], [-0.019714, -0.002563, 0.999756]]",0.995728,"[8211, 8168, 8134, 7920]"
47.216846,"[-0.179688, 0.289062, -0.878906]","[0.002524, 0.005000, -0.003654]","[0.080000, 0.139999, 0.288074]","[0.023067, 0.046016, -0.033624]","[-0.018311, -0.000244, 0.093018]","[0.000336, -0.009155, 0.046539, 0.998871]","[-0.009155, 0.004486, 0.026154, 0.999603]","[-0.205322, 0.124512, 0.132812]","[[0.995483, 0.092896, 0.018311], [-0.093018, 0.995605, -0.000244], [-0.018311, -0.001465, 0.999756]]",0.995483,"[8180, 8170, 8173, 7940]"
47.250038,"[-0.179688, 0.296875, -0.871094]","[0.003551, 0.007054, -0.005154]","[0.089998, 0.150000, 0.256620]","[0.029733, 0.059512, -0.043485]","[-0.017822, 0.000488, 0.095215]","[0.000793, -0.008972, 0.047699, 0.998810]","[-0.009979, 0.005127, 0.026154, 0.999573]","[0.197266, -0.126953, -0.048340]","[[0.995239, 0.095215, 0.018005], [-0.095337, 0.995361, 0.000610], [-0.017883, -0.002441, 0.999756]]",0.995239,"[8189, 8195, 8175, 7936]"
47.283241,"[-0.179688, 0.308594, -0.863281]","[0.004860, 0.009679, -0.007072]","[0.099998, 0.179998, 0.273951]","[0.037466, 0.075249, -0.054985]","[-0.015137, -0.000977, 0.097656]","[-0.000183, -0.007629, 0.048828, 0.998779]","[-0.012177, 0.005554, 0.026184, 0.999542]","[-0.185791, 0.392822, 0.076416]","[[0.995117, 0.097534, 0.015198], [-0.097534, 0.995178, -0.001160], [-0.015320, -0.000427, 0.999878]]",0.995117,"[8215, 8125, 8151, 7939]"
47.316448,"[-0.167969, 0.316406, -0.859375]","[0.006493, 0.012964, -0.009473]","[0.099998, 0.169998, 0.255165]","[0.046283, 0.093298, -0.068174]","[-0.015137, -0.001709, 0.100342]","[-0.000458, -0.007599, 0.050201, 0.998718]","[-0.011902, 0.006165, 0.026184, 0.999542]","[0.154541, -0.377441, 0.122070]","[[0.994873, 0.100220, 0.015137], [-0.100220, 0.994934, -0.001709], [-0.015259, 0.000122, 0.999878]]",0.994873,"[8218, 8211, 8215, 7948]"
47.351604,"[-0.156250, 0.316406, -0.847656]","[0.007443, 0.014881, -0.010873]","[0.129999, 0.209999, 0.320786]","[0.051098, 0.103197, -0.075408]","[-0.012207, -0.004883, 0.103271]","[-0.002136, -0.006317, 0.051636, 0.998627]","[-0.013702, 0.008270, 0.026215, 0.999512]","[-0.261719, 0.060791, 0.055176]","[[0.994507, 0.103088, 0.012390], [-0.103088, 0.994568, -0.004944], [-0.012878, 0.003601, 0.999817]]",0.994507,"[8265, 8180, 8225, 8005]"
47.384804,"[-0.156250, 0.328125, -0.839844]","[0.009639, 0.019326, -0.014121]","[0.109999, 0.179998, 0.341295]","[0.061540, 0.124772, -0.091174]","[-0.011230, -0.005371, 0.105713]","[-0.002350, -0.005829, 0.052887, 0.998566]","[-0.012482, 0.007141, 0.026184, 0.999542]","[0.149170, 0.027100, 0.064697]","[[0.994263, 0.105591, 0.011353], [-0.105591, 0.994324, -0.005371], [-0.011963, 0.004028, 0.999817]]",0.994263,"[8305, 8212, 8246, 8007]"
47.421913,"[-0.148438, 0.339844, -0.828125]","[0.012265, 0.024659, -0.018019]","[0.139999, 0.219999, 0.382374]","[0.073039, 0.148691, -0.108653]","[-0.009766, -0.006592, 0.108643]","[-0.003082, -0.005066, 0.054321, 0.998505]","[-0.014893, 0.009033, 0.026245, 0.999481]","[0.121582, -0.097168, 0.150391]","[[0.994019, 0.108459, 0.009766], [-0.108459, 0.994019, -0.006775], [-0.010498, 0.005554, 0.999878]]",0.994019,"[8368, 8253, 8298, 8063]"
47.45121,"[-0.148438, 0.339844, -0.824219]","[0.013751, 0.027688, -0.020232]","[0.129999, 0.209999, 0.351507]","[0.079171, 0.161519, -0.118026]","[-0.009033, -0.006348, 0.110840]","[-0.002960, -0.004761, 0.055511, 0.998444]","[-0.014160, 0.008423, 0.026215, 0.999512]","[0.180664, -0.175781, 0.129150]","[[0.993774, 0.110840, 0.009155], [-0.110840, 0.993774, -0.006470], [-0.009888, 0.005371, 0.999878]]",0.993774,"[8360, 8305, 8326, 8053]"
47.582077,"[-0.136719, 0.359375, -0.796875]","[0.027828, 0.056656, -0.041399]","[0.139999, 0.219999, 0.354624]","[0.128512, 0.266512, -0.194742]","[-0.001953, -0.013428, 0.117188]","[-0.006714, -0.001404, 0.058624, 0.998260]","[-0.013672, 0.008636, 0.026215, 0.999512]","[-0.277344, -0.056152, 0.082764]","[[0.993103, 0.117004, 0.002014], [-0.117004, 0.993042, -0.013611], [-0.003601, 0.013245, 0.999878]]",0.993103,"[8520, 8307, 8419, 8276]"
47.585995,"[-0.128906, 0.367188, -0.789062]","[0.027828, 0.056656, -0.041399]","[0.169998, 0.259998, 0.389643]","[0.128512, 0.266512, -0.194742]","[-0.001953, -0.013428, 0.117188]","[-0.006683, -0.001404, 0.058655, 0.998260]","[-0.015808, 0.010651, 0.026276, 0.999451]","[-0.049561, 0.238281, 0.014648]","[[0.993103, 0.117065, 0.002014], [-0.117065, 0.993042, -0.013550], [-0.003601, 0.013184, 0.999878]]",0.993103,"[8520, 8327, 8388, 8295]"
47.722702,"[-0.117188, 0.386719, -0.765625]","[0.049273, 0.101581, -0.074225]","[0.150000, 0.240000, 0.297792]","[0.186175, 0.393742, -0.287679]","[0.002441, -0.015625, 0.122803]","[-0.007904, 0.000793, 0.061462, 0.998077]","[-0.012573, 0.008728, 0.026215, 0.999512]","[0.077393, 0.077148, 0.097656]","[[0.992432, 0.122620, -0.002502], [-0.122742, 0.992310, -0.015747], [0.000549, 0.015869, 0.999817]]",0.992432,"[8592, 8440, 8519, 8289]"
47.724648,"[-0.109375, 0.398438, -0.761719]","[0.049273, 0.101581, -0.074225]","[0.169998, 0.240000, 0.327133]","[0.186175, 0.393742, -0.287679]","[0.002930, -0.015625, 0.122803]","[-0.007904, 0.001068, 0.061462, 0.998077]","[-0.013153, 0.010101, 0.026245, 0.999512]","[-0.006104, 0.267090, 0.037109]","[[0.992432, 0.122620, -0.003052], [-0.122742, 0.992310, -0.015686], [0.001099, 0.015930, 0.999817]]",0.992432,"[8605, 8415, 8508, 8307]"
47.865295,"[-0.097656, 0.429688, -0.742188]","[0.083778, 0.175583, -0.128286]","[0.160000, 0.249998, 0.232206]","[0.255363, 0.555102, -0.405466]","[0.004150, -0.014404, 0.126221]","[-0.007385, 0.001678, 0.063202, 0.997986]","[-0.010529, 0.007721, 0.026184, 0.999542]","[-0.036865, 0.087891, 0.010742]","[[0.992004, 0.126038, -0.004272], [-0.126160, 0.991943, -0.014587], [0.002319, 0.014954, 0.999878]]",0.992004,"[8626, 8488, 8572, 8401]"
47.867233,"[-0.078125, 0.449219, -0.742188]","[0.083778, 0.175583, -0.128286]","[0.199999, 0.299999, 0.204733]","[0.255363, 0.555102, -0.405466]","[0.004395, -0.014404, 0.126221]","[-0.007355, 0.001770, 0.063202, 0.997955]","[-0.013977, 0.010986, 0.026245, 0.999481]","[0.062988, 0.004150, 0.070068]","[[0.991882, 0.126038, -0.004456], [-0.126160, 0.991821, -0.014526], [0.002502, 0.014893, 0.999756]]",0.991882,"[8649, 8515, 8568, 8410]"
47.890663,"[-0.078125, 0.457031, -0.738281]","[0.088848, 0.186626, -0.136352]","[0.169998, 0.269999, 0.202848]","[0.263820, 0.575720, -0.420506]","[0.005127, -0.013672, 0.126709]","[-0.006958, 0.002136, 0.063477, 0.997955]","[-0.011841, 0.009216, 0.026215, 0.999542]","[0.006104, 0.092529, 0.017822]","[[0.991882, 0.126587, -0.005127], [-0.126709, 0.991821, -0.013672], [0.003296, 0.014160, 0.999878]]",0.991882,"[8629, 8522, 8619, 8377]"
48.013718,"[-0.066406, 0.468750, -0.726562]","[0.122624, 0.261294, -0.190880]","[0.209999, 0.309999, 0.132334]","[0.311668, 0.697978, -0.509615]","[0.005371, -0.013184, 0.131592]","[-0.006775, 0.002319, 0.065796, 0.997803]","[-0.008545, 0.008881, 0.026184, 0.999573]","[-0.110107, 0.060303, 0.038086]","[[0.991272, 0.131226, -0.005493], [-0.131348, 0.991211, -0.013245], [0.003662, 0.013855, 0.999817]]",0.991272,"[8687, 8570, 8665, 8403]"
48.015663,"[-0.058594, 0.488281, -0.726562]","[0.122624, 0.261294, -0.190880]","[0.179998, 0.279999, 0.132334]","[0.311668, 0.697978, -0.509615]","[0.005371, -0.013184, 0.131592]","[-0.006775, 0.002319, 0.065796, 0.997803]","[-0.008087, 0.007782, 0.026154, 0.999573]","[-0.110107, 0.060303, 0.038086]","[[0.991272, 0.131226, -0.005493], [-0.131348, 0.991211, -0.013245], [0.003662, 0.013855, 0.999817]]",0.991272,"[8693, 8583, 8673, 8416]"
48.023476,"[-0.046875, 0.500000, -0.730469]","[0.128783, 0.275121, -0.200975]","[0.209999, 0.320000, 0.100292]","[0.318986, 0.717798, -0.524045]","[0.003662, -0.011230, 0.131836]","[-0.005768, 0.001556, 0.066010, 0.997803]","[-0.010223, 0.009766, 0.026215, 0.999542]","[0.308838, -0.262939, 0.088623]","[[0.991272, 0.131653, -0.003845], [-0.131775, 0.991211, -0.011353], [0.002258, 0.011719, 0.999878]]",0.991272,"[8698, 8594, 8680, 8406]"
48.154335,"[-0.027344, 0.527344, -0.726562]","[0.168514, 0.365958, -0.267274]","[0.219999, 0.329998, 0.048096]","[0.357347, 0.830384, -0.605878]","[0.005127, -0.011963, 0.137451]","[-0.006195, 0.002258, 0.068726, 0.997589]","[-0.004425, 0.008148, 0.026154, 0.999603]","[-0.145752, -0.064941, 0.004395]","[[0.990417, 0.137024, -0.005310], [-0.137146, 0.990356, -0.012085], [0.003601, 0.012695, 0.999756]]",0.990417,"[8752, 8545, 8697, 8455]"
48.158241,"[-0.019531, 0.539062, -0.730469]","[0.175545, 0.382344, -0.279229]","[0.199999, 0.289999, 0.010223]","[0.362661, 0.847798, -0.618507]","[0.003906, -0.011963, 0.137451]","[-0.006134, 0.001648, 0.068817, 0.997589]","[-0.003082, 0.007507, 0.026123, 0.999603]","[0.081787, -0.157471, 0.072266]","[[0.990417, 0.137207, -0.004089], [-0.137329, 0.990356, -0.012085], [0.002380, 0.012451, 0.999817]]",0.990417,"[8774, 8571, 8683, 8477]"
48.253948,"[-0.007812, 0.558594, -0.738281]","[0.212069, 0.469134, -0.342523]","[0.199999, 0.320000, -0.071354]","[0.383748, 0.927381, -0.676058]","[0.002930, -0.005127, 0.141846]","[-0.002716, 0.001343, 0.070953, 0.997467]","[0.000732, 0.005463, 0.026093, 0.999634]","[0.004639, 0.012939, -0.032959]","[[0.989868, 0.141479, -0.003052], [-0.141602, 0.989868, -0.005249], [0.002197, 0.005615, 0.999878]]",0.989868,"[8711, 8593, 8709, 8429]"
48.257851,"[0.000000, 0.566406, -0.738281]","[0.212069, 0.469134, -0.342523]","[0.209999, 0.299999, -0.128387]","[0.383748, 0.927381, -0.676058]","[0.002686, -0.004639, 0.142090]","[-0.002411, 0.001221, 0.071045, 0.997467]","[0.001617, 0.006165, 0.026093, 0.999634]","[0.226318, -0.067139, 0.112061]","[[0.989868, 0.141663, -0.002747], [-0.141785, 0.989868, -0.004700], [0.002014, 0.004944, 0.999939]]",0.989868,"[8736, 8580, 8706, 8421]"
48.293007,"[0.000000, 0.578125, -0.746094]","[0.227178, 0.505920, -0.369334]","[0.240000, 0.369999, -0.160404]","[0.389390, 0.955237, -0.696106]","[0.001465, -0.003906, 0.143066]","[-0.002075, 0.000641, 0.071594, 0.997406]","[-0.000061, 0.006836, 0.026093, 0.999634]","[0.093994, -0.159180, 0.106689]","[[0.989624, 0.142700, -0.001526], [-0.142822, 0.989624, -0.004089], [0.000916, 0.004211, 0.999817]]",0.989624,"[8730, 8521, 8613, 8407]"
48.326229,"[0.019531, 0.589844, -0.750000]","[0.234806, 0.524704, -0.383022]","[0.209999, 0.349998, -0.164900]","[0.391567, 0.968217, -0.705421]","[0.001221, -0.002441, 0.143799]","[-0.001282, 0.000549, 0.071899, 0.997406]","[0.002686, 0.005402, 0.026093, 0.999634]","[-0.092529, 0.021973, 0.009033]","[[0.989624, 0.143311, -0.001282], [-0.143433, 0.989624, -0.002502], [0.000793, 0.002625, 0.999939]]",0.989624,"[8699, 8526, 8609, 8368]"
48.445358,"[0.027344, 0.617188, -0.769531]","[0.281058, 0.642120, -0.468507]","[0.209999, 0.359999, -0.248177]","[0.395117, 1.031592, -0.750452]","[0.000244, 0.003418, 0.145752]","[0.001740, 0.000336, 0.072876, 0.997314]","[0.009460, 0.002533, 0.026093, 0.999603]","[0.155029, -0.153809, 0.038574]","[[0.989258, 0.145325, -0.000366], [-0.145325, 0.989258, 0.003418], [0.000854, -0.003418, 0.999878]]",0.989258,"[8668, 8478, 8623, 8392]"
48.447308,"[0.039062, 0.628906, -0.769531]","[0.281058, 0.642120, -0.468507]","[0.219999, 0.349998, -0.248177]","[0.395117, 1.031592, -0.750452]","[0.000244, 0.003418, 0.145752]","[0.001740, 0.000336, 0.072876, 0.997314]","[0.009735, 0.003754, 0.026062, 0.999603]","[0.155029, -0.153809, 0.038574]","[[0.989258, 0.145325, -0.000366], [-0.145325, 0.989258, 0.003418], [0.000854, -0.003418, 0.999878]]",0.989258,"[8669, 8470, 8605, 8398]"
48.460976,"[0.039062, 0.636719, -0.789062]","[0.288767, 0.662351, -0.483222]","[0.249998, 0.409998, -0.324036]","[0.394064, 1.039587, -0.756034]","[0.000488, 0.003906, 0.145996]","[0.002014, 0.000458, 0.072998, 0.997314]","[0.007446, 0.004913, 0.026062, 0.999603]","[0.010986, 0.114746, 0.037109]","[[0.989258, 0.145569, -0.000610], [-0.145569, 0.989258, 0.004028], [0.001099, -0.003906, 0.999878]]",0.989258,"[8646, 8466, 8600, 8340]"
48.589886,"[0.066406, 0.679688, -0.816406]","[0.341478, 0.807232, -0.588448]","[0.230000, 0.379999, -0.397844]","[0.373075, 1.073343, -0.778410]","[-0.000732, 0.011719, 0.149658]","[0.005890, 0.000031, 0.074768, 0.997162]","[0.016266, 0.001892, 0.026093, 0.999512]","[0.084961, 0.256836, -0.002686]","[[0.988708, 0.149109, 0.000854], [-0.149109, 0.988647, 0.011719], [0.000854, -0.011719, 0.999817]]",0.988708,"[8578, 8361, 8513, 8279]"
48.593788,"[0.089844, 0.699219, -0.824219]","[0.341478, 0.807232, -0.588448]","[0.230000, 0.409998, -0.444023]","[0.373075, 1.073343, -0.778410]","[-0.000488, 0.011230, 0.149658]","[0.005676, 0.000183, 0.074768, 0.997162]","[0.013977, 0.003052, 0.026062, 0.999542]","[0.163086, -0.244385, 0.034912]","[[0.988708, 0.149109, 0.000488], [-0.149109, 0.988647, 0.011292], [0.001099, -0.011292, 0.999817]]",0.988708,"[8570, 8366, 8517, 8301]"
48.634804,"[0.089844, 0.707031, -0.835938]","[0.355856, 0.849219, -0.618883]","[0.269999, 0.469999, -0.445618]","[0.362685, 1.075616, -0.779246]","[-0.000244, 0.013428, 0.150635]","[0.006775, 0.000397, 0.075317, 0.997131]","[0.014008, 0.004028, 0.026062, 0.999542]","[-0.245361, 0.233887, 0.045654]","[[0.988586, 0.150146, 0.000244], [-0.150146, 0.988525, 0.013489], [0.001709, -0.013489, 0.999817]]",0.988586,"[8552, 8302, 8488, 8244]"
48.779339,"[0.117188, 0.757812, -0.871094]","[0.402197, 0.995492, -0.724616]","[0.240000, 0.459999, -0.446779]","[0.311383, 1.057267, -0.762265]","[-0.002197, 0.021240, 0.154541]","[0.010712, -0.000275, 0.077301, 0.996948]","[0.022369, 0.000977, 0.026093, 0.999390]","[0.499512, -0.153320, 0.044434]","[[0.987976, 0.154053, 0.002197], [-0.154175, 0.987793, 0.021240], [0.001099, -0.021362, 0.999695]]",0.987976,"[8520, 8220, 8402, 8227]"
48.781292,"[0.117188, 0.777344, -0.882812]","[0.408189, 1.016085, -0.739456]","[0.279999, 0.529999, -0.444599]","[0.302231, 1.051319, -0.757308]","[-0.001465, 0.021484, 0.154297]","[0.010895, 0.000061, 0.077179, 0.996948]","[0.018005, 0.003052, 0.026062, 0.999481]","[0.095947, 0.210449, -0.054688]","[[0.987976, 0.153870, 0.001587], [-0.153870, 0.987793, 0.021667], [0.001709, -0.021667, 0.999695]]",0.987976,"[8497, 8225, 8406, 8219]"
48.798866,"[0.128906, 0.789062, -0.894531]","[0.408189, 1.016085, -0.739456]","[0.240000, 0.480000, -0.494345]","[0.302231, 1.051319, -0.757308]","[-0.002441, 0.024414, 0.154541]","[0.012390, -0.000336, 0.077271, 0.996918]","[0.021149, 0.001373, 0.026093, 0.999420]","[0.265869, -0.393799, -0.000977]","[[0.987976, 0.153992, 0.002563], [-0.154114, 0.987671, 0.024597], [0.001221, -0.024719, 0.999573]]",0.987976,"[8432, 8302, 8448, 8126]"
48.921921,"[0.148438, 0.808594, -0.925781]","[0.444553, 1.155864, -0.839776]","[0.249998, 0.489998, -0.476212]","[0.226424, 0.986964, -0.705245]","[-0.003906, 0.027344, 0.156006]","[0.013855, -0.000885, 0.078064, 0.996857]","[0.028229, 0.001190, 0.026093, 0.999237]","[-0.097900, -0.201660, -0.036621]","[[0.987793, 0.155518, 0.003906], [-0.155640, 0.987427, 0.027405], [0.000366, -0.027771, 0.999573]]",0.987793,"[8404, 8104, 8301, 8140]"
48.925823,"[0.148438, 0.828125, -0.929688]","[0.444553, 1.155864, -0.839776]","[0.289999, 0.569998, -0.486744]","[0.226424, 0.986964, -0.705245]","[-0.003906, 0.028320, 0.156006]","[0.014374, -0.000854, 0.078064, 0.996857]","[0.023499, 0.003021, 0.026031, 0.999359]","[0.251465, 0.319580, -0.013184]","[[0.987793, 0.155518, 0.003906], [-0.155640, 0.987427, 0.028442], [0.000488, -0.028809, 0.999573]]",0.987793,"[8402, 8087, 8297, 8115]"
48.927776,"[0.156250, 0.847656, -0.929688]","[0.444553, 1.155864, -0.839776]","[0.240000, 0.519999, -0.486744]","[0.226424, 0.986964, -0.705245]","[-0.003906, 0.028320, 0.156006]","[0.014374, -0.000854, 0.078064, 0.996857]","[0.024811, 0.001038, 0.026093, 0.999329]","[0.251465, 0.319580, -0.013184]","[[0.987793, 0.155518, 0.003906], [-0.155640, 0.987427, 0.028442], [0.000488, -0.028809, 0.999573]]",0.987793,"[8402, 8100, 8288, 8114]"
48.931683,"[0.167969, 0.867188, -0.941406]","[0.444553, 1.155864, -0.839776]","[0.299999, 0.599998, -0.523947]","[0.226424, 0.986964, -0.705245]","[-0.004883, 0.028809, 0.156006]","[0.014648, -0.001373, 0.078003, 0.996857]","[0.020264, 0.004822, 0.026001, 0.999420]","[0.204102, -0.283203, 0.076416]","[[0.987854, 0.155396, 0.005005], [-0.155518, 0.987427, 0.028931], [-0.000488, -0.029419, 0.999573]]",0.987854,"[8398, 8118, 8296, 8128]"
48.966839,"[0.179688, 0.886719, -0.953125]","[0.452911, 1.193928, -0.866936]","[0.259998, 0.539999, -0.541580]","[0.201282, 0.961506, -0.684940]","[-0.004883, 0.028320, 0.156250]","[0.014374, -0.001404, 0.078125, 0.996826]","[0.024109, 0.003021, 0.026031, 0.999359]","[-0.089844, -0.288330, -0.037842]","[[0.987671, 0.155640, 0.005005], [-0.155762, 0.987305, 0.028381], [-0.000610, -0.028870, 0.999512]]",0.987671,"[8366, 8147, 8268, 8025]"
49.023491,"[0.187500, 0.898438, -0.972656]","[0.463539, 1.249022, -0.906077]","[0.259998, 0.549999, -0.521496]","[0.160981, 0.917688, -0.650101]","[-0.003662, 0.029297, 0.155762]","[0.014832, -0.000702, 0.077911, 0.996857]","[0.026459, 0.003326, 0.026031, 0.999298]","[0.108887, 0.206787, -0.066895]","[[0.987854, 0.155212, 0.003662], [-0.155334, 0.987427, 0.029419], [0.000854, -0.029663, 0.999512]]",0.987854,"[8345, 7953, 8150, 8093]"
49.033241,"[0.199219, 0.929688, -0.976562]","[0.463539, 1.249022, -0.906077]","[0.309999, 0.649998, -0.501987]","[0.160981, 0.917688, -0.650101]","[-0.003418, 0.028320, 0.155518]","[0.014282, -0.000641, 0.077820, 0.996857]","[0.020538, 0.006409, 0.025970, 0.999420]","[-0.018799, 0.069336, -0.024902]","[[0.987793, 0.155029, 0.003479], [-0.155151, 0.987427, 0.028320], [0.000916, -0.028564, 0.999512]]",0.987793,"[8303, 7984, 8169, 8084]"
49.066444,"[0.207031, 0.949219, -0.992188]","[0.469276, 1.284226, -0.930962]","[0.259998, 0.579998, -0.566868]","[0.132540, 0.884848, -0.624059]","[-0.002930, 0.031494, 0.155518]","[0.015930, -0.000275, 0.077759, 0.996857]","[0.024750, 0.004333, 0.026001, 0.999329]","[0.544189, -0.137939, -0.026123]","[[0.987915, 0.154907, 0.002991], [-0.155029, 0.987427, 0.031677], [0.001892, -0.031799, 0.999512]]",0.987915,"[8267, 8061, 8182, 7952]"
49.099648,"[0.218750, 0.968750, -1.000000]","[0.473880, 1.318112, -0.954804]","[0.320000, 0.659998, -0.564447]","[0.102923, 0.849192, -0.595813]","[-0.001709, 0.029785, 0.154785]","[0.014954, 0.000244, 0.077423, 0.996887]","[0.021454, 0.008087, 0.025940, 0.999390]","[-0.051025, 0.073242, -0.080811]","[[0.987976, 0.154358, 0.001831], [-0.154358, 0.987549, 0.029785], [0.002686, -0.029785, 0.999512]]",0.987976,"[8246, 7922, 8136, 8003]"
49.132854,"[0.226562, 0.988281, -1.011719]","[0.477303, 1.350544, -0.977491]","[0.259998, 0.619999, -0.608385]","[0.072256, 0.810851, -0.565451]","[-0.001709, 0.029785, 0.154053]","[0.015015, 0.000244, 0.077057, 0.996918]","[0.024048, 0.005463, 0.025970, 0.999329]","[0.031250, -0.386963, 0.055176]","[[0.988098, 0.153625, 0.001831], [-0.153625, 0.987671, 0.029907], [0.002686, -0.029907, 0.999512]]",0.988098,"[8204, 7943, 8060, 7944]"
49.168007,"[0.238281, 1.007812, -1.023438]","[0.478564, 1.366203, -0.988392]","[0.269999, 0.619999, -0.557074]","[0.056547, 0.790678, -0.549479]","[0.000488, 0.028809, 0.153809]","[0.014374, 0.001404, 0.076874, 0.996948]","[0.024506, 0.008636, 0.025909, 0.999298]","[-0.025146, 0.151855, 0.001221]","[[0.988159, 0.153259, -0.000549], [-0.153259, 0.987793, 0.028809], [0.004944, -0.028442, 0.999573]]",0.988159,"[8161, 7867, 8033, 7918]"
49.201206,"[0.250000, 1.027344, -1.031250]","[0.480150, 1.396253, -1.009196]","[0.309999, 0.729998, -0.549065]","[0.024532, 0.748499, -0.516083]","[-0.000244, 0.030762, 0.152832]","[0.015381, 0.001038, 0.076385, 0.996948]","[0.019958, 0.016937, 0.025757, 0.999298]","[0.360596, -0.525879, -0.075439]","[[0.988220, 0.152283, 0.000305], [-0.152283, 0.987793, 0.030762], [0.004333, -0.030518, 0.999451]]",0.98822,"[8171, 7861, 8009, 7888]"
49.234425,"[0.257812, 1.066406, -1.039062]","[0.480468, 1.424627, -1.028669]","[0.279999, 0.639999, -0.519423]","[-0.008314, 0.703831, -0.480719]","[0.002686, 0.031250, 0.151367]","[0.015533, 0.002625, 0.075684, 0.997009]","[0.023285, 0.018677, 0.025665, 0.999207]","[0.003906, 0.480713, -0.019531]","[[0.988464, 0.150940, -0.002869], [-0.150818, 0.988037, 0.031311], [0.007507, -0.030579, 0.999451]]",0.988464,"[8160, 7888, 7973, 7796]"
49.269569,"[0.269531, 1.089844, -1.042969]","[0.479494, 1.451219, -1.046733]","[0.299999, 0.769999, -0.483458]","[-0.041851, 0.656807, -0.443442]","[0.007568, 0.029297, 0.149902]","[0.014404, 0.004883, 0.074890, 0.997070]","[0.016998, 0.020905, 0.025726, 0.999298]","[-0.039062, -0.152100, -0.019531]","[[0.988647, 0.149414, -0.007568], [-0.149170, 0.988281, 0.029358], [0.011841, -0.028015, 0.999451]]",0.988647,"[8105, 7830, 7985, 7917]"
49.302773,"[0.277344, 1.109375, -1.046875]","[0.478507, 1.463796, -1.055199]","[0.269999, 0.679998, -0.439514]","[-0.058825, 0.632477, -0.424168]","[0.013428, 0.029053, 0.148193]","[0.014038, 0.007812, 0.073944, 0.997131]","[0.021271, 0.020081, 0.025665, 0.999237]","[0.129639, 0.211914, -0.023438]","[[0.988892, 0.147644, -0.013489], [-0.147278, 0.988647, 0.029053], [0.017639, -0.026855, 0.999451]]",0.988892,"[8066, 7811, 7989, 7880]"
49.369179,"[0.296875, 1.156250, -1.058594]","[0.471226, 1.509257, -1.085199]","[0.299999, 0.799999, -0.393095]","[-0.127895, 0.529865, -0.342667]","[0.019287, 0.027344, 0.144531]","[0.013000, 0.010681, 0.072113, 0.997253]","[0.014893, 0.023773, 0.025726, 0.999268]","[0.468018, -0.250732, -0.137695]","[[0.989319, 0.144043, -0.019470], [-0.143555, 0.989197, 0.027405], [0.023132, -0.024353, 0.999390]]",0.989319,"[8058, 7776, 7922, 7903]"
49.404335,"[0.308594, 1.187500, -1.058594]","[0.468556, 1.519356, -1.091687]","[0.249998, 0.699999, -0.330950]","[-0.145355, 0.502981, -0.321308]","[0.022705, 0.024902, 0.141113]","[0.011749, 0.012268, 0.070496, 0.997375]","[0.018768, 0.022583, 0.025665, 0.999237]","[-0.503906, 0.201904, -0.049561]","[[0.989746, 0.140808, -0.022766], [-0.140320, 0.989746, 0.025085], [0.026062, -0.021667, 0.999390]]",0.989746,"[8015, 7835, 7963, 7861]"
49.435585,"[0.316406, 1.207031, -1.066406]","[0.462197, 1.537919, -1.103384]","[0.289999, 0.829998, -0.300982]","[-0.180422, 0.447926, -0.277445]","[0.025146, 0.023438, 0.139404]","[0.010864, 0.013458, 0.069550, 0.997437]","[0.011627, 0.025818, 0.025787, 0.999237]","[-0.315674, 0.013672, -0.022949]","[[0.989929, 0.138977, -0.025330], [-0.138489, 0.990051, 0.023499], [0.028259, -0.019836, 0.999390]]",0.989929,"[8064, 7782, 7922, 7906]"
49.470737,"[0.328125, 1.238281, -1.058594]","[0.454462, 1.554316, -1.113344]","[0.249998, 0.719999, -0.254662]","[-0.215588, 0.391121, -0.232193]","[0.028564, 0.022705, 0.135498]","[0.010376, 0.015045, 0.067657, 0.997528]","[0.015778, 0.025330, 0.025696, 0.999207]","[-0.072266, 0.470703, -0.244629]","[[0.990295, 0.135254, -0.028564], [-0.134644, 0.990540, 0.022705], [0.031372, -0.018677, 0.999207]]",0.990295,"[8028, 7835, 7901, 7812]"
49.503948,"[0.339844, 1.257812, -1.058594]","[0.445349, 1.568471, -1.121515]","[0.240000, 0.739998, -0.195024]","[-0.250671, 0.332897, -0.185650]","[0.032471, 0.017822, 0.132080]","[0.007874, 0.016876, 0.065887, 0.997650]","[0.014099, 0.026245, 0.025696, 0.999207]","[-0.243652, 0.273193, -0.022949]","[[0.990723, 0.131653, -0.032654], [-0.131165, 0.991150, 0.017883], [0.034607, -0.013489, 0.999268]]",0.990723,"[8076, 7729, 7860, 7931]"
49.537148,"[0.339844, 1.289062, -1.058594]","[0.440298, 1.574681, -1.124905]","[0.269999, 0.859999, -0.162703]","[-0.268105, 0.303314, -0.162010]","[0.034668, 0.017090, 0.129150]","[0.007507, 0.017853, 0.064484, 0.997742]","[0.006836, 0.028748, 0.025879, 0.999207]","[0.193848, -0.099609, -0.102051]","[[0.991028, 0.128906, -0.034668], [-0.128418, 0.991577, 0.017212], [0.036499, -0.012695, 0.999268]]",0.991028,"[8027, 7769, 7912, 7941]"
49.570351,"[0.347656, 1.308594, -1.058594]","[0.429110, 1.585310, -1.130312]","[0.219999, 0.759998, -0.105333]","[-0.302815, 0.243237, -0.113932]","[0.036865, 0.013672, 0.125977]","[0.005768, 0.018860, 0.062927, 0.997833]","[0.010468, 0.027924, 0.025787, 0.999207]","[-0.275635, 0.149658, -0.173340]","[[0.991394, 0.125732, -0.036926], [-0.125366, 0.992004, 0.013794], [0.038269, -0.009155, 0.999207]]",0.991394,"[8053, 7816, 7879, 7890]"
49.605515,"[0.359375, 1.339844, -1.046875]","[0.416615, 1.593624, -1.133809]","[0.249998, 0.869999, -0.076765]","[-0.336955, 0.182369, -0.065009]","[0.039307, 0.010010, 0.122314]","[0.003845, 0.020020, 0.061066, 0.997925]","[0.003357, 0.031403, 0.025970, 0.999146]","[0.019531, 0.097168, -0.104736]","[[0.991699, 0.121948, -0.039490], [-0.121704, 0.992493, 0.010071], [0.040344, -0.005188, 0.999146]]",0.991699,"[8032, 7752, 7850, 7928]"
49.638706,"[0.367188, 1.367188, -1.039062]","[0.409870, 1.596886, -1.134838]","[0.219999, 0.769999, 0.035578]","[-0.353780, 0.151685, -0.040292]","[0.042480, 0.009033, 0.118652]","[0.003296, 0.021515, 0.059204, 0.998016]","[0.006165, 0.031433, 0.025879, 0.999146]","[-0.018311, 0.058838, -0.148926]","[[0.992065, 0.118286, -0.042542], [-0.118042, 0.992981, 0.009033], [0.043274, -0.004028, 0.999023]]",0.992065,"[7978, 7818, 7887, 7882]"
49.671925,"[0.378906, 1.386719, -1.035156]","[0.395400, 1.601608, -1.135440]","[0.199999, 0.769999, 0.084276]","[-0.386824, 0.089987, 0.009530]","[0.045410, 0.005371, 0.114746]","[0.001465, 0.022919, 0.057404, 0.998108]","[0.004608, 0.032471, 0.025909, 0.999115]","[-0.181396, 0.133301, -0.060059]","[[0.992432, 0.114624, -0.045593], [-0.114502, 0.993469, 0.005493], [0.045837, -0.000244, 0.998962]]",0.992432,"[8035, 7827, 7892, 7954]"
49.70512,"[0.378906, 1.417969, -1.031250]","[0.379658, 1.603914, -1.134088]","[0.230000, 0.889997, 0.126337]","[-0.418917, 0.028061, 0.059713]","[0.049072, 0.003174, 0.111328]","[0.000244, 0.024689, 0.055664, 0.998169]","[-0.021118, 0.035950, 0.026825, 0.998749]","[-0.047852, 0.193359, -0.103760]","[[0.992676, 0.111084, -0.049255], [-0.111084, 0.993835, 0.003174], [0.049255, 0.002319, 0.998840]]",0.992676,"[7975, 7851, 7910, 7940]"
49.740292,"[0.386719, 1.457031, -1.019531]","[0.362686, 1.603801, -1.130772]","[0.189999, 0.779999, 0.203089]","[-0.449891, -0.033850, 0.110079]","[0.052490, -0.001953, 0.108154]","[-0.002441, 0.026184, 0.054138, 0.998199]","[-0.026703, 0.036224, 0.027039, 0.998596]","[-0.304443, 0.198730, -0.068604]","[[0.992798, 0.107849, -0.052551], [-0.108215, 0.994141, -0.002075], [0.051941, 0.007690, 0.998657]]",0.992798,"[7881, 7990, 8019, 7810]"
49.773479,"[0.398438, 1.488281, -1.007812]","[0.353753, 1.602838, -1.128377]","[0.199999, 0.889997, 0.249056]","[-0.464909, -0.064723, 0.135275]","[0.054688, -0.015625, 0.105225]","[-0.009277, 0.026978, 0.052856, 0.998199]","[-0.034180, 0.039124, 0.027405, 0.998260]","[-0.383789, 0.090088, -0.077637]","[[0.992920, 0.104919, -0.054871], [-0.106018, 0.994202, -0.015747], [0.052795, 0.021362, 0.998352]]",0.99292,"[8109, 7840, 7890, 7983]"
49.806683,"[0.398438, 1.507812, -0.996094]","[0.335021, 1.599108, -1.122109]","[0.169998, 0.759998, 0.322042]","[-0.493924, -0.126192, 0.185609]","[0.057617, -0.025635, 0.102783]","[-0.014252, 0.028137, 0.051788, 0.998169]","[-0.029663, 0.039124, 0.027222, 0.998413]","[-0.248047, -0.034180, -0.119141]","[[0.993042, 0.102478, -0.057678], [-0.104187, 0.994202, -0.025635], [0.054626, 0.031372, 0.997986]]",0.993042,"[8077, 7850, 7859, 7938]"
49.839886,"[0.398438, 1.539062, -0.992188]","[0.315185, 1.592987, -1.113879]","[0.139999, 0.789999, 0.317881]","[-0.521453, -0.187092, 0.235721]","[0.061035, -0.032959, 0.100830]","[-0.018036, 0.029694, 0.051025, 0.998108]","[-0.033691, 0.039246, 0.027374, 0.998260]","[-0.111328, 0.145996, 0.034424]","[[0.993042, 0.100708, -0.061157], [-0.102905, 0.994141, -0.033020], [0.057373, 0.039001, 0.997620]]",0.993042,"[8077, 7838, 7885, 7971]"
49.873089,"[0.417969, 1.566406, -0.980469]","[0.304869, 1.589037, -1.109030]","[0.169998, 0.879999, 0.351381]","[-0.534619, -0.217269, 0.260648]","[0.064453, -0.038574, 0.099365]","[-0.020874, 0.031342, 0.050354, 0.998047]","[-0.040497, 0.043823, 0.027832, 0.997803]","[-0.390625, 0.251953, -0.113281]","[[0.993042, 0.099121, -0.064636], [-0.101807, 0.994141, -0.038574], [0.060364, 0.044800, 0.997253]]",0.993042,"[8019, 7875, 7916, 7945]"
49.908245,"[0.417969, 1.589844, -0.960938]","[0.283491, 1.579382, -1.097881]","[0.129999, 0.759998, 0.417618]","[-0.559662, -0.276921, 0.310131]","[0.066162, -0.043457, 0.097900]","[-0.023407, 0.032013, 0.049652, 0.997986]","[-0.037109, 0.043488, 0.027649, 0.997955]","[-0.069092, 0.194580, -0.059082]","[[0.992981, 0.097534, -0.066223], [-0.100586, 0.993958, -0.043579], [0.061462, 0.049927, 0.996826]]",0.992981,"[8033, 7930, 7920, 7838]"
49.941467,"[0.429688, 1.617188, -0.949219]","[0.261169, 1.567417, -1.084809]","[0.139999, 0.859999, 0.532494]","[-0.582886, -0.335483, 0.359004]","[0.071533, -0.052002, 0.095947]","[-0.027740, 0.034485, 0.048920, 0.997833]","[-0.044800, 0.046753, 0.028137, 0.997498]","[-0.342041, 0.344971, -0.080811]","[[0.992859, 0.095642, -0.071533], [-0.099548, 0.993652, -0.052063], [0.066040, 0.058777, 0.996094]]",0.992859,"[8071, 7874, 7934, 8001]"
49.974651,"[0.429688, 1.636719, -0.929688]","[0.237975, 1.553187, -1.069842]","[0.089998, 0.739998, 0.579760]","[-0.604173, -0.392760, 0.407120]","[0.072754, -0.058105, 0.094971]","[-0.030792, 0.034973, 0.048553, 0.997711]","[-0.041534, 0.046051, 0.027954, 0.997681]","[0.063477, -0.435303, 0.006348]","[[0.992737, 0.094666, -0.072754], [-0.099060, 0.993286, -0.058105], [0.066772, 0.064819, 0.995544]]",0.992737,"[8098, 7919, 7925, 8007]"
50.007854,"[0.429688, 1.667969, -0.914062]","[0.226083, 1.545244, -1.061662]","[0.089998, 0.719999, 0.608532]","[-0.614048, -0.420841, 0.430835]","[0.077881, -0.060303, 0.093506]","[-0.031982, 0.037445, 0.048004, 0.997650]","[-0.043762, 0.048218, 0.028137, 0.997467]","[-0.368652, 0.554932, -0.099365]","[[0.992615, 0.093323, -0.077820], [-0.098206, 0.993347, -0.060303], [0.071594, 0.067383, 0.995178]]",0.992615,"[8047, 7966, 8027, 7962]"
50.043011,"[0.429688, 1.687500, -0.898438]","[0.201732, 1.527724, -1.043915]","[0.080000, 0.809998, 0.655045]","[-0.632211, -0.475818, 0.477534]","[0.078613, -0.069336, 0.092773]","[-0.036499, 0.037720, 0.047760, 0.997467]","[-0.051147, 0.049896, 0.028595, 0.997009]","[0.187012, 0.074951, -0.018066]","[[0.992493, 0.092468, -0.078735], [-0.098083, 0.992676, -0.069214], [0.071655, 0.076416, 0.994385]]",0.992493,"[8171, 7875, 7936, 8055]"
50.076229,"[0.429688, 1.718750, -0.882812]","[0.176720, 1.508094, -1.024369]","[0.059999, 0.689999, 0.698339]","[-0.648157, -0.529014, 0.523100]","[0.082520, -0.070801, 0.092285]","[-0.037292, 0.039612, 0.047638, 0.997375]","[-0.049042, 0.050690, 0.028534, 0.997070]","[-0.436279, 0.350586, -0.020752]","[[0.992249, 0.091980, -0.082581], [-0.097961, 0.992615, -0.070679], [0.075378, 0.078125, 0.994019]]",0.992249,"[8060, 8025, 8046, 7967]"
50.111362,"[0.429688, 1.750000, -0.867188]","[0.151127, 1.486422, -1.003066]","[0.049999, 0.739998, 0.701759]","[-0.661791, -0.580262, 0.567406]","[0.083252, -0.076904, 0.091797]","[-0.040253, 0.039856, 0.047455, 0.997253]","[-0.055054, 0.052704, 0.028931, 0.996643]","[-0.021973, 0.342773, -0.094238]","[[0.992249, 0.091370, -0.083313], [-0.097839, 0.992188, -0.076599], [0.075623, 0.084045, 0.993469]]",0.992249,"[8199, 7999, 7957, 7968]"
50.14262,"[0.437500, 1.769531, -0.851562]","[0.138143, 1.474846, -0.991772]","[0.029999, 0.649998, 0.734924]","[-0.667712, -0.605098, 0.589041]","[0.086426, -0.081787, 0.092041]","[-0.042816, 0.041321, 0.047821, 0.997070]","[-0.053925, 0.053894, 0.028931, 0.996643]","[-0.133545, 0.372070, -0.037842]","[[0.991943, 0.091797, -0.086548], [-0.098877, 0.991638, -0.081482], [0.078247, 0.089294, 0.992798]]",0.991943,"[8153, 7967, 8003, 7980]"
50.175835,"[0.437500, 1.789062, -0.832031]","[0.111857, 1.450264, -0.967934]","[-0.009998, 0.639999, 0.759584]","[-0.677709, -0.653086, 0.631195]","[0.089844, -0.088135, 0.092529]","[-0.046051, 0.042816, 0.048218, 0.996857]","[-0.056854, 0.053986, 0.029114, 0.996490]","[-0.286377, -0.073730, 0.036621]","[[0.991638, 0.092163, -0.089783], [-0.100098, 0.991089, -0.087769], [0.080872, 0.095947, 0.992065]]",0.991638,"[8171, 7967, 7995, 8033]"
50.210991,"[0.437500, 1.808594, -0.812500]","[0.085230, 1.423854, -0.942481]","[-0.009998, 0.689999, 0.812315]","[-0.685181, -0.698689, 0.671750]","[0.092773, -0.090820, 0.093506]","[-0.047455, 0.044220, 0.048859, 0.996704]","[-0.062714, 0.056244, 0.029572, 0.996002]","[-0.394775, 0.293213, 0.040771]","[[0.991272, 0.093140, -0.092773], [-0.101562, 0.990723, -0.090332], [0.083496, 0.098877, 0.991577]]",0.991272,"[8144, 8031, 8051, 7982]"
50.244183,"[0.429688, 1.828125, -0.792969]","[0.071817, 1.409991, -0.929165]","[-0.029999, 0.579998, 0.867279]","[-0.687948, -0.720550, 0.691393]","[0.093994, -0.094482, 0.094482]","[-0.049377, 0.044739, 0.049469, 0.996521]","[-0.060883, 0.056915, 0.029510, 0.996063]","[0.273193, -0.380859, 0.010254]","[[0.990906, 0.094116, -0.094055], [-0.103027, 0.990051, -0.094055], [0.084167, 0.102844, 0.990967]]",0.990906,"[8212, 8081, 8044, 7969]"
50.277382,"[0.437500, 1.847656, -0.773438]","[0.044868, 1.381023, -0.901414]","[-0.049999, 0.629999, 0.843225]","[-0.691503, -0.762275, 0.729313]","[0.094727, -0.099121, 0.095947]","[-0.051697, 0.044891, 0.050262, 0.996368]","[-0.066772, 0.058594, 0.029938, 0.995575]","[0.161621, 0.174072, 0.015137]","[[0.990784, 0.095459, -0.094666], [-0.104858, 0.989502, -0.098572], [0.084167, 0.107483, 0.990479]]",0.990784,"[8206, 8055, 8049, 7960]"
50.314487,"[0.437500, 1.867188, -0.753906]","[0.017831, 1.350477, -0.872215]","[-0.070000, 0.529999, 0.894138]","[-0.692375, -0.801236, 0.765334]","[0.095703, -0.105469, 0.098389]","[-0.054993, 0.045197, 0.051666, 0.996124]","[-0.066010, 0.059662, 0.029968, 0.995575]","[-0.405029, 0.430420, 0.115723]","[[0.990540, 0.097900, -0.095764], [-0.107910, 0.988525, -0.104980], [0.084290, 0.114258, 0.989807]]",0.99054,"[8266, 8091, 8048, 7952]"
50.345749,"[0.429688, 1.886719, -0.734375]","[-0.009188, 1.318465, -0.841648]","[-0.089998, 0.569998, 0.932495]","[-0.690516, -0.837291, 0.799342]","[0.096924, -0.109863, 0.100830]","[-0.057190, 0.045563, 0.053009, 0.995911]","[-0.071442, 0.060333, 0.030365, 0.995148]","[-0.307617, 0.340576, 0.067383]","[[0.990173, 0.100281, -0.096802], [-0.110779, 0.987793, -0.109131], [0.084595, 0.118774, 0.989258]]",0.990173,"[8309, 8080, 8026, 7977]"
50.37896,"[0.429688, 1.898438, -0.714844]","[-0.022659, 1.301942, -0.825874]","[-0.099998, 0.459999, 0.958879]","[-0.688549, -0.854192, 0.815560]","[0.097168, -0.111572, 0.103271]","[-0.058197, 0.045593, 0.054199, 0.995789]","[-0.069672, 0.061737, 0.030334, 0.995178]","[-0.049072, -0.129639, 0.073730]","[[0.989868, 0.102600, -0.097107], [-0.113220, 0.987305, -0.111023], [0.084412, 0.120789, 0.989014]]",0.989868,"[8263, 8172, 8108, 7926]"
