t,p,p_d,v,v_d,Angles,q,q_sp,w,R,T_sp,rpm
50.00156,"[-0.109375, 0.378906, -0.730469]","[-0.000000, 0.000000, -0.000000]","[0.000000, -0.009998, -0.012035]","[-0.000001, 0.000002, -0.000002]","[0.015381, -0.018311, 0.059326]","[-0.009460, 0.007446, 0.029785, 0.999481]","[-0.000824, 0.000610, 0.028534, 0.999573]","[0.341553, -0.613525, 0.128906]","[[0.998047, 0.059326, -0.015442], [-0.059692, 0.997986, -0.018494], [0.014221, 0.019348, 0.999695]]",0.998047,"[7967, 7871, 7916, 7953]"
50.03476,"[-0.109375, 0.386719, -0.726562]","[-0.000000, 0.000001, -0.000000]","[0.009998, -0.009998, 0.138117]","[-0.000014, 0.000035, -0.000025]","[0.006836, -0.010742, 0.061035]","[-0.005554, 0.003357, 0.030579, 0.999512]","[-0.001160, 0.001251, 0.028534, 0.999573]","[0.274414, 0.045410, 0.070801]","[[0.998108, 0.061035, -0.007019], [-0.061157, 0.998047, -0.010925], [0.006287, 0.011292, 0.999878]]",0.998108,"[7933, 8094, 7884, 7699]"
50.101166,"[-0.109375, 0.386719, -0.718750]","[-0.000003, 0.000009, -0.000006]","[0.029999, -0.019999, 0.247036]","[-0.000119, 0.000305, -0.000215]","[-0.001709, -0.004639, 0.065918]","[-0.002319, -0.000977, 0.033051, 0.999451]","[-0.000549, 0.002075, 0.028534, 0.999573]","[0.210693, -0.337402, 0.155518]","[[0.997803, 0.066040, 0.001770], [-0.066040, 0.997803, -0.004761], [-0.002136, 0.004517, 0.999939]]",0.997803,"[8033, 8092, 7962, 7828]"
50.134369,"[-0.109375, 0.386719, -0.714844]","[-0.000011, 0.000029, -0.000020]","[0.029999, -0.009998, 0.294916]","[-0.000307, 0.000791, -0.000557]","[-0.003662, -0.003418, 0.068604]","[-0.001709, -0.001923, 0.034393, 0.999390]","[-0.001038, 0.002106, 0.028534, 0.999573]","[0.064453, 0.097168, 0.021484]","[[0.997559, 0.068726, 0.003723], [-0.068726, 0.997559, -0.003601], [-0.003967, 0.003235, 0.999878]]",0.997559,"[8108, 8075, 7998, 7858]"
50.167587,"[-0.109375, 0.386719, -0.710938]","[-0.000019, 0.000048, -0.000034]","[0.039999, 0.000000, 0.329359]","[-0.000455, 0.001174, -0.000826]","[-0.006348, -0.001953, 0.071289]","[-0.000916, -0.003235, 0.035675, 0.999359]","[-0.001373, 0.002716, 0.028534, 0.999573]","[-0.122803, -0.112305, 0.048584]","[[0.997437, 0.071289, 0.006348], [-0.071289, 0.997437, -0.002075], [-0.006592, 0.001587, 0.999939]]",0.997437,"[8086, 8108, 8028, 7866]"
50.235931,"[-0.109375, 0.386719, -0.695312]","[-0.000091, 0.000236, -0.000166]","[0.019999, 0.009998, 0.373629]","[-0.001562, 0.004054, -0.002844]","[-0.007812, 0.000000, 0.077881]","[0.000305, -0.003998, 0.039032, 0.999237]","[-0.002014, 0.001740, 0.028534, 0.999573]","[-0.079102, 0.185059, 0.132568]","[[0.996948, 0.077942, 0.007996], [-0.078064, 0.996948, 0.000183], [-0.007996, -0.000916, 0.999939]]",0.996948,"[8148, 8125, 8075, 7915]"
50.269135,"[-0.097656, 0.386719, -0.691406]","[-0.000170, 0.000441, -0.000309]","[0.059999, 0.009998, 0.413662]","[-0.002516, 0.006552, -0.004589]","[-0.008545, 0.002197, 0.081055]","[0.001373, -0.004333, 0.040649, 0.999146]","[-0.001923, 0.004425, 0.028564, 0.999573]","[0.216064, -0.332031, 0.076660]","[[0.996582, 0.081116, 0.008728], [-0.081238, 0.996582, 0.002319], [-0.008606, -0.003052, 0.999878]]",0.996582,"[8128, 8129, 8139, 7926]"
50.304291,"[-0.097656, 0.386719, -0.679688]","[-0.000225, 0.000584, -0.000409]","[0.049999, 0.009998, 0.454777]","[-0.003113, 0.008123, -0.005685]","[-0.009033, 0.002441, 0.083984]","[0.001465, -0.004456, 0.042145, 0.999084]","[-0.001953, 0.004059, 0.028564, 0.999573]","[-0.287598, 0.099365, 0.117188]","[[0.996338, 0.084106, 0.009033], [-0.084229, 0.996338, 0.002441], [-0.008789, -0.003296, 0.999878]]",0.996338,"[8206, 8160, 8152, 7929]"
50.337494,"[-0.097656, 0.386719, -0.671875]","[-0.000374, 0.000973, -0.000682]","[0.089998, 0.019999, 0.428921]","[-0.004579, 0.011994, -0.008380]","[-0.009521, 0.003174, 0.087402]","[0.001862, -0.004700, 0.043762, 0.999023]","[-0.002258, 0.006042, 0.028564, 0.999542]","[0.492676, -0.196777, 0.041504]","[[0.996094, 0.087341, 0.009521], [-0.087463, 0.996094, 0.003235], [-0.009277, -0.004089, 0.999878]]",0.996094,"[8234, 8166, 8127, 7960]"
50.370697,"[-0.089844, 0.386719, -0.664062]","[-0.000588, 0.001535, -0.001074]","[0.070000, 0.029999, 0.460501]","[-0.006436, 0.016926, -0.011804]","[-0.009033, 0.004883, 0.090820]","[0.002747, -0.004425, 0.045441, 0.998962]","[-0.002747, 0.005554, 0.028564, 0.999542]","[-0.085449, 0.139648, 0.105469]","[[0.995850, 0.090698, 0.009094], [-0.090820, 0.995850, 0.005005], [-0.008606, -0.005859, 0.999939]]",0.99585,"[8180, 8211, 8212, 7927]"
50.4039,"[-0.089844, 0.386719, -0.652344]","[-0.000882, 0.002311, -0.001615]","[0.099998, 0.029999, 0.469723]","[-0.008715, 0.023016, -0.016021]","[-0.008301, 0.004639, 0.094727]","[0.002563, -0.004089, 0.047424, 0.998871]","[-0.002716, 0.007263, 0.028564, 0.999542]","[-0.018555, -0.119141, 0.182617]","[[0.995483, 0.094666, 0.008362], [-0.094788, 0.995483, 0.004639], [-0.007996, -0.005493, 0.999939]]",0.995483,"[8242, 8172, 8203, 8007]"
50.439056,"[-0.089844, 0.386719, -0.640625]","[-0.001065, 0.002794, -0.001951]","[0.109999, 0.049999, 0.517902]","[-0.010019, 0.026519, -0.018441]","[-0.007812, 0.004639, 0.098633]","[0.002563, -0.003876, 0.049377, 0.998749]","[-0.003540, 0.007782, 0.028564, 0.999542]","[0.002197, 0.017822, 0.036865]","[[0.994995, 0.098511, 0.007996], [-0.098633, 0.994995, 0.004639], [-0.007507, -0.005493, 0.999817]]",0.994995,"[8303, 8172, 8219, 7999]"
50.472263,"[-0.078125, 0.386719, -0.628906]","[-0.001512, 0.003981, -0.002775]","[0.089998, 0.039999, 0.523413]","[-0.012967, 0.034483, -0.023930]","[-0.006836, 0.005127, 0.102051]","[0.002869, -0.003296, 0.051178, 0.998688]","[-0.002930, 0.007629, 0.028564, 0.999542]","[0.024414, -0.095703, 0.160156]","[[0.994751, 0.102112, 0.006836], [-0.102234, 0.994751, 0.005310], [-0.006348, -0.006042, 0.999939]]",0.994751,"[8260, 8228, 8276, 7999]"
50.507416,"[-0.066406, 0.386719, -0.617188]","[-0.002084, 0.005505, -0.003832]","[0.099998, 0.059999, 0.625452]","[-0.016372, 0.043754, -0.030300]","[-0.004639, 0.006348, 0.104980]","[0.003387, -0.002228, 0.052582, 0.998596]","[-0.003754, 0.008881, 0.028564, 0.999542]","[-0.138672, 0.120605, 0.118652]","[[0.994385, 0.104919, 0.004761], [-0.105042, 0.994385, 0.006470], [-0.004150, -0.006958, 0.999878]]",0.994385,"[8299, 8249, 8349, 8089]"
50.540619,"[-0.066406, 0.386719, -0.601562]","[-0.002798, 0.007417, -0.005154]","[0.109999, 0.059999, 0.639353]","[-0.020233, 0.054359, -0.037560]","[-0.003906, 0.007080, 0.107666]","[0.003723, -0.001770, 0.053955, 0.998535]","[-0.003754, 0.009613, 0.028564, 0.999512]","[0.162354, 0.018311, 0.137939]","[[0.994141, 0.107666, 0.003906], [-0.107788, 0.994141, 0.007141], [-0.003174, -0.007629, 0.999939]]",0.994141,"[8336, 8309, 8386, 8100]"
50.573826,"[-0.066406, 0.386719, -0.585938]","[-0.003213, 0.008535, -0.005926]","[0.160000, 0.089998, 0.704473]","[-0.022330, 0.060159, -0.041519]","[-0.002197, 0.007568, 0.109619]","[0.003967, -0.000977, 0.054840, 0.998474]","[-0.005005, 0.012085, 0.028595, 0.999481]","[-0.079834, 0.084961, 0.087891]","[[0.993896, 0.109436, 0.002380], [-0.109558, 0.993896, 0.007751], [-0.001526, -0.007996, 0.999878]]",0.993896,"[8355, 8356, 8391, 8125]"
50.607025,"[-0.066406, 0.406250, -0.574219]","[-0.004172, 0.011126, -0.007712]","[0.099998, 0.080000, 0.707479]","[-0.026848, 0.072748, -0.050086]","[-0.000488, 0.005859, 0.111572]","[0.003113, -0.000183, 0.055817, 0.998444]","[-0.005463, 0.009430, 0.028595, 0.999512]","[0.141846, 0.379639, -0.001709]","[[0.993774, 0.111389, 0.000671], [-0.111511, 0.993774, 0.006104], [-0.000061, -0.006226, 1.000000]]",0.993774,"[8467, 8342, 8409, 8228]"
50.642181,"[-0.058594, 0.406250, -0.558594]","[-0.005316, 0.014235, -0.009850]","[0.139999, 0.089998, 0.721495]","[-0.031772, 0.086620, -0.059486]","[0.001709, 0.008301, 0.113525]","[0.004150, 0.001099, 0.056793, 0.998383]","[-0.005615, 0.011871, 0.028595, 0.999481]","[0.302002, 0.008301, 0.003418]","[[0.993530, 0.113342, -0.001709], [-0.113342, 0.993530, 0.008362], [0.002563, -0.008118, 0.999939]]",0.99353,"[8365, 8422, 8516, 8195]"
50.675385,"[-0.046875, 0.406250, -0.546875]","[-0.005962, 0.015999, -0.011060]","[0.150000, 0.119999, 0.742186]","[-0.034376, 0.094022, -0.064485]","[0.002441, 0.005127, 0.115234]","[0.002594, 0.001404, 0.057648, 0.998322]","[-0.006683, 0.013245, 0.028625, 0.999451]","[-0.246338, -0.095703, 0.011963]","[[0.993286, 0.115051, -0.002502], [-0.115051, 0.993286, 0.005249], [0.002991, -0.005005, 0.999878]]",0.993286,"[8509, 8381, 8481, 8283]"
50.708588,"[-0.046875, 0.417969, -0.531250]","[-0.007410, 0.019973, -0.013783]","[0.129999, 0.099998, 0.733246]","[-0.039841, 0.109709, -0.075038]","[0.003906, 0.007080, 0.116699]","[0.003540, 0.002197, 0.058380, 0.998291]","[-0.006226, 0.012512, 0.028625, 0.999481]","[0.127441, 0.113037, 0.079346]","[[0.993164, 0.116516, -0.003967], [-0.116516, 0.993164, 0.007263], [0.004700, -0.006775, 0.999939]]",0.993164,"[8490, 8458, 8512, 8197]"
50.741795,"[-0.046875, 0.417969, -0.519531]","[-0.009078, 0.024584, -0.016932]","[0.169998, 0.139999, 0.736765]","[-0.045610, 0.126505, -0.086277]","[0.004883, 0.004639, 0.118164]","[0.002258, 0.002625, 0.059082, 0.998230]","[-0.007996, 0.014618, 0.028656, 0.999420]","[-0.077637, -0.111816, 0.045898]","[[0.992920, 0.117920, -0.004944], [-0.117920, 0.992920, 0.004761], [0.005432, -0.004150, 0.999878]]",0.99292,"[8519, 8436, 8526, 8297]"
50.776947,"[-0.039062, 0.417969, -0.500000]","[-0.010977, 0.029870, -0.020531]","[0.129999, 0.119999, 0.773634]","[-0.051627, 0.144302, -0.098116]","[0.006592, 0.006104, 0.119385]","[0.002991, 0.003571, 0.059753, 0.998199]","[-0.006683, 0.013367, 0.028625, 0.999451]","[0.002441, -0.108643, 0.022461]","[[0.992798, 0.119263, -0.006775], [-0.119263, 0.992798, 0.006287], [0.007385, -0.005554, 0.999878]]",0.992798,"[8488, 8513, 8569, 8273]"
50.81015,"[-0.027344, 0.429688, -0.484375]","[-0.012015, 0.032778, -0.022507]","[0.189999, 0.160000, 0.728857]","[-0.054709, 0.153538, -0.104232]","[0.008789, 0.004639, 0.120850]","[0.002075, 0.004639, 0.060455, 0.998138]","[-0.008789, 0.017090, 0.028687, 0.999390]","[0.011475, -0.033447, 0.042236]","[[0.992554, 0.120667, -0.008972], [-0.120667, 0.992554, 0.004639], [0.009460, -0.003540, 0.999817]]",0.992554,"[8543, 8466, 8570, 8342]"
50.843353,"[-0.027344, 0.429688, -0.472656]","[-0.014274, 0.039146, -0.026823]","[0.139999, 0.129999, 0.745380]","[-0.060982, 0.172613, -0.116797]","[0.011230, 0.005859, 0.121582]","[0.002655, 0.005859, 0.060791, 0.998108]","[-0.007019, 0.014832, 0.028625, 0.999451]","[-0.004639, 0.223877, 0.090088]","[[0.992432, 0.121338, -0.011353], [-0.121338, 0.992493, 0.005920], [0.011963, -0.004578, 0.999817]]",0.992432,"[8520, 8509, 8598, 8295]"
50.876556,"[-0.027344, 0.429688, -0.460938]","[-0.016780, 0.046273, -0.031636]","[0.150000, 0.129999, 0.738840]","[-0.067339, 0.192367, -0.129711]","[0.013184, 0.004150, 0.122559]","[0.001770, 0.006744, 0.061249, 0.998077]","[-0.006378, 0.015564, 0.028625, 0.999420]","[0.029053, 0.080078, 0.017090]","[[0.992310, 0.122253, -0.013245], [-0.122253, 0.992371, 0.004272], [0.013611, -0.002686, 0.999756]]",0.99231,"[8571, 8475, 8625, 8392]"
50.909763,"[-0.007812, 0.437500, -0.449219]","[-0.018127, 0.050128, -0.034234]","[0.189999, 0.189999, 0.731205]","[-0.070527, 0.202451, -0.136265]","[0.014648, 0.004150, 0.123047]","[0.001648, 0.007477, 0.061584, 0.998047]","[-0.009430, 0.019318, 0.028717, 0.999329]","[0.109863, -0.121826, -0.011475]","[[0.992188, 0.122925, -0.014709], [-0.122925, 0.992249, 0.004150], [0.015076, -0.002319, 0.999756]]",0.992188,"[8585, 8510, 8624, 8369]"
50.944916,"[-0.007812, 0.457031, -0.433594]","[-0.021005, 0.058434, -0.039813]","[0.150000, 0.160000, 0.721016]","[-0.076874, 0.222938, -0.149489]","[0.015625, 0.003906, 0.123535]","[0.001495, 0.007965, 0.061798, 0.998047]","[-0.008392, 0.017700, 0.028687, 0.999390]","[-0.062256, -0.163818, -0.009766]","[[0.992188, 0.123352, -0.015686], [-0.123352, 0.992310, 0.003906], [0.016052, -0.001953, 0.999817]]",0.992188,"[8582, 8544, 8630, 8347]"
50.978123,"[-0.007812, 0.457031, -0.421875]","[-0.024132, 0.067550, -0.045914]","[0.189999, 0.199999, 0.713789]","[-0.083122, 0.243725, -0.162778]","[0.017334, 0.003418, 0.123779]","[0.001221, 0.008850, 0.061890, 0.998016]","[-0.009674, 0.019928, 0.028717, 0.999329]","[-0.219727, 0.094482, 0.017578]","[[0.992065, 0.123474, -0.017517], [-0.123474, 0.992188, 0.003418], [0.017761, -0.001343, 0.999695]]",0.992065,"[8569, 8549, 8639, 8371]"
51.011326,"[0.000000, 0.468750, -0.410156]","[-0.027497, 0.077477, -0.052530]","[0.150000, 0.160000, 0.675749]","[-0.089186, 0.264629, -0.175996]","[0.019043, 0.002930, 0.123535]","[0.001007, 0.009705, 0.061859, 0.998016]","[-0.007874, 0.018646, 0.028687, 0.999359]","[0.053467, 0.091797, 0.050537]","[[0.992065, 0.123413, -0.019226], [-0.123413, 0.992249, 0.003113], [0.019470, -0.000793, 0.999695]]",0.992065,"[8608, 8554, 8621, 8407]"
51.046478,"[0.007812, 0.468750, -0.394531]","[-0.029268, 0.082747, -0.056031]","[0.189999, 0.209999, 0.664667]","[-0.092126, 0.275077, -0.182542]","[0.021484, 0.001953, 0.123535]","[0.000458, 0.010803, 0.061768, 0.998016]","[-0.009369, 0.021759, 0.028717, 0.999298]","[-0.061279, 0.016357, 0.028320]","[[0.992065, 0.123230, -0.021545], [-0.123230, 0.992249, 0.002136], [0.021545, 0.000427, 0.999695]]",0.992065,"[8604, 8554, 8642, 8414]"
51.079697,"[0.007812, 0.476562, -0.386719]","[-0.032978, 0.093900, -0.063415]","[0.160000, 0.179998, 0.665033]","[-0.097772, 0.295859, -0.195434]","[0.022949, 0.000732, 0.123047]","[-0.000275, 0.011566, 0.061523, 0.998016]","[-0.007812, 0.020477, 0.028687, 0.999329]","[-0.009277, -0.089355, -0.026367]","[[0.992065, 0.122742, -0.023132], [-0.122864, 0.992310, 0.000854], [0.023010, 0.001953, 0.999634]]",0.992065,"[8638, 8566, 8641, 8435]"
51.112885,"[0.007812, 0.476562, -0.371094]","[-0.036901, 0.105857, -0.071295]","[0.150000, 0.169998, 0.658419]","[-0.103041, 0.316342, -0.207948]","[0.022949, -0.000977, 0.123047]","[-0.001282, 0.011505, 0.061584, 0.998016]","[-0.006470, 0.020325, 0.028656, 0.999359]","[-0.023682, -0.072266, -0.037354]","[[0.992065, 0.122803, -0.023132], [-0.122925, 0.992310, -0.001160], [0.022766, 0.003967, 0.999634]]",0.992065,"[8697, 8566, 8600, 8439]"
51.146088,"[0.019531, 0.488281, -0.363281]","[-0.041023, 0.118610, -0.079656]","[0.199999, 0.230000, 0.627771]","[-0.107856, 0.336368, -0.219973]","[0.023682, 0.002686, 0.121582]","[0.000732, 0.011993, 0.060822, 0.998077]","[-0.009186, 0.024048, 0.028748, 0.999237]","[0.014648, 0.056641, 0.027832]","[[0.992310, 0.121399, -0.023865], [-0.121399, 0.992554, 0.002808], [0.023987, 0.000000, 0.999695]]",0.99231,"[8580, 8669, 8686, 8349]"
51.179291,"[0.027344, 0.500000, -0.351562]","[-0.043150, 0.125273, -0.084007]","[0.150000, 0.179998, 0.626793]","[-0.110070, 0.346152, -0.225761]","[0.025391, -0.000732, 0.119873]","[-0.001129, 0.012634, 0.060028, 0.998108]","[-0.006775, 0.022400, 0.028687, 0.999298]","[-0.060059, 0.070068, -0.071533]","[[0.992432, 0.119751, -0.025391], [-0.119873, 0.992737, -0.000793], [0.025024, 0.003723, 0.999634]]",0.992432,"[8653, 8583, 8619, 8483]"
51.214447,"[0.027344, 0.500000, -0.343750]","[-0.047530, 0.139169, -0.093045]","[0.160000, 0.249998, 0.613945]","[-0.114066, 0.365181, -0.236828]","[0.027344, -0.000732, 0.117432]","[-0.001221, 0.013611, 0.058807, 0.998169]","[-0.009064, 0.023438, 0.028748, 0.999268]","[-0.349609, 0.026367, -0.068848]","[[0.992676, 0.117310, -0.027344], [-0.117432, 0.993042, -0.000854], [0.026978, 0.004028, 0.999573]]",0.992676,"[8618, 8612, 8654, 8457]"
51.247654,"[0.039062, 0.507812, -0.335938]","[-0.052053, 0.153792, -0.102499]","[0.129999, 0.199999, 0.594044]","[-0.117431, 0.383356, -0.247124]","[0.028076, -0.001221, 0.115234]","[-0.001465, 0.014069, 0.057709, 0.998230]","[-0.006409, 0.023010, 0.028656, 0.999298]","[0.214111, -0.004150, -0.085449]","[[0.992920, 0.115112, -0.028259], [-0.115234, 0.993286, -0.001343], [0.027893, 0.004517, 0.999573]]",0.99292,"[8653, 8611, 8620, 8490]"
51.280857,"[0.046875, 0.519531, -0.328125]","[-0.054362, 0.161366, -0.107375]","[0.150000, 0.199999, 0.570875]","[-0.118856, 0.392078, -0.251952]","[0.029053, -0.001709, 0.112061]","[-0.001648, 0.014465, 0.056122, 0.998291]","[-0.005859, 0.024811, 0.028656, 0.999237]","[0.099121, -0.068115, -0.127441]","[[0.993164, 0.111938, -0.029114], [-0.112061, 0.993530, -0.001709], [0.028625, 0.004883, 0.999451]]",0.993164,"[8649, 8647, 8623, 8493]"
51.314056,"[0.046875, 0.519531, -0.320312]","[-0.059052, 0.177010, -0.117395]","[0.150000, 0.259998, 0.565207]","[-0.121152, 0.408703, -0.260906]","[0.030029, -0.001709, 0.108887]","[-0.001709, 0.014954, 0.054535, 0.998383]","[-0.007690, 0.025238, 0.028717, 0.999237]","[0.060303, -0.071777, -0.099609]","[[0.993530, 0.108826, -0.030090], [-0.108948, 0.993958, -0.001831], [0.029602, 0.005005, 0.999451]]",0.99353,"[8632, 8635, 8595, 8502]"
51.34726,"[0.046875, 0.539062, -0.308594]","[-0.063816, 0.193280, -0.127745]","[0.129999, 0.219999, 0.553659]","[-0.122664, 0.424130, -0.268853]","[0.031494, -0.001221, 0.105957]","[-0.001526, 0.015686, 0.053070, 0.998444]","[-0.006104, 0.024841, 0.028687, 0.999237]","[-0.087891, 0.200439, -0.071045]","[[0.993774, 0.105896, -0.031494], [-0.106018, 0.994263, -0.001404], [0.031128, 0.004700, 0.999390]]",0.993774,"[8603, 8642, 8598, 8475]"
51.380463,"[0.058594, 0.546875, -0.304688]","[-0.068624, 0.210130, -0.138386]","[0.160000, 0.269999, 0.511467]","[-0.123338, 0.438241, -0.275718]","[0.032227, -0.001221, 0.103271]","[-0.001434, 0.016083, 0.051666, 0.998535]","[-0.007843, 0.027679, 0.028717, 0.999146]","[0.065186, 0.060547, -0.065674]","[[0.994141, 0.103088, -0.032288], [-0.103210, 0.994629, -0.001221], [0.031921, 0.004517, 0.999451]]",0.994141,"[8611, 8634, 8606, 8518]"
51.415619,"[0.058594, 0.558594, -0.300781]","[-0.071033, 0.218750, -0.143798]","[0.119999, 0.219999, 0.485130]","[-0.123346, 0.444765, -0.278720]","[0.033203, -0.001221, 0.100586]","[-0.001495, 0.016571, 0.050323, 0.998596]","[-0.004852, 0.025879, 0.028656, 0.999237]","[0.077393, 0.144531, -0.045898]","[[0.994385, 0.100403, -0.033264], [-0.100525, 0.994873, -0.001343], [0.032898, 0.004639, 0.999390]]",0.994385,"[8625, 8628, 8581, 8474]"
51.448826,"[0.066406, 0.566406, -0.296875]","[-0.075841, 0.236362, -0.154790]","[0.139999, 0.269999, 0.450136]","[-0.122680, 0.456700, -0.283831]","[0.033936, -0.001221, 0.098145]","[-0.001495, 0.016907, 0.049133, 0.998657]","[-0.006622, 0.028015, 0.028687, 0.999146]","[0.062988, -0.049561, -0.044434]","[[0.994629, 0.098022, -0.033936], [-0.098145, 0.995178, -0.001343], [0.033569, 0.004639, 0.999451]]",0.994629,"[8574, 8620, 8569, 8473]"
51.483978,"[0.078125, 0.566406, -0.289062]","[-0.080605, 0.254409, -0.165957]","[0.129999, 0.240000, 0.424185]","[-0.121072, 0.467072, -0.287704]","[0.033691, -0.001465, 0.095459]","[-0.001617, 0.016815, 0.047821, 0.998718]","[-0.004181, 0.028687, 0.028625, 0.999146]","[0.042236, -0.055420, -0.078369]","[[0.994873, 0.095398, -0.033752], [-0.095520, 0.995422, -0.001648], [0.033386, 0.004822, 0.999390]]",0.994873,"[8610, 8634, 8537, 8447]"
51.515228,"[0.066406, 0.578125, -0.285156]","[-0.082959, 0.263579, -0.171592]","[0.099998, 0.230000, 0.400969]","[-0.119905, 0.471646, -0.289163]","[0.034180, -0.001709, 0.093262]","[-0.001648, 0.017120, 0.046722, 0.998749]","[-0.003113, 0.026703, 0.028595, 0.999207]","[-0.018311, 0.045410, -0.059326]","[[0.994995, 0.093262, -0.034363], [-0.093384, 0.995544, -0.001709], [0.033997, 0.004883, 0.999329]]",0.994995,"[8573, 8620, 8529, 8420]"
51.548435,"[0.078125, 0.589844, -0.281250]","[-0.087585, 0.282159, -0.182927]","[0.129999, 0.279999, 0.382538]","[-0.116828, 0.479530, -0.291102]","[0.034668, -0.000732, 0.090576]","[-0.001221, 0.017303, 0.045380, 0.998810]","[-0.005127, 0.029449, 0.028656, 0.999115]","[0.012451, 0.012451, -0.043945]","[[0.995239, 0.090576, -0.034668], [-0.090698, 0.995789, -0.000916], [0.034424, 0.003967, 0.999329]]",0.995239,"[8556, 8584, 8514, 8413]"
51.583603,"[0.078125, 0.597656, -0.273438]","[-0.092074, 0.301022, -0.194318]","[0.109999, 0.249998, 0.386869]","[-0.112740, 0.485678, -0.291712]","[0.035156, -0.000732, 0.087646]","[-0.001160, 0.017639, 0.043945, 0.998871]","[-0.002930, 0.029022, 0.028595, 0.999146]","[-0.128174, 0.025391, -0.063965]","[[0.995483, 0.087708, -0.035339], [-0.087830, 0.996094, -0.000793], [0.035095, 0.003845, 0.999329]]",0.995483,"[8556, 8606, 8492, 8386]"
51.616791,"[0.078125, 0.609375, -0.269531]","[-0.096380, 0.320081, -0.205701]","[0.089998, 0.240000, 0.375414]","[-0.107630, 0.490042, -0.290976]","[0.035400, -0.000732, 0.085205]","[-0.001099, 0.017761, 0.042664, 0.998932]","[-0.001984, 0.028503, 0.028564, 0.999176]","[0.189209, -0.104248, -0.116699]","[[0.995728, 0.085144, -0.035583], [-0.085266, 0.996338, -0.000732], [0.035339, 0.003662, 0.999329]]",0.995728,"[8561, 8595, 8477, 8440]"
51.649994,"[0.089844, 0.617188, -0.265625]","[-0.098454, 0.329667, -0.211376]","[0.109999, 0.309999, 0.364433]","[-0.104686, 0.491545, -0.290101]","[0.036865, 0.000244, 0.082520]","[-0.000641, 0.018494, 0.041290, 0.998962]","[-0.004852, 0.030396, 0.028656, 0.999084]","[0.113525, -0.119629, -0.082764]","[[0.995850, 0.082397, -0.036987], [-0.082520, 0.996521, 0.000244], [0.036865, 0.002808, 0.999207]]",0.99585,"[8542, 8580, 8482, 8453]"
51.683197,"[0.097656, 0.617188, -0.261719]","[-0.102416, 0.348906, -0.222658]","[0.099998, 0.249998, 0.351316]","[-0.098020, 0.493175, -0.287333]","[0.037598, 0.001709, 0.080078]","[0.000183, 0.018890, 0.040070, 0.999023]","[-0.000580, 0.030640, 0.028534, 0.999115]","[-0.041260, -0.063232, -0.054443]","[[0.996094, 0.080017, -0.037720], [-0.080017, 0.996765, 0.001770], [0.037720, 0.001160, 0.999268]]",0.996094,"[8490, 8612, 8479, 8368]"
51.7164,"[0.097656, 0.636719, -0.261719]","[-0.106099, 0.368174, -0.233807]","[0.099998, 0.320000, 0.338724]","[-0.090309, 0.492952, -0.283212]","[0.038574, 0.000977, 0.077881]","[-0.000244, 0.019287, 0.039001, 0.999054]","[-0.004089, 0.031250, 0.028625, 0.999084]","[-0.076172, 0.229004, -0.086426]","[[0.996216, 0.077820, -0.038574], [-0.077942, 0.996948, 0.000977], [0.038452, 0.001953, 0.999207]]",0.996216,"[8566, 8549, 8417, 8416]"
51.749603,"[0.097656, 0.636719, -0.253906]","[-0.107821, 0.377795, -0.239314]","[0.070000, 0.259998, 0.317587]","[-0.086065, 0.492141, -0.280648]","[0.039062, 0.002197, 0.075684]","[0.000488, 0.019562, 0.037933, 0.999084]","[0.000000, 0.030151, 0.028503, 0.999115]","[0.174316, -0.045166, -0.012451]","[[0.996338, 0.075745, -0.039062], [-0.075745, 0.997070, 0.002380], [0.039062, 0.000549, 0.999207]]",0.996338,"[8469, 8579, 8471, 8382]"
51.782806,"[0.097656, 0.648438, -0.250000]","[-0.111005, 0.396963, -0.250160]","[0.099998, 0.259998, 0.329824]","[-0.076802, 0.489125, -0.274526]","[0.039795, 0.001709, 0.073730]","[0.000153, 0.019928, 0.036926, 0.999115]","[0.000641, 0.031830, 0.028473, 0.999084]","[-0.025391, -0.129883, -0.090576]","[[0.996460, 0.073730, -0.039795], [-0.073730, 0.997253, 0.001709], [0.039795, 0.001221, 0.999146]]",0.99646,"[8527, 8550, 8429, 8385]"
51.816013,"[0.109375, 0.656250, -0.250000]","[-0.113808, 0.415982, -0.260743]","[0.070000, 0.339998, 0.306583]","[-0.066512, 0.484254, -0.267100]","[0.040527, 0.003418, 0.071777]","[0.001068, 0.020325, 0.035919, 0.999146]","[-0.002625, 0.031311, 0.028595, 0.999084]","[0.008789, 0.148682, -0.081543]","[[0.996582, 0.071716, -0.040527], [-0.071716, 0.997375, 0.003479], [0.040649, -0.000671, 0.999146]]",0.996582,"[8475, 8534, 8399, 8339]"
51.851166,"[0.109375, 0.667969, -0.250000]","[-0.116189, 0.434773, -0.271011]","[0.070000, 0.259998, 0.262709]","[-0.055209, 0.477529, -0.258394]","[0.041016, 0.003662, 0.069580]","[0.001251, 0.020599, 0.034851, 0.999176]","[0.001617, 0.031555, 0.028442, 0.999084]","[0.095947, 0.052979, -0.076172]","[[0.996704, 0.069641, -0.041077], [-0.069641, 0.997498, 0.003845], [0.041199, -0.001038, 0.999084]]",0.996704,"[8442, 8536, 8406, 8327]"
51.884369,"[0.109375, 0.679688, -0.246094]","[-0.117209, 0.444063, -0.276012]","[0.059999, 0.349998, 0.277012]","[-0.049182, 0.473482, -0.253574]","[0.041260, 0.003174, 0.067627]","[0.001007, 0.020721, 0.033844, 0.999207]","[-0.002380, 0.031433, 0.028564, 0.999084]","[-0.076172, 0.041748, -0.007080]","[[0.996826, 0.067627, -0.041321], [-0.067627, 0.997681, 0.003296], [0.041443, -0.000610, 0.999084]]",0.996826,"[8451, 8475, 8354, 8359]"
51.917587,"[0.117188, 0.687500, -0.242188]","[-0.118883, 0.462376, -0.285714]","[0.049999, 0.269999, 0.283255]","[-0.036394, 0.464025, -0.243025]","[0.041504, 0.005127, 0.065430]","[0.002014, 0.020844, 0.032776, 0.999237]","[0.001984, 0.031555, 0.028442, 0.999084]","[0.066650, 0.033203, -0.128906]","[[0.996948, 0.065552, -0.041504], [-0.065430, 0.997803, 0.005310], [0.041748, -0.002625, 0.999084]]",0.996948,"[8408, 8519, 8382, 8299]"
51.950775,"[0.109375, 0.699219, -0.238281]","[-0.120039, 0.480289, -0.294982]","[0.019999, 0.289999, 0.277092]","[-0.022642, 0.452775, -0.231298]","[0.041016, 0.005127, 0.063721]","[0.002014, 0.020691, 0.031830, 0.999268]","[0.001190, 0.029755, 0.028473, 0.999146]","[0.009766, -0.123535, -0.049072]","[[0.997070, 0.063660, -0.041199], [-0.063538, 0.997925, 0.005249], [0.041443, -0.002686, 0.999084]]",0.99707,"[8432, 8499, 8341, 8298]"
51.985931,"[0.117188, 0.718750, -0.238281]","[-0.120640, 0.497727, -0.303770]","[0.039999, 0.349998, 0.276180]","[-0.007951, 0.439759, -0.218436]","[0.041016, 0.006592, 0.061523]","[0.002808, 0.020691, 0.030762, 0.999298]","[-0.001648, 0.031403, 0.028564, 0.999084]","[0.006592, -0.222412, -0.049072]","[[0.997192, 0.061523, -0.041199], [-0.061401, 0.998047, 0.006775], [0.041443, -0.004333, 0.999084]]",0.997192,"[8372, 8491, 8331, 8303]"
52.019135,"[0.117188, 0.726562, -0.234375]","[-0.120720, 0.506244, -0.307968]","[0.019999, 0.289999, 0.263784]","[-0.000264, 0.432603, -0.211603]","[0.040771, 0.008057, 0.059326]","[0.003510, 0.020569, 0.029694, 0.999359]","[0.001495, 0.026917, 0.028473, 0.999207]","[-0.119873, 0.188232, -0.065186]","[[0.997437, 0.059448, -0.040894], [-0.059204, 0.998230, 0.008179], [0.041260, -0.005737, 0.999146]]",0.997437,"[8371, 8515, 8353, 8241]"
52.052341,"[0.117188, 0.738281, -0.230469]","[-0.120420, 0.522848, -0.315957]","[0.029999, 0.359999, 0.257471]","[0.015787, 0.417012, -0.197134]","[0.039551, 0.007080, 0.057129]","[0.003082, 0.019928, 0.028564, 0.999390]","[-0.001648, 0.027618, 0.028564, 0.999207]","[-0.033691, -0.048340, -0.058838]","[[0.997559, 0.057190, -0.039673], [-0.056946, 0.998352, 0.007202], [0.039917, -0.005005, 0.999146]]",0.997559,"[8365, 8468, 8287, 8292]"
52.085541,"[0.117188, 0.750000, -0.230469]","[-0.119475, 0.538803, -0.323358]","[0.009998, 0.329998, 0.255201]","[0.032704, 0.399745, -0.181676]","[0.038818, 0.007568, 0.054932]","[0.003296, 0.019501, 0.027435, 0.999420]","[-0.000061, 0.026733, 0.028503, 0.999207]","[0.106201, -0.145264, -0.096436]","[[0.997681, 0.054932, -0.038818], [-0.054688, 0.998413, 0.007568], [0.039062, -0.005493, 0.999146]]",0.997681,"[8364, 8469, 8278, 8276]"
52.120693,"[0.117188, 0.757812, -0.226562]","[-0.118751, 0.546523, -0.326829]","[0.019999, 0.379999, 0.279333]","[0.041479, 0.390501, -0.173586]","[0.037109, 0.006592, 0.052734]","[0.002899, 0.018677, 0.026428, 0.999481]","[-0.002136, 0.027283, 0.028564, 0.999207]","[-0.079346, -0.035645, -0.087402]","[[0.997925, 0.052856, -0.037170], [-0.052734, 0.998596, 0.006714], [0.037415, -0.004761, 0.999268]]",0.997925,"[8355, 8457, 8272, 8248]"
52.153915,"[0.117188, 0.769531, -0.222656]","[-0.116778, 0.561397, -0.333282]","[0.009998, 0.309999, 0.270527]","[0.059640, 0.370808, -0.156725]","[0.036133, 0.006836, 0.050537]","[0.002991, 0.018188, 0.025360, 0.999512]","[0.001343, 0.026672, 0.028473, 0.999207]","[0.093262, -0.012695, -0.035889]","[[0.998047, 0.050720, -0.036194], [-0.050598, 0.998657, 0.006836], [0.036438, -0.005005, 0.999329]]",0.998047,"[8326, 8466, 8247, 8198]"
52.187103,"[0.117188, 0.777344, -0.218750]","[-0.114082, 0.575469, -0.339061]","[0.009998, 0.329998, 0.254824]","[0.078583, 0.349555, -0.139016]","[0.035645, 0.006592, 0.048340]","[0.002960, 0.017975, 0.024200, 0.999542]","[0.000488, 0.026581, 0.028503, 0.999237]","[-0.291748, 0.031738, -0.084717]","[[0.998169, 0.048401, -0.035767], [-0.048279, 0.998779, 0.006714], [0.036011, -0.005005, 0.999329]]",0.998169,"[8351, 8438, 8233, 8246]"
52.220306,"[0.117188, 0.796875, -0.214844]","[-0.110631, 0.588686, -0.344132]","[-0.039999, 0.409998, 0.218189]","[0.098277, 0.326779, -0.120510]","[0.034424, 0.008789, 0.046387]","[0.004089, 0.017334, 0.023163, 0.999573]","[-0.004059, 0.024292, 0.028625, 0.999268]","[0.431152, -0.135254, -0.104980]","[[0.998291, 0.046387, -0.034424], [-0.046143, 0.998840, 0.008911], [0.034790, -0.007324, 0.999329]]",0.998291,"[8272, 8438, 8187, 8183]"
52.25351,"[0.117188, 0.808594, -0.214844]","[-0.108612, 0.594949, -0.346392]","[0.019999, 0.329998, 0.250193]","[0.108387, 0.314857, -0.110985]","[0.032471, 0.008301, 0.043701]","[0.003906, 0.016418, 0.021851, 0.999603]","[-0.000061, 0.026978, 0.028503, 0.999207]","[-0.219727, -0.072266, -0.057617]","[[0.998413, 0.043762, -0.032654], [-0.043518, 0.998901, 0.008423], [0.032898, -0.007080, 0.999329]]",0.998413,"[8244, 8464, 8241, 8157]"
52.286713,"[0.117188, 0.816406, -0.207031]","[-0.103975, 0.606766, -0.350348]","[0.000000, 0.349998, 0.267975]","[0.129128, 0.289927, -0.091420]","[0.032227, 0.006836, 0.041016]","[0.003235, 0.016235, 0.020538, 0.999634]","[-0.001099, 0.025543, 0.028534, 0.999237]","[0.077881, 0.167236, -0.052979]","[[0.998535, 0.041077, -0.032288], [-0.040955, 0.999023, 0.007019], [0.032532, -0.005798, 0.999329]]",0.998535,"[8316, 8418, 8135, 8214]"
52.321869,"[0.117188, 0.828125, -0.203125]","[-0.098516, 0.617582, -0.353527]","[-0.019999, 0.429998, 0.263838]","[0.150506, 0.263646, -0.071230]","[0.031494, 0.005859, 0.039062]","[0.002747, 0.015900, 0.019562, 0.999664]","[-0.005157, 0.024445, 0.028656, 0.999268]","[0.228516, -0.038086, -0.003418]","[[0.998657, 0.039124, -0.031677], [-0.039001, 0.999146, 0.006042], [0.031799, -0.004822, 0.999390]]",0.998657,"[8288, 8407, 8180, 8196]"
52.355072,"[0.117188, 0.859375, -0.199219]","[-0.095470, 0.622601, -0.354815]","[-0.009998, 0.359999, 0.305544]","[0.161427, 0.250010, -0.060933]","[0.030273, 0.007568, 0.036865]","[0.003540, 0.015259, 0.018463, 0.999695]","[-0.003418, 0.024628, 0.028595, 0.999268]","[-0.031738, -0.033203, -0.072510]","[[0.998779, 0.036926, -0.030334], [-0.036804, 0.999207, 0.007568], [0.030579, -0.006470, 0.999451]]",0.998779,"[8219, 8460, 8223, 8119]"
52.388287,"[0.117188, 0.867188, -0.191406]","[-0.088732, 0.631821, -0.356790]","[-0.009998, 0.449999, 0.308937]","[0.183674, 0.221823, -0.039982]","[0.029297, 0.003906, 0.034912]","[0.001740, 0.014709, 0.017517, 0.999725]","[-0.007965, 0.024384, 0.028717, 0.999237]","[-0.073975, -0.041260, -0.034180]","[[0.998901, 0.034973, -0.029358], [-0.034973, 0.999329, 0.003906], [0.029358, -0.002930, 0.999512]]",0.998901,"[8340, 8407, 8130, 8218]"
52.421478,"[0.117188, 0.878906, -0.187500]","[-0.081111, 0.639914, -0.357935]","[0.000000, 0.359999, 0.335438]","[0.206441, 0.192492, -0.018621]","[0.027344, 0.003662, 0.032715]","[0.001740, 0.013794, 0.016449, 0.999756]","[-0.004181, 0.024414, 0.028625, 0.999268]","[-0.039062, -0.128418, -0.089111]","[[0.999023, 0.032837, -0.027527], [-0.032837, 0.999390, 0.003845], [0.027527, -0.002991, 0.999512]]",0.999023,"[8264, 8448, 8174, 8150]"
52.454678,"[0.117188, 0.898438, -0.179688]","[-0.072596, 0.646848, -0.358242]","[-0.029999, 0.389999, 0.354420]","[0.229641, 0.162144, 0.003009]","[0.025879, 0.001465, 0.031006]","[0.000641, 0.013031, 0.015594, 0.999786]","[-0.006775, 0.022400, 0.028687, 0.999298]","[0.057129, -0.197754, -0.080078]","[[0.999146, 0.031128, -0.026001], [-0.031128, 0.999451, 0.001587], [0.026001, -0.000854, 0.999573]]",0.999146,"[8321, 8434, 8141, 8202]"
52.487885,"[0.117188, 0.906250, -0.171875]","[-0.068001, 0.649833, -0.358065]","[-0.029999, 0.459999, 0.383589]","[0.241368, 0.146549, 0.013921]","[0.025635, 0.001953, 0.029297]","[0.000854, 0.012909, 0.014740, 0.999817]","[-0.010468, 0.022156, 0.028748, 0.999268]","[-0.192139, 0.056396, -0.032227]","[[0.999268, 0.029419, -0.025757], [-0.029419, 0.999573, 0.002014], [0.025757, -0.001282, 0.999695]]",0.999268,"[8227, 8451, 8213, 8182]"
52.521091,"[0.117188, 0.917969, -0.167969]","[-0.058110, 0.654942, -0.357095]","[-0.019999, 0.379999, 0.362244]","[0.265079, 0.114915, 0.035741]","[0.024658, 0.000732, 0.027588]","[0.000244, 0.012421, 0.013824, 0.999817]","[-0.007294, 0.021698, 0.028687, 0.999298]","[0.134277, -0.171631, -0.065186]","[[0.999268, 0.027588, -0.024780], [-0.027588, 0.999573, 0.000732], [0.024780, -0.000122, 0.999634]]",0.999268,"[8243, 8459, 8185, 8179]"
52.554291,"[0.117188, 0.937500, -0.160156]","[-0.047287, 0.658803, -0.355273]","[-0.029999, 0.469999, 0.395203]","[0.289035, 0.082611, 0.057523]","[0.024414, -0.004883, 0.026367]","[-0.002625, 0.012177, 0.013275, 0.999847]","[-0.013062, 0.020752, 0.028809, 0.999268]","[-0.234619, -0.033203, -0.024658]","[[0.999390, 0.026367, -0.024414], [-0.026611, 0.999634, -0.004944], [0.024170, 0.005554, 0.999695]]",0.99939,"[8321, 8355, 8105, 8263]"
52.589447,"[0.117188, 0.949219, -0.152344]","[-0.041524, 0.660257, -0.354043]","[-0.019999, 0.389999, 0.415979]","[0.301078, 0.066253, 0.068361]","[0.024902, -0.007812, 0.024902]","[-0.004059, 0.012421, 0.012634, 0.999847]","[-0.010010, 0.020294, 0.028748, 0.999329]","[-0.091064, 0.100098, -0.047119]","[[0.999390, 0.025085, -0.024902], [-0.025330, 0.999695, -0.007812], [0.024658, 0.008423, 0.999695]]",0.99939,"[8250, 8355, 8126, 8221]"
52.620697,"[0.117188, 0.968750, -0.144531]","[-0.029293, 0.662200, -0.350952]","[-0.009998, 0.400000, 0.429827]","[0.325251, 0.033206, 0.089858]","[0.025879, -0.009033, 0.023438]","[-0.004669, 0.012909, 0.011902, 0.999847]","[-0.012115, 0.020233, 0.028778, 0.999298]","[-0.038086, -0.060303, -0.046387]","[[0.999390, 0.023621, -0.025879], [-0.023865, 0.999695, -0.009033], [0.025635, 0.009644, 0.999634]]",0.99939,"[8224, 8363, 8201, 8254]"
52.655849,"[0.109375, 0.976562, -0.132812]","[-0.016116, 0.662846, -0.347028]","[-0.029999, 0.469999, 0.472298]","[0.349483, -0.000182, 0.111027]","[0.027344, -0.012451, 0.022705]","[-0.006378, 0.013641, 0.011566, 0.999847]","[-0.029236, 0.018433, 0.029083, 0.998962]","[-0.049561, 0.008057, -0.084229]","[[0.999451, 0.022888, -0.027405], [-0.023254, 0.999756, -0.012451], [0.027039, 0.013062, 0.999634]]",0.999451,"[8228, 8366, 8217, 8252]"
52.689056,"[0.117188, 1.000000, -0.125000]","[-0.001988, 0.662183, -0.342283]","[-0.039999, 0.400000, 0.465420]","[0.373712, -0.033802, 0.131768]","[0.027100, -0.015137, 0.022461]","[-0.007812, 0.013519, 0.011383, 0.999817]","[-0.027435, 0.017395, 0.029022, 0.999023]","[-0.208008, -0.021973, 0.004150]","[[0.999390, 0.022461, -0.027161], [-0.022949, 0.999573, -0.015320], [0.026794, 0.015930, 0.999512]]",0.99939,"[8182, 8467, 8276, 8151]"
52.72226,"[0.109375, 1.007812, -0.117188]","[0.005426, 0.661359, -0.339611]","[0.000000, 0.389999, 0.483776]","[0.385794, -0.050648, 0.141937]","[0.025635, -0.026855, 0.022461]","[-0.013550, 0.012695, 0.011444, 0.999756]","[-0.027679, 0.017883, 0.029022, 0.999023]","[-0.289551, -0.099854, 0.001465]","[[0.999390, 0.022461, -0.025696], [-0.023193, 0.999329, -0.026855], [0.024963, 0.027344, 0.999268]]",0.99939,"[8401, 8307, 8126, 8342]"
52.755482,"[0.109375, 1.019531, -0.109375]","[0.020968, 0.658721, -0.333676]","[-0.029999, 0.480000, 0.482149]","[0.409877, -0.084375, 0.161831]","[0.020996, -0.029785, 0.021973]","[-0.014984, 0.010406, 0.011292, 0.999756]","[-0.033234, 0.015594, 0.029083, 0.998901]","[-0.239014, 0.142578, -0.101318]","[[0.999451, 0.022156, -0.021118], [-0.022888, 0.999207, -0.029785], [0.020386, 0.030151, 0.999268]]",0.999451,"[8332, 8437, 8099, 8138]"
52.790623,"[0.109375, 1.039062, -0.097656]","[0.037448, 0.654767, -0.326976]","[-0.019999, 0.389999, 0.501644]","[0.433782, -0.118030, 0.181036]","[0.021240, -0.031738, 0.022217]","[-0.016022, 0.010468, 0.011414, 0.999756]","[-0.030579, 0.014923, 0.028992, 0.998993]","[0.180664, -0.031738, 0.021484]","[[0.999512, 0.022400, -0.021240], [-0.023132, 0.999207, -0.031860], [0.020508, 0.032227, 0.999268]]",0.999512,"[8210, 8414, 8203, 8169]"
52.823818,"[0.109375, 1.046875, -0.089844]","[0.046033, 0.652299, -0.323350]","[-0.039999, 0.459999, 0.511992]","[0.445640, -0.134785, 0.190346]","[0.023438, -0.038818, 0.023193]","[-0.019592, 0.011505, 0.011963, 0.999664]","[-0.035004, 0.012848, 0.028992, 0.998871]","[-0.425781, 0.115479, 0.082031]","[[0.999390, 0.023376, -0.023438], [-0.024353, 0.998901, -0.038940], [0.022461, 0.039429, 0.998901]]",0.99939,"[8270, 8287, 8246, 8304]"
52.857025,"[0.109375, 1.058594, -0.078125]","[0.063905, 0.646381, -0.315559]","[-0.039999, 0.379999, 0.517460]","[0.469154, -0.168118, 0.208340]","[0.022705, -0.039795, 0.024170]","[-0.020081, 0.011108, 0.012360, 0.999634]","[-0.032745, 0.011566, 0.028931, 0.998962]","[0.167236, -0.055664, -0.040039]","[[0.999329, 0.024170, -0.022705], [-0.025146, 0.998779, -0.039917], [0.021606, 0.040405, 0.998840]]",0.999329,"[8205, 8358, 8280, 8255]"
52.890228,"[0.109375, 1.078125, -0.070312]","[0.082683, 0.639169, -0.307085]","[-0.009998, 0.439999, 0.517937]","[0.492319, -0.201082, 0.225402]","[0.020020, -0.044922, 0.025879]","[-0.022583, 0.009796, 0.013214, 0.999603]","[-0.037598, 0.011932, 0.029022, 0.998779]","[-0.197998, -0.275879, 0.102295]","[[0.999390, 0.025879, -0.020142], [-0.026855, 0.998596, -0.044922], [0.018921, 0.045410, 0.998718]]",0.99939,"[8309, 8372, 8236, 8235]"
52.925381,"[0.109375, 1.089844, -0.058594]","[0.102360, 0.630678, -0.297964]","[-0.009998, 0.369999, 0.544100]","[0.515078, -0.233577, 0.241449]","[0.018066, -0.041504, 0.026855]","[-0.020874, 0.008789, 0.013733, 0.999664]","[-0.035583, 0.010529, 0.028931, 0.998871]","[-0.188477, 0.086670, 0.065430]","[[0.999512, 0.026978, -0.018127], [-0.027832, 0.998779, -0.041565], [0.016907, 0.041931, 0.999023]]",0.999512,"[8173, 8516, 8326, 8083]"
52.958588,"[0.109375, 1.097656, -0.046875]","[0.112530, 0.625959, -0.293173]","[-0.019999, 0.359999, 0.555861]","[0.526286, -0.249613, 0.249065]","[0.020996, -0.053467, 0.029297]","[-0.026917, 0.010132, 0.015015, 0.999481]","[-0.036713, 0.008850, 0.028900, 0.998840]","[-0.388916, 0.292236, 0.077148]","[[0.999329, 0.029419, -0.021057], [-0.030518, 0.998108, -0.053589], [0.019348, 0.054077, 0.998352]]",0.999329,"[8387, 8234, 8251, 8440]"
52.991802,"[0.109375, 1.117188, -0.035156]","[0.133522, 0.615588, -0.283159]","[-0.019999, 0.389999, 0.580721]","[0.548320, -0.281196, 0.263427]","[0.019775, -0.059082, 0.030029]","[-0.029755, 0.009460, 0.015442, 0.999390]","[-0.040314, 0.007507, 0.028870, 0.998718]","[-0.139893, -0.172607, 0.070312]","[[0.999329, 0.030212, -0.019836], [-0.031433, 0.997681, -0.059265], [0.017883, 0.059753, 0.997986]]",0.999329,"[8380, 8272, 8225, 8420]"
53.024994,"[0.109375, 1.128906, -0.023438]","[0.155364, 0.603998, -0.272607]","[-0.009998, 0.320000, 0.595507]","[0.569795, -0.312037, 0.276563]","[0.017334, -0.062988, 0.031738]","[-0.031708, 0.008179, 0.016235, 0.999329]","[-0.038727, 0.006592, 0.028809, 0.998810]","[-0.177734, 0.089355, 0.019287]","[[0.999268, 0.031860, -0.017334], [-0.032959, 0.997437, -0.063171], [0.015259, 0.063660, 0.997803]]",0.999268,"[8412, 8347, 8235, 8326]"
53.058197,"[0.109375, 1.136719, -0.011719]","[0.166594, 0.597757, -0.267146]","[0.000000, 0.369999, 0.590891]","[0.580300, -0.327142, 0.282645]","[0.012939, -0.068359, 0.033203]","[-0.034363, 0.005981, 0.016937, 0.999268]","[-0.042908, 0.005615, 0.028809, 0.998627]","[-0.180908, -0.262451, 0.043213]","[[0.999390, 0.033386, -0.013123], [-0.034241, 0.997131, -0.068542], [0.010681, 0.068909, 0.997620]]",0.99939,"[8454, 8387, 8228, 8328]"
