t,p,p_d,v,v_d,Angles,q,q_sp,w,R,T_sp,rpm
48.120628,"[-0.199219, 0.316406, -0.847656]","[0.000000, 0.000000, -0.000000]","[-0.009998, 0.000000, 0.032198]","[0.000003, 0.000001, -0.000001]","[0.017578, -0.024414, 0.100342]","[-0.012695, 0.008270, 0.050354, 0.998627]","[0.000031, 0.000824, 0.048309, 0.998810]","[-0.096436, 0.068604, 0.156738]","[[0.994812, 0.100281, -0.017761], [-0.100769, 0.994629, -0.024597], [0.015198, 0.026184, 0.999573]]",0.994812,"[7972, 7879, 7991, 7960]"
48.161648,"[-0.207031, 0.316406, -0.847656]","[0.000001, 0.000000, -0.000000]","[-0.009998, 0.019999, 0.019180]","[0.000039, 0.000013, -0.000008]","[0.005371, -0.011475, 0.105713]","[-0.005890, 0.002411, 0.052979, 0.998566]","[-0.001190, 0.000397, 0.048309, 0.998810]","[0.604492, -0.878906, 0.154053]","[[0.994324, 0.105713, -0.005432], [-0.105835, 0.994263, -0.011536], [0.004089, 0.012024, 0.999817]]",0.994324,"[7934, 8085, 7931, 7653]"
48.1968,"[-0.207031, 0.316406, -0.843750]","[0.000002, 0.000001, -0.000000]","[0.000000, 0.009998, 0.117363]","[0.000092, 0.000032, -0.000019]","[-0.000488, -0.007324, 0.111084]","[-0.003693, -0.000519, 0.055542, 0.998444]","[-0.000549, 0.000854, 0.048309, 0.998810]","[0.007568, 0.011230, 0.142334]","[[0.993774, 0.110901, 0.000610], [-0.110901, 0.993774, -0.007446], [-0.001465, 0.007324, 0.999939]]",0.993774,"[8040, 8102, 7906, 7614]"
48.230003,"[-0.207031, 0.316406, -0.839844]","[0.000010, 0.000003, -0.000002]","[0.009998, 0.019999, 0.183315]","[0.000340, 0.000117, -0.000069]","[-0.004395, -0.005615, 0.115723]","[-0.002747, -0.002380, 0.057922, 0.998322]","[-0.001038, 0.001251, 0.048309, 0.998810]","[0.001221, -0.177979, 0.175781]","[[0.993286, 0.115601, 0.004395], [-0.115601, 0.993286, -0.005798], [-0.005127, 0.005188, 0.999939]]",0.993286,"[8067, 8048, 7932, 7753]"
48.26321,"[-0.207031, 0.316406, -0.835938]","[0.000032, 0.000011, -0.000007]","[0.009998, 0.029999, 0.135675]","[0.000889, 0.000307, -0.000180]","[-0.007324, -0.004150, 0.121094]","[-0.001923, -0.003876, 0.060577, 0.998169]","[-0.001526, 0.001282, 0.048309, 0.998810]","[0.119873, -0.271729, 0.189209]","[[0.992676, 0.120911, 0.007507], [-0.120911, 0.992676, -0.004333], [-0.007996, 0.003357, 1.000000]]",0.992676,"[8103, 8015, 7958, 7795]"
48.296413,"[-0.199219, 0.328125, -0.832031]","[0.000085, 0.000029, -0.000017]","[0.019999, 0.019999, 0.164730]","[0.001896, 0.000656, -0.000383]","[-0.009277, -0.001953, 0.125732]","[-0.000763, -0.004730, 0.062927, 0.998016]","[-0.001709, 0.002014, 0.048309, 0.998810]","[-0.220947, 0.224609, 0.038086]","[[0.992065, 0.125549, 0.009338], [-0.125549, 0.992065, -0.002136], [-0.009583, 0.000916, 0.999939]]",0.992065,"[8039, 8019, 7999, 7722]"
48.329617,"[-0.199219, 0.328125, -0.824219]","[0.000129, 0.000045, -0.000026]","[0.019999, 0.049999, 0.277042]","[0.002626, 0.000909, -0.000531]","[-0.010986, 0.000244, 0.130127]","[0.000580, -0.005463, 0.065125, 0.997864]","[-0.003174, 0.002106, 0.048309, 0.998810]","[-0.047607, 0.188965, 0.183838]","[[0.991455, 0.129883, 0.010986], [-0.130005, 0.991455, 0.000366], [-0.010864, -0.001831, 0.999878]]",0.991455,"[8087, 8084, 8033, 7734]"
48.36282,"[-0.199219, 0.328125, -0.820312]","[0.000268, 0.000093, -0.000054]","[0.029999, 0.059999, 0.263151]","[0.004649, 0.001612, -0.000939]","[-0.011963, 0.000000, 0.135742]","[0.000427, -0.005981, 0.067963, 0.997650]","[-0.003632, 0.002716, 0.048309, 0.998810]","[0.121826, -0.496094, 0.204590]","[[0.990601, 0.135498, 0.011963], [-0.135620, 0.990662, -0.000061], [-0.011963, -0.001648, 0.999817]]",0.990601,"[8150, 8111, 8082, 7779]"
48.397972,"[-0.199219, 0.339844, -0.812500]","[0.000504, 0.000175, -0.000102]","[0.029999, 0.049999, 0.257282]","[0.007575, 0.002629, -0.001529]","[-0.010498, -0.000244, 0.141357]","[0.000275, -0.005249, 0.070740, 0.997467]","[-0.003876, 0.002747, 0.048309, 0.998810]","[-0.148682, 0.046875, 0.126221]","[[0.989868, 0.141052, 0.010498], [-0.141174, 0.989868, -0.000305], [-0.010498, -0.001282, 0.999817]]",0.989868,"[8131, 7983, 8083, 7824]"
48.433128,"[-0.199219, 0.339844, -0.804688]","[0.000874, 0.000303, -0.000177]","[0.059999, 0.080000, 0.242174]","[0.011585, 0.004026, -0.002338]","[-0.013184, 0.000488, 0.147217]","[0.000854, -0.006531, 0.073608, 0.997253]","[-0.005402, 0.004272, 0.048340, 0.998779]","[0.250732, -0.184814, 0.223145]","[[0.989014, 0.146729, 0.013184], [-0.146851, 0.989075, 0.000671], [-0.012939, -0.002625, 0.999817]]",0.989014,"[8180, 8024, 8034, 7757]"
48.497581,"[-0.187500, 0.339844, -0.792969]","[0.001784, 0.000620, -0.000360]","[0.070000, 0.089998, 0.395847]","[0.020006, 0.006965, -0.004034]","[-0.013184, 0.000488, 0.156738]","[0.000885, -0.006531, 0.078369, 0.996887]","[-0.005829, 0.005402, 0.048340, 0.998779]","[-0.177490, 0.351318, 0.071533]","[[0.987549, 0.156189, 0.013184], [-0.156311, 0.987610, 0.000671], [-0.012939, -0.002747, 0.999817]]",0.987549,"[8239, 8079, 8163, 7839]"
48.534691,"[-0.187500, 0.347656, -0.781250]","[0.002706, 0.000941, -0.000546]","[0.089998, 0.099998, 0.443977]","[0.027455, 0.009571, -0.005533]","[-0.012939, 0.000244, 0.162598]","[0.000793, -0.006439, 0.081329, 0.996643]","[-0.006653, 0.006409, 0.048340, 0.998779]","[-0.096436, 0.269287, 0.134766]","[[0.986572, 0.162048, 0.013000], [-0.162170, 0.986633, 0.000427], [-0.012756, -0.002625, 0.999756]]",0.986572,"[8283, 8105, 8189, 7929]"
48.565945,"[-0.179688, 0.347656, -0.773438]","[0.003284, 0.001143, -0.000662]","[0.089998, 0.109999, 0.515060]","[0.031783, 0.011087, -0.006403]","[-0.012695, 0.000488, 0.167480]","[0.000885, -0.006317, 0.083710, 0.996460]","[-0.007111, 0.006927, 0.048340, 0.998779]","[-0.010010, 0.350098, 0.132080]","[[0.985840, 0.166748, 0.012756], [-0.166870, 0.985901, 0.000610], [-0.012512, -0.002808, 0.999817]]",0.98584,"[8357, 8123, 8206, 7910]"
48.599144,"[-0.179688, 0.347656, -0.765625]","[0.004714, 0.001642, -0.000950]","[0.109999, 0.129999, 0.470179]","[0.041723, 0.014574, -0.008401]","[-0.011963, 0.000488, 0.172363]","[0.000793, -0.005920, 0.086121, 0.996277]","[-0.008148, 0.007843, 0.048370, 0.998749]","[-0.009521, -0.365234, 0.121094]","[[0.985107, 0.171509, 0.011963], [-0.171631, 0.985168, 0.000488], [-0.011719, -0.002563, 0.999939]]",0.985107,"[8303, 8178, 8284, 7915]"
48.632347,"[-0.179688, 0.359375, -0.757812]","[0.006567, 0.002290, -0.001323]","[0.099998, 0.129999, 0.489998]","[0.053462, 0.018701, -0.010759]","[-0.010010, 0.000244, 0.177246]","[0.000671, -0.004974, 0.088654, 0.996033]","[-0.008911, 0.007141, 0.048370, 0.998749]","[0.040527, 0.415527, 0.190186]","[[0.984131, 0.176514, 0.010010], [-0.176636, 0.984131, 0.000366], [-0.009888, -0.002197, 0.999817]]",0.984131,"[8353, 8127, 8283, 7951]"
48.66555,"[-0.179688, 0.359375, -0.746094]","[0.007675, 0.002677, -0.001546]","[0.119999, 0.129999, 0.494707]","[0.060035, 0.021016, -0.012078]","[-0.008789, -0.001953, 0.182861]","[-0.000641, -0.004547, 0.091309, 0.995789]","[-0.008881, 0.008118, 0.048370, 0.998749]","[-0.059814, -0.029053, 0.088623]","[[0.983154, 0.181824, 0.008972], [-0.181824, 0.983154, -0.002136], [-0.009216, 0.000427, 0.999817]]",0.983154,"[8352, 8153, 8290, 7901]"
48.700714,"[-0.167969, 0.367188, -0.738281]","[0.010299, 0.003596, -0.002074]","[0.150000, 0.160000, 0.538542]","[0.074629, 0.026163, -0.015004]","[-0.007812, -0.002930, 0.187500]","[-0.001099, -0.004059, 0.093628, 0.995575]","[-0.010742, 0.010040, 0.048401, 0.998718]","[-0.121582, 0.288330, 0.068359]","[[0.982300, 0.186401, 0.007874], [-0.186401, 0.982300, -0.002991], [-0.008362, 0.001404, 0.999817]]",0.9823,"[8386, 8149, 8314, 7942]"
48.73196,"[-0.167969, 0.367188, -0.730469]","[0.013531, 0.004730, -0.002724]","[0.129999, 0.169998, 0.572922]","[0.091189, 0.032019, -0.018322]","[-0.007080, -0.003906, 0.191406]","[-0.001648, -0.003784, 0.095581, 0.995392]","[-0.011261, 0.009094, 0.048401, 0.998718]","[-0.127441, -0.006592, 0.048096]","[[0.981567, 0.190247, 0.007202], [-0.190247, 0.981567, -0.004028], [-0.007935, 0.002563, 0.999817]]",0.981567,"[8411, 8198, 8337, 7963]"
48.765163,"[-0.156250, 0.378906, -0.718750]","[0.017449, 0.006107, -0.003511]","[0.139999, 0.160000, 0.532280]","[0.109748, 0.038598, -0.022037]","[-0.005371, -0.006836, 0.195312]","[-0.003143, -0.003021, 0.097626, 0.995209]","[-0.011353, 0.009827, 0.048401, 0.998688]","[-0.029297, -0.017822, 0.177979]","[[0.980835, 0.194275, 0.005371], [-0.194275, 0.980835, -0.006897], [-0.006714, 0.005676, 0.999878]]",0.980835,"[8443, 8141, 8324, 8043]"
48.800316,"[-0.156250, 0.378906, -0.710938]","[0.019689, 0.006895, -0.003960]","[0.179998, 0.179998, 0.549261]","[0.119775, 0.042159, -0.024042]","[-0.002930, -0.006592, 0.198975]","[-0.003143, -0.001831, 0.099335, 0.995026]","[-0.012146, 0.011566, 0.048431, 0.998657]","[-0.046143, 0.338867, 0.167236]","[[0.980103, 0.197632, 0.002991], [-0.197632, 0.980103, -0.006653], [-0.004333, 0.005920, 0.999817]]",0.980103,"[8394, 8164, 8368, 8017]"
48.833523,"[-0.148438, 0.386719, -0.703125]","[0.024783, 0.008690, -0.004982]","[0.139999, 0.189999, 0.547014]","[0.141324, 0.049829, -0.028348]","[-0.003418, -0.007568, 0.201904]","[-0.003632, -0.002106, 0.100769, 0.994873]","[-0.013306, 0.009918, 0.048431, 0.998657]","[0.288574, -0.373779, 0.086914]","[[0.979492, 0.200500, 0.003479], [-0.200500, 0.979492, -0.007690], [-0.004944, 0.006836, 0.999756]]",0.979492,"[8468, 8207, 8336, 8023]"
48.868679,"[-0.136719, 0.398438, -0.691406]","[0.030756, 0.010798, -0.006180]","[0.189999, 0.209999, 0.607054]","[0.164825, 0.058219, -0.033038]","[-0.000732, -0.007812, 0.204102]","[-0.003906, -0.000854, 0.101990, 0.994751]","[-0.014771, 0.012665, 0.048492, 0.998627]","[-0.361572, 0.180908, 0.059326]","[[0.979004, 0.202881, 0.000854], [-0.202881, 0.979004, -0.007996], [-0.002563, 0.007629, 0.999756]]",0.979004,"[8399, 8249, 8414, 8009]"
48.901882,"[-0.136719, 0.406250, -0.683594]","[0.037685, 0.013248, -0.007568]","[0.169998, 0.179998, 0.582542]","[0.190231, 0.067318, -0.038102]","[0.000244, -0.009766, 0.206299]","[-0.004913, -0.000336, 0.103088, 0.994659]","[-0.013855, 0.011169, 0.048462, 0.998657]","[0.180908, -0.046143, 0.095459]","[[0.978638, 0.205017, -0.000366], [-0.205017, 0.978638, -0.009949], [-0.001709, 0.009705, 0.999878]]",0.978638,"[8474, 8247, 8390, 8106]"
48.935081,"[-0.128906, 0.417969, -0.675781]","[0.041530, 0.014609, -0.008338]","[0.189999, 0.240000, 0.584951]","[0.203619, 0.072125, -0.040768]","[0.003174, -0.013672, 0.208496]","[-0.007050, 0.000885, 0.104126, 0.994537]","[-0.017120, 0.012299, 0.048523, 0.998596]","[-0.258301, 0.093750, 0.017334]","[[0.978210, 0.207031, -0.003235], [-0.207153, 0.978149, -0.013855], [0.000183, 0.014221, 0.999817]]",0.97821,"[8470, 8165, 8406, 8145]"
48.968285,"[-0.128906, 0.417969, -0.667969]","[0.050028, 0.017622, -0.010039]","[0.179998, 0.199999, 0.527872]","[0.231724, 0.082241, -0.046359]","[0.003662, -0.013916, 0.210449]","[-0.007080, 0.001160, 0.105194, 0.994415]","[-0.015198, 0.011108, 0.048462, 0.998627]","[0.165527, -0.093994, 0.205078]","[[0.977783, 0.209106, -0.003784], [-0.209229, 0.977722, -0.013916], [0.000732, 0.014282, 0.999817]]",0.977783,"[8465, 8228, 8388, 8086]"
49.001492,"[-0.117188, 0.429688, -0.656250]","[0.059654, 0.021042, -0.011964]","[0.189999, 0.189999, 0.586014]","[0.261493, 0.092997, -0.052273]","[0.005859, -0.014648, 0.212891]","[-0.007599, 0.002167, 0.106354, 0.994293]","[-0.015289, 0.011719, 0.048492, 0.998627]","[-0.135254, 0.112305, 0.025635]","[[0.977295, 0.211426, -0.005920], [-0.211548, 0.977234, -0.014709], [0.002625, 0.015564, 0.999817]]",0.977295,"[8450, 8239, 8434, 8070]"
49.036648,"[-0.109375, 0.437500, -0.652344]","[0.064912, 0.022913, -0.013015]","[0.219999, 0.249998, 0.565598]","[0.276966, 0.098604, -0.055343]","[0.006104, -0.016357, 0.215088]","[-0.008453, 0.002197, 0.107422, 0.994171]","[-0.018524, 0.013092, 0.048553, 0.998535]","[-0.208740, 0.118164, 0.052246]","[[0.976868, 0.213501, -0.006165], [-0.213623, 0.976746, -0.016418], [0.002502, 0.017273, 0.999817]]",0.976868,"[8491, 8244, 8421, 8092]"
49.069847,"[-0.097656, 0.437500, -0.648438]","[0.076352, 0.026990, -0.015300]","[0.199999, 0.209999, 0.528912]","[0.309002, 0.110248, -0.061692]","[0.007080, -0.017334, 0.216797]","[-0.008972, 0.002594, 0.108276, 0.994080]","[-0.016266, 0.012024, 0.048492, 0.998596]","[0.047363, -0.151855, 0.072998]","[[0.976501, 0.215149, -0.007080], [-0.215271, 0.976379, -0.017334], [0.003174, 0.018433, 0.999817]]",0.976501,"[8470, 8252, 8436, 8093]"
49.10305,"[-0.089844, 0.449219, -0.636719]","[0.089070, 0.031533, -0.017838]","[0.230000, 0.240000, 0.511696]","[0.342364, 0.122429, -0.068293]","[0.008545, -0.019531, 0.219238]","[-0.010223, 0.003265, 0.109528, 0.993927]","[-0.018158, 0.013214, 0.048553, 0.998566]","[-0.055664, 0.077148, 0.029541]","[[0.975952, 0.217590, -0.008728], [-0.217834, 0.975769, -0.019653], [0.004211, 0.020996, 0.999756]]",0.975952,"[8510, 8194, 8430, 8124]"
49.138206,"[-0.078125, 0.457031, -0.632812]","[0.103115, 0.036561, -0.020638]","[0.199999, 0.199999, 0.503290]","[0.376892, 0.135094, -0.075112]","[0.009521, -0.019287, 0.221191]","[-0.010162, 0.003662, 0.110504, 0.993835]","[-0.016418, 0.011292, 0.048492, 0.998596]","[0.017578, -0.007812, 0.074707]","[[0.975586, 0.219482, -0.009521], [-0.219727, 0.975403, -0.019409], [0.005005, 0.020996, 0.999817]]",0.975586,"[8492, 8237, 8442, 8069]"
49.171413,"[-0.078125, 0.468750, -0.625000]","[0.110648, 0.039263, -0.022139]","[0.240000, 0.259998, 0.548065]","[0.394539, 0.141592, -0.078593]","[0.010742, -0.020264, 0.222656]","[-0.010651, 0.004211, 0.111206, 0.993744]","[-0.019928, 0.012329, 0.048553, 0.998535]","[0.066650, 0.163330, 0.055664]","[[0.975220, 0.220886, -0.010742], [-0.221130, 0.975037, -0.020264], [0.005981, 0.022095, 0.999756]]",0.97522,"[8487, 8188, 8446, 8141]"
49.204617,"[-0.066406, 0.468750, -0.613281]","[0.126759, 0.045053, -0.025347]","[0.209999, 0.219999, 0.525961]","[0.430487, 0.154881, -0.085672]","[0.010986, -0.019531, 0.224854]","[-0.010376, 0.004333, 0.112274, 0.993591]","[-0.017822, 0.010376, 0.048492, 0.998596]","[-0.059814, -0.106689, 0.100830]","[[0.974609, 0.222961, -0.010986], [-0.223206, 0.974426, -0.019714], [0.006226, 0.021545, 0.999634]]",0.974609,"[8486, 8299, 8491, 8082]"
49.239784,"[-0.058594, 0.476562, -0.609375]","[0.144293, 0.051369, -0.028835]","[0.219999, 0.219999, 0.500523]","[0.467159, 0.168514, -0.092879]","[0.011719, -0.021240, 0.226074]","[-0.011230, 0.004608, 0.112976, 0.993530]","[-0.017944, 0.010132, 0.048492, 0.998596]","[-0.151855, 0.128662, 0.105469]","[[0.974426, 0.224365, -0.011719], [-0.224609, 0.974182, -0.021301], [0.006592, 0.023376, 0.999695]]",0.974426,"[8533, 8203, 8472, 8163]"
49.271023,"[-0.046875, 0.488281, -0.601562]","[0.153592, 0.054726, -0.030683]","[0.240000, 0.249998, 0.497374]","[0.485689, 0.175435, -0.096515]","[0.011719, -0.020996, 0.227295]","[-0.011108, 0.004608, 0.113556, 0.993469]","[-0.019623, 0.010834, 0.048523, 0.998566]","[0.125732, -0.263184, 0.052246]","[[0.974182, 0.225464, -0.011719], [-0.225708, 0.973938, -0.021057], [0.006592, 0.023132, 0.999695]]",0.974182,"[8489, 8250, 8490, 8131]"
49.306179,"[-0.039062, 0.500000, -0.601562]","[0.173293, 0.061852, -0.034596]","[0.219999, 0.219999, 0.508743]","[0.523064, 0.189460, -0.103835]","[0.013184, -0.022217, 0.228516]","[-0.011780, 0.005280, 0.114197, 0.993378]","[-0.018616, 0.008820, 0.048462, 0.998596]","[-0.134766, -0.186035, 0.146973]","[[0.973816, 0.226685, -0.013184], [-0.227051, 0.973572, -0.022278], [0.007690, 0.024597, 0.999634]]",0.973816,"[8478, 8229, 8490, 8112]"
49.339378,"[-0.039062, 0.507812, -0.593750]","[0.194462, 0.069531, -0.038796]","[0.230000, 0.230000, 0.527115]","[0.560669, 0.203670, -0.111182]","[0.013428, -0.022949, 0.229980]","[-0.012238, 0.005402, 0.114960, 0.993286]","[-0.019165, 0.007874, 0.048462, 0.998596]","[-0.029297, 0.347412, 0.001953]","[[0.973450, 0.228149, -0.013550], [-0.228516, 0.973206, -0.023132], [0.007812, 0.025574, 0.999634]]",0.97345,"[8562, 8246, 8477, 8146]"
49.372585,"[-0.027344, 0.519531, -0.589844]","[0.217098, 0.077766, -0.043282]","[0.259998, 0.249998, 0.434347]","[0.598297, 0.217996, -0.118514]","[0.014648, -0.023926, 0.230957]","[-0.012756, 0.005981, 0.115326, 0.993225]","[-0.020325, 0.008667, 0.048492, 0.998566]","[-0.163574, -0.233887, 0.027832]","[[0.973267, 0.228882, -0.014832], [-0.229248, 0.973022, -0.024048], [0.008850, 0.026733, 0.999512]]",0.973267,"[8462, 8231, 8549, 8168]"
49.405796,"[-0.019531, 0.527344, -0.582031]","[0.228964, 0.082093, -0.045632]","[0.230000, 0.219999, 0.420555]","[0.617054, 0.225180, -0.122161]","[0.014160, -0.024902, 0.232910]","[-0.013153, 0.005585, 0.116302, 0.993103]","[-0.019012, 0.005920, 0.048431, 0.998627]","[-0.126221, 0.394287, 0.079590]","[[0.972778, 0.230774, -0.014160], [-0.231140, 0.972534, -0.024902], [0.007935, 0.027466, 0.999512]]",0.972778,"[8535, 8256, 8482, 8097]"
49.440956,"[-0.007812, 0.527344, -0.578125]","[0.253798, 0.091170, -0.050546]","[0.269999, 0.249998, 0.403057]","[0.654347, 0.239557, -0.129396]","[0.011719, -0.025146, 0.234131]","[-0.013184, 0.004425, 0.116913, 0.993042]","[-0.019806, 0.007050, 0.048462, 0.998596]","[0.392822, -0.285400, 0.083740]","[[0.972534, 0.232056, -0.011841], [-0.232300, 0.972229, -0.025208], [0.005615, 0.027161, 0.999512]]",0.972534,"[8526, 8242, 8467, 8108]"
49.476109,"[0.000000, 0.539062, -0.574219]","[0.280084, 0.100810, -0.055741]","[0.240000, 0.219999, 0.351469]","[0.691176, 0.253889, -0.136517]","[0.011963, -0.026367, 0.234619]","[-0.013763, 0.004425, 0.117157, 0.993011]","[-0.018738, 0.004059, 0.048401, 0.998627]","[-0.066650, -0.233643, 0.022461]","[[0.972473, 0.232544, -0.011963], [-0.232788, 0.972107, -0.026367], [0.005493, 0.028320, 0.999512]]",0.972473,"[8506, 8247, 8494, 8152]"
49.54055,"[0.007812, 0.558594, -0.570312]","[0.322172, 0.116311, -0.064046]","[0.279999, 0.240000, 0.314943]","[0.745110, 0.275152, -0.146900]","[0.010498, -0.028564, 0.236084]","[-0.014862, 0.003601, 0.117950, 0.992920]","[-0.019775, 0.002899, 0.048370, 0.998627]","[-0.258301, 0.015625, -0.047363]","[[0.972168, 0.234070, -0.010681], [-0.234314, 0.971741, -0.028748], [0.003601, 0.030334, 0.999512]]",0.972168,"[8479, 8175, 8463, 8103]"
49.573753,"[0.027344, 0.558594, -0.566406]","[0.351955, 0.127330, -0.069914]","[0.249998, 0.230000, 0.275980]","[0.779922, 0.289079, -0.153569]","[0.008301, -0.026611, 0.236816]","[-0.013763, 0.002563, 0.118317, 0.992889]","[-0.018768, 0.000519, 0.048309, 0.998627]","[0.164062, -0.136963, 0.113525]","[[0.971985, 0.234802, -0.008362], [-0.235046, 0.971619, -0.026794], [0.001770, 0.027893, 0.999573]]",0.971985,"[8453, 8240, 8480, 8068]"
49.60891,"[0.027344, 0.566406, -0.562500]","[0.383086, 0.138891, -0.076040]","[0.299999, 0.230000, 0.295382]","[0.813628, 0.302743, -0.159997]","[0.006836, -0.029297, 0.237549]","[-0.014923, 0.001678, 0.118622, 0.992828]","[-0.018402, 0.000885, 0.048340, 0.998657]","[-0.027588, -0.228027, -0.013916]","[[0.971802, 0.235474, -0.006897], [-0.235596, 0.971375, -0.029297], [-0.000305, 0.030029, 0.999512]]",0.971802,"[8489, 8181, 8454, 8133]"
49.64212,"[0.039062, 0.578125, -0.562500]","[0.399138, 0.144869, -0.079196]","[0.249998, 0.230000, 0.262516]","[0.830007, 0.309455, -0.163109]","[0.005371, -0.027832, 0.238037]","[-0.014160, 0.001068, 0.118805, 0.992828]","[-0.018829, -0.002991, 0.048248, 0.998627]","[-0.010498, 0.067871, 0.041260]","[[0.971741, 0.235840, -0.005493], [-0.235962, 0.971375, -0.027893], [-0.001343, 0.028381, 0.999573]]",0.971741,"[8463, 8221, 8450, 8088]"
49.677277,"[0.058594, 0.578125, -0.562500]","[0.432184, 0.157216, -0.085685]","[0.269999, 0.219999, 0.218174]","[0.861724, 0.322608, -0.169113]","[0.004639, -0.028564, 0.238281]","[-0.014435, 0.000641, 0.118988, 0.992798]","[-0.017365, -0.003174, 0.048248, 0.998657]","[0.137451, -0.163330, 0.060303]","[[0.971619, 0.236145, -0.004700], [-0.236267, 0.971252, -0.028564], [-0.002258, 0.028809, 0.999512]]",0.971619,"[8429, 8167, 8453, 8108]"
49.708523,"[0.058594, 0.589844, -0.558594]","[0.466440, 0.170068, -0.092403]","[0.309999, 0.249998, 0.183075]","[0.891918, 0.335352, -0.174795]","[0.002930, -0.027100, 0.237793]","[-0.013641, -0.000122, 0.118713, 0.992859]","[-0.019073, -0.003326, 0.048248, 0.998627]","[-0.089600, -0.233154, 0.061279]","[[0.971863, 0.235718, -0.003052], [-0.235718, 0.971497, -0.027161], [-0.003540, 0.027039, 0.999634]]",0.971863,"[8405, 8211, 8459, 8060]"
49.743675,"[0.078125, 0.597656, -0.558594]","[0.501843, 0.183409, -0.099337]","[0.279999, 0.199999, 0.177618]","[0.920453, 0.347638, -0.180130]","[0.000732, -0.027588, 0.238037]","[-0.013794, -0.001221, 0.118774, 0.992828]","[-0.016418, -0.006287, 0.048218, 0.998657]","[-0.078857, -0.220215, 0.022461]","[[0.971741, 0.235840, -0.000854], [-0.235840, 0.971375, -0.027710], [-0.005737, 0.027100, 0.999573]]",0.971741,"[8449, 8203, 8443, 8066]"
49.778835,"[0.078125, 0.617188, -0.554688]","[0.519955, 0.190257, -0.102880]","[0.329998, 0.259998, 0.191389]","[0.934054, 0.353592, -0.182660]","[0.000000, -0.028076, 0.237061]","[-0.013916, -0.001617, 0.118286, 0.992859]","[-0.019714, -0.006256, 0.048187, 0.998596]","[-0.194336, 0.171631, -0.028809]","[[0.971863, 0.234863, -0.000061], [-0.234863, 0.971497, -0.028076], [-0.006531, 0.027222, 0.999451]]",0.971863,"[8429, 8147, 8419, 8101]"
49.810081,"[0.097656, 0.617188, -0.554688]","[0.556951, 0.204296, -0.110109]","[0.299999, 0.209999, 0.170681]","[0.959849, 0.365100, -0.187428]","[-0.002441, -0.027344, 0.236816]","[-0.013458, -0.002869, 0.118134, 0.992889]","[-0.016785, -0.008942, 0.048157, 0.998657]","[-0.109375, -0.075684, 0.050293]","[[0.971924, 0.234619, 0.002502], [-0.234497, 0.971619, -0.027466], [-0.008972, 0.026001, 0.999512]]",0.971924,"[8402, 8198, 8453, 8043]"
49.845238,"[0.097656, 0.628906, -0.550781]","[0.594918, 0.218773, -0.117517]","[0.349998, 0.240000, 0.246098]","[0.983671, 0.376034, -0.191791]","[-0.003174, -0.028809, 0.236572]","[-0.014130, -0.003326, 0.118011, 0.992889]","[-0.018005, -0.009003, 0.048157, 0.998627]","[-0.354492, 0.340332, -0.024658]","[[0.971985, 0.234375, 0.003296], [-0.234253, 0.971619, -0.028870], [-0.010010, 0.027283, 0.999451]]",0.971985,"[8438, 8155, 8435, 8125]"
49.878448,"[0.117188, 0.636719, -0.550781]","[0.633777, 0.233667, -0.125088]","[0.299999, 0.219999, 0.217340]","[1.005417, 0.386354, -0.195731]","[-0.007080, -0.025879, 0.235840]","[-0.012482, -0.005127, 0.117737, 0.992981]","[-0.016846, -0.012848, 0.048096, 0.998596]","[0.420410, -0.533691, -0.029785]","[[0.972290, 0.233887, 0.007202], [-0.233643, 0.971985, -0.026062], [-0.013184, 0.023621, 0.999695]]",0.97229,"[8429, 8243, 8456, 8090]"
49.913597,"[0.128906, 0.636719, -0.546875]","[0.653510, 0.241260, -0.128928]","[0.359999, 0.240000, 0.196585]","[1.015474, 0.391270, -0.197534]","[-0.009033, -0.026611, 0.235596]","[-0.012695, -0.006073, 0.117523, 0.992981]","[-0.016693, -0.012024, 0.048096, 0.998627]","[-0.158203, -0.230957, -0.061279]","[[0.972290, 0.233459, 0.009094], [-0.233215, 0.972046, -0.026733], [-0.015076, 0.023804, 0.999573]]",0.97229,"[8394, 8213, 8484, 8095]"
49.9468,"[0.136719, 0.648438, -0.546875]","[0.693544, 0.256728, -0.136710]","[0.339998, 0.219999, 0.163710]","[1.033928, 0.400601, -0.200808]","[-0.011230, -0.026855, 0.234375]","[-0.012665, -0.007202, 0.116913, 0.993011]","[-0.015747, -0.015106, 0.048065, 0.998596]","[0.286377, -0.018066, -0.099121]","[[0.972412, 0.232300, 0.011353], [-0.232056, 0.972168, -0.026917], [-0.017334, 0.023499, 0.999390]]",0.972412,"[8459, 8185, 8417, 8102]"
50.013206,"[0.156250, 0.667969, -0.542969]","[0.754837, 0.280580, -0.148599]","[0.400000, 0.240000, 0.161819]","[1.057279, 0.413273, -0.204851]","[-0.015381, -0.025391, 0.233154]","[-0.011719, -0.009216, 0.116302, 0.993103]","[-0.016174, -0.016327, 0.048035, 0.998566]","[0.321045, -0.029297, 0.051270]","[[0.972717, 0.231140, 0.015564], [-0.230774, 0.972595, -0.025513], [-0.021057, 0.021118, 0.999512]]",0.972717,"[8406, 8207, 8420, 8090]"
50.046413,"[0.179688, 0.667969, -0.539062]","[0.796386, 0.296871, -0.156643]","[0.369999, 0.219999, 0.169916]","[1.069876, 0.420798, -0.206954]","[-0.018066, -0.025391, 0.232422]","[-0.011597, -0.010559, 0.115845, 0.993134]","[-0.014221, -0.019226, 0.048004, 0.998535]","[-0.119873, -0.046875, -0.072510]","[[0.972839, 0.230286, 0.018250], [-0.229797, 0.972778, -0.025574], [-0.023743, 0.020569, 0.999390]]",0.972839,"[8377, 8223, 8467, 8084]"
50.081573,"[0.187500, 0.679688, -0.539062]","[0.838384, 0.313443, -0.164761]","[0.429998, 0.249998, 0.169775]","[1.080019, 0.427553, -0.208574]","[-0.020264, -0.027588, 0.231934]","[-0.012573, -0.011688, 0.115631, 0.993164]","[-0.015533, -0.018555, 0.048004, 0.998535]","[-0.195068, -0.085693, -0.087891]","[[0.973022, 0.229919, 0.020325], [-0.229431, 0.972961, -0.027771], [-0.026184, 0.022278, 0.999451]]",0.973022,"[8451, 8145, 8431, 8139]"
50.114769,"[0.199219, 0.687500, -0.535156]","[0.880735, 0.330266, -0.172933]","[0.389999, 0.209999, 0.154959]","[1.087688, 0.433520, -0.209706]","[-0.023682, -0.026611, 0.231445]","[-0.011810, -0.013336, 0.115387, 0.993164]","[-0.013031, -0.022583, 0.047974, 0.998505]","[0.115967, -0.100586, 0.055664]","[[0.972961, 0.229492, 0.023804], [-0.228882, 0.973022, -0.026611], [-0.029297, 0.020386, 0.999329]]",0.972961,"[8415, 8222, 8440, 8070]"
50.149925,"[0.218750, 0.687500, -0.539062]","[0.902025, 0.338766, -0.177035]","[0.389999, 0.219999, 0.180386]","[1.090573, 0.436200, -0.210088]","[-0.026367, -0.028076, 0.231201]","[-0.012451, -0.014771, 0.115204, 0.993164]","[-0.012756, -0.024292, 0.047943, 0.998444]","[-0.001465, -0.163818, -0.019775]","[[0.973022, 0.229187, 0.026428], [-0.228455, 0.973145, -0.028198], [-0.032288, 0.021362, 0.999207]]",0.973022,"[8430, 8165, 8425, 8144]"
50.181183,"[0.238281, 0.707031, -0.535156]","[0.944688, 0.355892, -0.185247]","[0.489998, 0.259998, 0.136148]","[1.094439, 0.440940, -0.210484]","[-0.029053, -0.024902, 0.230957]","[-0.010742, -0.015900, 0.115051, 0.993195]","[-0.014801, -0.020782, 0.047974, 0.998505]","[0.076660, -0.178711, 0.038086]","[[0.973022, 0.228821, 0.029114], [-0.228210, 0.973328, -0.025024], [-0.034119, 0.017700, 0.999268]]",0.973022,"[8371, 8231, 8484, 8074]"
50.214382,"[0.250000, 0.718750, -0.535156]","[0.987480, 0.373198, -0.193470]","[0.439999, 0.219999, 0.141764]","[1.095745, 0.444844, -0.210384]","[-0.030762, -0.025391, 0.230469]","[-0.010803, -0.016754, 0.114899, 0.993195]","[-0.012787, -0.025146, 0.047943, 0.998444]","[-0.001953, -0.067139, -0.067139]","[[0.973022, 0.228516, 0.030823], [-0.227905, 0.973389, -0.025391], [-0.035828, 0.017578, 0.999207]]",0.973022,"[8427, 8216, 8430, 8065]"
50.249538,"[0.269531, 0.726562, -0.535156]","[1.030261, 0.390636, -0.201678]","[0.509998, 0.259998, 0.118807]","[1.094460, 0.447891, -0.209791]","[-0.032227, -0.025391, 0.229980]","[-0.010834, -0.017487, 0.114624, 0.993195]","[-0.013947, -0.023499, 0.047943, 0.998474]","[0.067139, -0.075684, -0.027832]","[[0.973022, 0.228027, 0.032288], [-0.227295, 0.973450, -0.025574], [-0.037292, 0.017517, 0.999084]]",0.973022,"[8374, 8150, 8443, 8102]"
50.282742,"[0.289062, 0.726562, -0.535156]","[1.051624, 0.399396, -0.205771]","[0.469999, 0.230000, 0.115255]","[1.092841, 0.449092, -0.209310]","[-0.033203, -0.025146, 0.229248]","[-0.010559, -0.017944, 0.114166, 0.993225]","[-0.011902, -0.026917, 0.047943, 0.998413]","[-0.046143, 0.048096, -0.027344]","[[0.973145, 0.227112, 0.033264], [-0.226379, 0.973572, -0.025146], [-0.038147, 0.016846, 0.999023]]",0.973145,"[8351, 8176, 8440, 8101]"
50.315945,"[0.289062, 0.738281, -0.531250]","[1.094215, 0.416973, -0.213922]","[0.480000, 0.240000, 0.058781]","[1.087672, 0.450835, -0.207981]","[-0.034180, -0.024902, 0.228271]","[-0.010468, -0.018524, 0.113739, 0.993286]","[-0.012146, -0.029083, 0.047882, 0.998352]","[0.009766, -0.102295, -0.021973]","[[0.973389, 0.226257, 0.034363], [-0.225525, 0.973877, -0.025085], [-0.039246, 0.016541, 0.999023]]",0.973389,"[8350, 8156, 8436, 8095]"
50.349148,"[0.316406, 0.750000, -0.535156]","[1.136566, 0.434606, -0.222013]","[0.559999, 0.269999, 0.073425]","[1.079875, 0.451686, -0.206163]","[-0.035400, -0.025391, 0.227539]","[-0.010681, -0.019043, 0.113342, 0.993317]","[-0.013092, -0.026001, 0.047913, 0.998413]","[0.040039, 0.060303, -0.052734]","[[0.973511, 0.225525, 0.035400], [-0.224792, 0.973999, -0.025574], [-0.040283, 0.016907, 0.998962]]",0.973511,"[8324, 8085, 8420, 8123]"
50.382351,"[0.339844, 0.757812, -0.531250]","[1.157615, 0.443431, -0.226031]","[0.519999, 0.249998, 0.086180]","[1.075006, 0.451780, -0.205074]","[-0.036865, -0.024170, 0.226074]","[-0.009918, -0.019775, 0.112579, 0.993408]","[-0.011902, -0.029358, 0.047913, 0.998322]","[0.099609, -0.348633, -0.013428]","[[0.973877, 0.223999, 0.037048], [-0.223267, 0.974426, -0.024170], [-0.041565, 0.015259, 0.999023]]",0.973877,"[8309, 8175, 8433, 8065]"
50.417503,"[0.359375, 0.757812, -0.535156]","[1.199378, 0.461068, -0.233991]","[0.609999, 0.279999, 0.076107]","[1.063320, 0.451286, -0.202538]","[-0.038574, -0.023193, 0.224121]","[-0.009430, -0.020508, 0.111633, 0.993500]","[-0.012115, -0.026276, 0.047943, 0.998413]","[-0.145508, 0.014648, -0.017578]","[[0.974182, 0.222168, 0.038635], [-0.221436, 0.974854, -0.023376], [-0.042908, 0.014099, 0.998962]]",0.974182,"[8314, 8154, 8445, 8092]"
50.450706,"[0.378906, 0.777344, -0.531250]","[1.240663, 0.478681, -0.241849]","[0.549999, 0.249998, 0.097689]","[1.048989, 0.449871, -0.199518]","[-0.039307, -0.023438, 0.222412]","[-0.009521, -0.020905, 0.110809, 0.993591]","[-0.011108, -0.030609, 0.047913, 0.998291]","[0.104980, 0.174316, -0.042236]","[[0.974548, 0.220520, 0.039429], [-0.219788, 0.975281, -0.023621], [-0.043701, 0.014343, 0.998962]]",0.974548,"[8353, 8155, 8398, 8102]"
50.48391,"[0.398438, 0.789062, -0.531250]","[1.281302, 0.496205, -0.249573]","[0.559999, 0.259998, 0.069111]","[1.032101, 0.447542, -0.196036]","[-0.038086, -0.024414, 0.220215]","[-0.010101, -0.020294, 0.109680, 0.993713]","[-0.011139, -0.031219, 0.047882, 0.998291]","[-0.074707, 0.155518, -0.011230]","[[0.975098, 0.218323, 0.038086], [-0.217590, 0.975708, -0.024536], [-0.042603, 0.015625, 0.998962]]",0.975098,"[8273, 8105, 8411, 8168]"
50.51907,"[0.417969, 0.796875, -0.527344]","[1.301366, 0.504930, -0.253383]","[0.669998, 0.299999, 0.081543]","[1.022662, 0.446024, -0.194117]","[-0.038574, -0.024658, 0.218018]","[-0.010162, -0.020630, 0.108612, 0.993835]","[-0.012543, -0.027374, 0.047913, 0.998383]","[-0.333740, 0.267334, -0.095947]","[[0.975586, 0.216248, 0.038757], [-0.215515, 0.976196, -0.024719], [-0.043274, 0.015686, 0.998962]]",0.975586,"[8307, 8106, 8428, 8125]"
50.552284,"[0.429688, 0.808594, -0.527344]","[1.340919, 0.522284, -0.260887]","[0.599998, 0.259998, 0.034201]","[1.001877, 0.442289, -0.189939]","[-0.039795, -0.023926, 0.216797]","[-0.009796, -0.021118, 0.108032, 0.993896]","[-0.010712, -0.032349, 0.047882, 0.998260]","[0.062744, -0.376709, 0.010498]","[[0.975830, 0.215088, 0.039856], [-0.214355, 0.976501, -0.024109], [-0.044128, 0.014954, 0.998962]]",0.97583,"[8290, 8162, 8404, 8065]"
50.585484,"[0.457031, 0.816406, -0.527344]","[1.379613, 0.539474, -0.268218]","[0.699999, 0.299999, 0.111032]","[0.978499, 0.437603, -0.185303]","[-0.039062, -0.024902, 0.215332]","[-0.010284, -0.020874, 0.107300, 0.993927]","[-0.011719, -0.028015, 0.047913, 0.998383]","[-0.003662, 0.504150, 0.014160]","[[0.975952, 0.213684, 0.039246], [-0.212830, 0.976624, -0.024963], [-0.043762, 0.015930, 0.998779]]",0.975952,"[8290, 8081, 8405, 8126]"
50.618675,"[0.476562, 0.816406, -0.527344]","[1.398589, 0.547991, -0.271811]","[0.629999, 0.279999, 0.054754]","[0.965844, 0.434910, -0.182823]","[-0.040771, -0.024414, 0.213379]","[-0.009979, -0.021576, 0.106323, 0.994049]","[-0.010223, -0.032593, 0.047913, 0.998260]","[0.228760, -0.420410, -0.012207]","[[0.976440, 0.211792, 0.040771], [-0.210938, 0.977173, -0.024536], [-0.045044, 0.015259, 0.998840]]",0.97644,"[8274, 8119, 8418, 8120]"
50.651878,"[0.500000, 0.828125, -0.523438]","[1.435798, 0.564865, -0.278850]","[0.659998, 0.279999, 0.056864]","[0.938623, 0.428797, -0.177526]","[-0.039551, -0.025635, 0.212158]","[-0.010742, -0.021057, 0.105682, 0.994110]","[-0.010193, -0.031860, 0.047913, 0.998260]","[-0.026611, 0.266357, -0.032471]","[[0.976685, 0.210510, 0.039551], [-0.209656, 0.977356, -0.025818], [-0.044189, 0.016907, 0.998779]]",0.976685,"[8270, 8046, 8381, 8178]"
50.685081,"[0.527344, 0.847656, -0.523438]","[1.471891, 0.581479, -0.285675]","[0.779999, 0.329998, 0.032927]","[0.908911, 0.421727, -0.171794]","[-0.040527, -0.026123, 0.211426]","[-0.010895, -0.021545, 0.105347, 0.994141]","[-0.012604, -0.026154, 0.047943, 0.998413]","[-0.029297, -0.092529, -0.006592]","[[0.976807, 0.209839, 0.040527], [-0.208984, 0.977539, -0.026245], [-0.045166, 0.017090, 0.998779]]",0.976807,"[8258, 8078, 8396, 8116]"
50.720242,"[0.558594, 0.859375, -0.515625]","[1.506778, 0.597803, -0.292268]","[0.679998, 0.279999, 0.060352]","[0.876698, 0.413706, -0.165653]","[-0.040039, -0.027344, 0.210449]","[-0.011536, -0.021454, 0.104767, 0.994202]","[-0.010284, -0.031250, 0.047913, 0.998291]","[-0.075684, 0.087402, -0.027344]","[[0.977112, 0.208801, 0.040222], [-0.207825, 0.977783, -0.027466], [-0.045105, 0.018433, 0.998779]]",0.977112,"[8300, 8087, 8383, 8119]"
50.751488,"[0.578125, 0.867188, -0.515625]","[1.523734, 0.605837, -0.295471]","[0.709999, 0.279999, 0.006207]","[0.859642, 0.409327, -0.162430]","[-0.038574, -0.026611, 0.209229]","[-0.011261, -0.020660, 0.104187, 0.994293]","[-0.009766, -0.030548, 0.047943, 0.998322]","[0.053711, -0.181396, -0.003174]","[[0.977478, 0.207581, 0.038757], [-0.206726, 0.978027, -0.026733], [-0.043518, 0.018066, 0.998901]]",0.977478,"[8215, 8039, 8384, 8123]"
50.786648,"[0.609375, 0.878906, -0.515625]","[1.556627, 0.621647, -0.301685]","[0.829998, 0.329998, 0.016901]","[0.823736, 0.399851, -0.155671]","[-0.038086, -0.027344, 0.208496]","[-0.011688, -0.020416, 0.103882, 0.994324]","[-0.011932, -0.024597, 0.047974, 0.998444]","[0.061279, -0.006836, -0.019775]","[[0.977600, 0.206970, 0.038208], [-0.206116, 0.978149, -0.027527], [-0.043091, 0.018982, 0.998901]]",0.9776,"[8258, 8018, 8386, 8142]"
50.819847,"[0.628906, 0.886719, -0.511719]","[1.588057, 0.637063, -0.307628]","[0.729998, 0.289999, 0.056253]","[0.785448, 0.389433, -0.148541]","[-0.036865, -0.026611, 0.208008]","[-0.011322, -0.019714, 0.103577, 0.994354]","[-0.009857, -0.029938, 0.047943, 0.998322]","[-0.021240, 0.208252, -0.041016]","[[0.977722, 0.206360, 0.036865], [-0.205505, 0.978210, -0.026611], [-0.041626, 0.018433, 0.998901]]",0.977722,"[8241, 8076, 8371, 8081]"
50.85305,"[0.656250, 0.898438, -0.507812]","[1.603198, 0.644613, -0.310493]","[0.869999, 0.339998, 0.056684]","[0.765438, 0.383866, -0.144832]","[-0.035156, -0.025635, 0.207520]","[-0.010925, -0.018921, 0.103394, 0.994415]","[-0.011963, -0.022858, 0.048004, 0.998505]","[-0.041992, -0.041016, 0.042725]","[[0.977905, 0.205994, 0.035339], [-0.205261, 0.978394, -0.025757], [-0.039978, 0.017822, 0.999084]]",0.977905,"[8193, 8032, 8435, 8104]"
50.89016,"[0.687500, 0.906250, -0.507812]","[1.632291, 0.659383, -0.316002]","[0.769999, 0.299999, 0.083771]","[0.723755, 0.372039, -0.137160]","[-0.033447, -0.026855, 0.207031]","[-0.011597, -0.018127, 0.103210, 0.994446]","[-0.009857, -0.027740, 0.047974, 0.998413]","[0.043213, -0.008545, 0.010010]","[[0.978088, 0.205627, 0.033630], [-0.204895, 0.978455, -0.026855], [-0.038513, 0.019287, 0.999146]]",0.978088,"[8264, 8044, 8382, 8119]"
50.921425,"[0.707031, 0.917969, -0.503906]","[1.659720, 0.673672, -0.321202]","[0.789999, 0.299999, 0.085705]","[0.679879, 0.359299, -0.129146]","[-0.031494, -0.025879, 0.206299]","[-0.011261, -0.017059, 0.102844, 0.994507]","[-0.009827, -0.026764, 0.048004, 0.998413]","[0.018066, -0.018555, 0.019287]","[[0.978271, 0.204895, 0.031616], [-0.204163, 0.978577, -0.025940], [-0.036255, 0.018860, 0.999146]]",0.978271,"[8180, 8032, 8437, 8166]"
50.954617,"[0.738281, 0.929688, -0.503906]","[1.685390, 0.687445, -0.326086]","[0.929998, 0.339998, 0.114305]","[0.633969, 0.345675, -0.120844]","[-0.029053, -0.026367, 0.205322]","[-0.011688, -0.015900, 0.102325, 0.994568]","[-0.011536, -0.018982, 0.048065, 0.998566]","[-0.022705, -0.019287, -0.086914]","[[0.978516, 0.203857, 0.029236], [-0.203125, 0.978760, -0.026550], [-0.034119, 0.019958, 0.999207]]",0.978516,"[8230, 8001, 8444, 8167]"
50.98782,"[0.769531, 0.937500, -0.500000]","[1.697540, 0.694126, -0.328405]","[0.799999, 0.309999, 0.124979]","[0.610302, 0.338546, -0.116594]","[-0.027344, -0.027344, 0.204346]","[-0.012207, -0.015015, 0.101898, 0.994629]","[-0.010345, -0.024780, 0.048004, 0.998474]","[0.213867, 0.007080, -0.028809]","[[0.978760, 0.203064, 0.027405], [-0.202332, 0.978943, -0.027405], [-0.032410, 0.021179, 0.999268]]",0.97876,"[8298, 8079, 8379, 8134]"
51.021019,"[0.796875, 0.949219, -0.496094]","[1.720436, 0.707064, -0.332791]","[0.949999, 0.349998, 0.163979]","[0.561606, 0.323666, -0.107910]","[-0.023193, -0.024170, 0.203857]","[-0.010834, -0.012787, 0.101715, 0.994690]","[-0.012024, -0.016632, 0.048096, 0.998627]","[-0.052979, 0.172119, -0.089600]","[[0.978943, 0.202576, 0.023193], [-0.202087, 0.979065, -0.024231], [-0.027710, 0.018982, 0.999451]]",0.978943,"[8152, 8064, 8505, 8155]"
51.056183,"[0.839844, 0.968750, -0.492188]","[1.741398, 0.719404, -0.336833]","[0.839998, 0.299999, 0.141609]","[0.511227, 0.307992, -0.099011]","[-0.020996, -0.026123, 0.203369]","[-0.011932, -0.011841, 0.101471, 0.994690]","[-0.010254, -0.020630, 0.048065, 0.998566]","[-0.155518, 0.437744, -0.051758]","[[0.979004, 0.202087, 0.021118], [-0.201599, 0.979004, -0.026184], [-0.026001, 0.021301, 0.999329]]",0.979004,"[8277, 8039, 8427, 8184]"
51.089378,"[0.859375, 0.976562, -0.488281]","[1.760358, 0.731117, -0.340524]","[0.869999, 0.309999, 0.140377]","[0.459309, 0.291559, -0.089931]","[-0.019287, -0.024902, 0.202881]","[-0.011414, -0.010895, 0.101166, 0.994751]","[-0.010651, -0.018646, 0.048096, 0.998596]","[0.050049, -0.283691, 0.039062]","[[0.979248, 0.201477, 0.019409], [-0.200989, 0.979187, -0.025024], [-0.024048, 0.020508, 0.999451]]",0.979248,"[8202, 8069, 8486, 8174]"
51.124535,"[0.886719, 0.988281, -0.488281]","[1.769068, 0.736727, -0.342235]","[0.989998, 0.359999, 0.135895]","[0.432824, 0.283072, -0.085335]","[-0.016113, -0.026855, 0.202637]","[-0.012573, -0.009369, 0.101105, 0.994751]","[-0.013245, -0.011444, 0.048157, 0.998657]","[0.023926, -0.031006, -0.029785]","[[0.979309, 0.201294, 0.016113], [-0.200928, 0.979126, -0.026978], [-0.021240, 0.023071, 0.999390]]",0.979309,"[8253, 7975, 8432, 8238]"
51.155788,"[0.929688, 1.000000, -0.484375]","[1.784926, 0.747445, -0.345388]","[0.869999, 0.299999, 0.113689]","[0.378843, 0.265564, -0.076041]","[-0.014893, -0.023926, 0.202148]","[-0.011169, -0.008636, 0.100891, 0.994781]","[-0.010742, -0.015350, 0.048126, 0.998657]","[0.145752, -0.473633, 0.006348]","[[0.979370, 0.200867, 0.014954], [-0.200500, 0.979248, -0.024048], [-0.019470, 0.020508, 0.999451]]",0.97937,"[8197, 8113, 8435, 8090]"
51.190941,"[0.957031, 1.007812, -0.476562]","[1.798652, 0.757467, -0.348175]","[0.989998, 0.369999, 0.127806]","[0.323660, 0.247383, -0.066645]","[-0.010498, -0.025146, 0.201660]","[-0.012054, -0.006500, 0.100647, 0.994812]","[-0.013947, -0.008118, 0.048187, 0.998688]","[-0.171631, 0.084229, -0.020752]","[[0.979492, 0.200317, 0.010498], [-0.200073, 0.979309, -0.025330], [-0.015381, 0.022644, 0.999451]]",0.979492,"[8187, 8000, 8436, 8160]"
51.224144,"[0.988281, 1.019531, -0.476562]","[1.804698, 0.762206, -0.349430]","[0.889997, 0.299999, 0.147722]","[0.295675, 0.238057, -0.061920]","[-0.006836, -0.024414, 0.200439]","[-0.011749, -0.004669, 0.100128, 0.994904]","[-0.011169, -0.011292, 0.048187, 0.998688]","[0.203369, 0.053955, -0.097900]","[[0.979858, 0.199280, 0.006958], [-0.199158, 0.979614, -0.024414], [-0.011719, 0.022461, 0.999634]]",0.979858,"[8207, 8074, 8428, 8086]"
