t,p,p_d,v,v_d,Angles,q,q_sp,w,R,T_sp,rpm
45.638897,"[-0.066406, 0.398438, -0.968750]","[0.000000, -0.000000, -0.000000]","[-0.029999, -0.009998, 0.097170]","[0.000000, -0.000001, -0.000001]","[0.018066, -0.014404, 0.123291]","[-0.007812, 0.008606, 0.061737, 0.998047]","[-0.000427, -0.001068, 0.058289, 0.998291]","[0.134766, -0.141846, 0.038574]","[[0.992310, 0.123047, -0.018127], [-0.123413, 0.992310, -0.014587], [0.016174, 0.016663, 0.999756]]",0.99231,"[7924, 7922, 7896, 7758]"
45.660381,"[-0.058594, 0.398438, -0.972656]","[0.000000, -0.000000, -0.000000]","[0.009998, 0.000000, 0.061705]","[0.000000, -0.000004, -0.000002]","[0.010742, -0.011719, 0.126465]","[-0.006165, 0.005035, 0.063293, 0.997986]","[-0.000793, 0.000885, 0.058289, 0.998291]","[0.284668, -0.526611, 0.132324]","[[0.992004, 0.126160, -0.010803], [-0.126404, 0.991943, -0.011719], [0.009216, 0.012939, 0.999939]]",0.992004,"[7996, 8006, 7843, 7672]"
45.693584,"[-0.058594, 0.398438, -0.968750]","[0.000000, -0.000000, -0.000000]","[-0.019999, 0.000000, 0.129993]","[0.000001, -0.000009, -0.000005]","[0.002686, -0.006592, 0.130371]","[-0.003357, 0.001160, 0.065277, 0.997864]","[-0.000732, -0.000427, 0.058289, 0.998291]","[0.221436, 0.127197, 0.109375]","[[0.991455, 0.130188, -0.002747], [-0.130310, 0.991455, -0.006592], [0.001770, 0.006836, 0.999939]]",0.991455,"[8022, 8078, 7868, 7613]"
45.726791,"[-0.058594, 0.398438, -0.964844]","[0.000000, -0.000001, -0.000000]","[0.000000, 0.000000, 0.124500]","[0.000003, -0.000033, -0.000018]","[-0.001709, -0.004150, 0.135010]","[-0.002014, -0.001068, 0.067596, 0.997711]","[-0.000702, 0.000275, 0.058289, 0.998291]","[0.129395, -0.329102, 0.139160]","[[0.990845, 0.134827, 0.001831], [-0.134827, 0.990845, -0.004211], [-0.002441, 0.003845, 0.999939]]",0.990845,"[8025, 8023, 7914, 7748]"
45.759998,"[-0.058594, 0.398438, -0.964844]","[0.000000, -0.000003, -0.000002]","[-0.019999, 0.000000, 0.164806]","[0.000008, -0.000087, -0.000047]","[-0.005859, -0.001953, 0.139893]","[-0.000793, -0.002991, 0.069946, 0.997559]","[-0.000763, -0.000671, 0.058289, 0.998291]","[-0.095947, -0.376465, 0.189697]","[[0.990234, 0.139526, 0.005859], [-0.139526, 0.990234, -0.002014], [-0.006104, 0.001160, 1.000000]]",0.990234,"[8039, 8023, 7957, 7744]"
45.793201,"[-0.066406, 0.398438, -0.960938]","[0.000000, -0.000005, -0.000003]","[0.009998, 0.009998, 0.197510]","[0.000012, -0.000131, -0.000071]","[-0.009277, -0.001221, 0.144287]","[-0.000336, -0.004730, 0.072144, 0.997406]","[-0.001190, 0.000427, 0.058289, 0.998291]","[0.207031, -0.191895, 0.158203]","[[0.989624, 0.143860, 0.009399], [-0.143860, 0.989624, -0.001404], [-0.009521, -0.000061, 1.000000]]",0.989624,"[8114, 8025, 7939, 7753]"
45.826405,"[-0.058594, 0.398438, -0.953125]","[0.000001, -0.000013, -0.000007]","[0.039999, 0.029999, 0.237461]","[0.000024, -0.000266, -0.000143]","[-0.011963, -0.000488, 0.149170]","[0.000183, -0.006073, 0.074554, 0.997223]","[-0.002045, 0.002319, 0.058319, 0.998291]","[0.070312, -0.114746, 0.091309]","[[0.988892, 0.148621, 0.012146], [-0.148743, 0.988953, -0.000610], [-0.012146, -0.001221, 1.000000]]",0.988892,"[8131, 8026, 7966, 7763]"
45.861561,"[-0.058594, 0.398438, -0.949219]","[0.000002, -0.000027, -0.000015]","[0.049999, 0.029999, 0.253815]","[0.000043, -0.000481, -0.000259]","[-0.012939, 0.000977, 0.154297]","[0.001038, -0.006500, 0.077148, 0.997009]","[-0.001892, 0.002899, 0.058319, 0.998291]","[-0.025879, 0.013428, 0.174316]","[[0.988037, 0.153748, 0.013123], [-0.153870, 0.988098, 0.000977], [-0.012878, -0.003052, 0.999939]]",0.988037,"[8132, 8027, 8017, 7784]"
45.89476,"[-0.058594, 0.398438, -0.941406]","[0.000005, -0.000052, -0.000028]","[0.039999, 0.039999, 0.292128]","[0.000072, -0.000800, -0.000430]","[-0.014648, 0.001709, 0.159668]","[0.001587, -0.007294, 0.079895, 0.996796]","[-0.002411, 0.002441, 0.058319, 0.998291]","[0.003906, 0.210693, 0.108887]","[[0.987183, 0.159180, 0.014832], [-0.159302, 0.987244, 0.001892], [-0.014343, -0.004333, 0.999939]]",0.987183,"[8128, 8003, 8050, 7790]"
45.927975,"[-0.058594, 0.406250, -0.937500]","[0.000006, -0.000069, -0.000037]","[0.049999, 0.049999, 0.336542]","[0.000091, -0.001007, -0.000540]","[-0.015869, 0.003418, 0.164795]","[0.002472, -0.007782, 0.082397, 0.996582]","[-0.003357, 0.002991, 0.058319, 0.998260]","[-0.020752, -0.068848, 0.184326]","[[0.986328, 0.164124, 0.015930], [-0.164246, 0.986389, 0.003540], [-0.015198, -0.006226, 0.999878]]",0.986328,"[8195, 8103, 8082, 7808]"
45.963116,"[-0.058594, 0.406250, -0.933594]","[0.000011, -0.000118, -0.000064]","[0.070000, 0.059999, 0.281797]","[0.000139, -0.001532, -0.000821]","[-0.016357, 0.002686, 0.170166]","[0.002136, -0.008026, 0.085052, 0.996338]","[-0.003784, 0.003998, 0.058319, 0.998260]","[0.090088, -0.203613, 0.104980]","[[0.985352, 0.169373, 0.016357], [-0.169495, 0.985474, 0.002808], [-0.015747, -0.005615, 0.999817]]",0.985352,"[8189, 8055, 8093, 7825]"
45.996326,"[-0.046875, 0.406250, -0.921875]","[0.000017, -0.000191, -0.000103]","[0.059999, 0.059999, 0.378569]","[0.000204, -0.002229, -0.001193]","[-0.014648, 0.002441, 0.175781]","[0.001892, -0.007202, 0.087830, 0.996094]","[-0.003906, 0.004242, 0.058319, 0.998260]","[-0.056641, -0.006592, 0.158203]","[[0.984375, 0.174866, 0.014709], [-0.174988, 0.984436, 0.002441], [-0.014099, -0.005005, 0.999756]]",0.984375,"[8219, 8044, 8132, 7837]"
46.02953,"[-0.046875, 0.406250, -0.910156]","[0.000027, -0.000295, -0.000158]","[0.119999, 0.049999, 0.429396]","[0.000287, -0.003127, -0.001671]","[-0.014404, 0.001221, 0.181885]","[0.001312, -0.007111, 0.090881, 0.995819]","[-0.003235, 0.007263, 0.058319, 0.998260]","[0.138428, 0.042725, 0.243896]","[[0.983276, 0.180908, 0.014404], [-0.181030, 0.983337, 0.001221], [-0.014038, -0.003906, 0.999756]]",0.983276,"[8306, 8058, 8157, 7884]"
46.062725,"[-0.039062, 0.406250, -0.902344]","[0.000033, -0.000361, -0.000194]","[0.109999, 0.109999, 0.452654]","[0.000337, -0.003661, -0.001955]","[-0.012939, 0.002197, 0.186768]","[0.001740, -0.006317, 0.093353, 0.995605]","[-0.006165, 0.007446, 0.058350, 0.998230]","[-0.070557, 0.105957, 0.095947]","[[0.982422, 0.185791, 0.012939], [-0.185913, 0.982483, 0.002197], [-0.012329, -0.004639, 0.999817]]",0.982422,"[8287, 8096, 8232, 7896]"
46.095932,"[-0.046875, 0.417969, -0.894531]","[0.000048, -0.000528, -0.000282]","[0.109999, 0.080000, 0.464846]","[0.000456, -0.004915, -0.002621]","[-0.011719, 0.001709, 0.191406]","[0.001495, -0.005768, 0.095703, 0.995392]","[-0.005585, 0.006927, 0.058350, 0.998230]","[-0.027588, 0.069824, 0.172119]","[[0.981567, 0.190430, 0.011780], [-0.190552, 0.981628, 0.001770], [-0.011292, -0.004089, 0.999878]]",0.981567,"[8287, 8116, 8239, 7920]"
46.131092,"[-0.027344, 0.417969, -0.882812]","[0.000069, -0.000749, -0.000400]","[0.189999, 0.099998, 0.486750]","[0.000601, -0.006443, -0.003430]","[-0.009766, 0.000000, 0.196045]","[0.000458, -0.004883, 0.097931, 0.995178]","[-0.006256, 0.012085, 0.058350, 0.998199]","[-0.152832, 0.190430, 0.047607]","[[0.980713, 0.194824, 0.009827], [-0.194946, 0.980713, -0.000122], [-0.009705, -0.001831, 0.999878]]",0.980713,"[8305, 8065, 8241, 7975]"
46.164288,"[-0.039062, 0.417969, -0.875000]","[0.000081, -0.000883, -0.000472]","[0.080000, 0.129999, 0.497076]","[0.000685, -0.007319, -0.003893]","[-0.007568, -0.000244, 0.200195]","[0.000214, -0.003876, 0.100067, 0.994965]","[-0.008057, 0.006317, 0.058350, 0.998230]","[-0.055664, 0.252686, 0.136475]","[[0.979858, 0.199036, 0.007751], [-0.199158, 0.979858, -0.000427], [-0.007751, -0.001160, 0.999878]]",0.979858,"[8340, 8123, 8243, 7934]"
46.197491,"[-0.019531, 0.429688, -0.863281]","[0.000112, -0.001207, -0.000644]","[0.160000, 0.139999, 0.529345]","[0.000878, -0.009313, -0.004946]","[-0.005615, -0.001953, 0.204102]","[-0.000732, -0.002899, 0.101990, 0.994781]","[-0.008972, 0.011383, 0.058380, 0.998169]","[0.133057, 0.231445, 0.051758]","[[0.979126, 0.202881, 0.005615], [-0.202881, 0.979126, -0.002075], [-0.005981, 0.000854, 0.999878]]",0.979126,"[8355, 8093, 8283, 8013]"
46.230698,"[-0.007812, 0.437500, -0.855469]","[0.000150, -0.001615, -0.000860]","[0.150000, 0.129999, 0.510193]","[0.001106, -0.011652, -0.006177]","[-0.001953, -0.002197, 0.207520]","[-0.001038, -0.001190, 0.103638, 0.994629]","[-0.008942, 0.011749, 0.058411, 0.998169]","[-0.298096, 0.464600, 0.144531]","[[0.978516, 0.206116, 0.002136], [-0.206116, 0.978516, -0.002380], [-0.002625, 0.001770, 0.999939]]",0.978516,"[8319, 8142, 8330, 7981]"
46.265858,"[-0.007812, 0.437500, -0.843750]","[0.000199, -0.002122, -0.001129]","[0.169998, 0.129999, 0.530306]","[0.001372, -0.014363, -0.007602]","[-0.001221, -0.003662, 0.210449]","[-0.001831, -0.000824, 0.105072, 0.994476]","[-0.009033, 0.012726, 0.058411, 0.998169]","[0.137451, 0.195801, 0.114014]","[[0.977905, 0.208923, 0.001221], [-0.208923, 0.977905, -0.003845], [-0.002075, 0.003479, 0.999939]]",0.977905,"[8388, 8116, 8295, 8004]"
46.299065,"[-0.007812, 0.449219, -0.832031]","[0.000227, -0.002417, -0.001285]","[0.179998, 0.160000, 0.543381]","[0.001521, -0.015866, -0.008390]","[0.000977, -0.006348, 0.213135]","[-0.003204, 0.000244, 0.106415, 0.994324]","[-0.011292, 0.013489, 0.058441, 0.998108]","[-0.091797, -0.077881, 0.140625]","[[0.977356, 0.211548, -0.001160], [-0.211670, 0.977356, -0.006409], [-0.000305, 0.006409, 1.000000]]",0.977356,"[8362, 8108, 8289, 8072]"
46.332256,"[0.000000, 0.449219, -0.824219]","[0.000293, -0.003100, -0.001646]","[0.199999, 0.119999, 0.527231]","[0.001852, -0.019184, -0.010127]","[0.003662, -0.007080, 0.215332]","[-0.003754, 0.001465, 0.107544, 0.994202]","[-0.009399, 0.014832, 0.058411, 0.998108]","[0.025146, 0.203369, 0.082275]","[[0.976868, 0.213745, -0.003723], [-0.213867, 0.976868, -0.007202], [0.002014, 0.007812, 0.999939]]",0.976868,"[8362, 8142, 8331, 8046]"
46.365459,"[0.000000, 0.457031, -0.812500]","[0.000372, -0.003922, -0.002079]","[0.199999, 0.179998, 0.548296]","[0.002230, -0.022938, -0.012087]","[0.007080, -0.009033, 0.217285]","[-0.004852, 0.003082, 0.108490, 0.994080]","[-0.013031, 0.015167, 0.058472, 0.998077]","[-0.169434, 0.158203, 0.032227]","[[0.976379, 0.215576, -0.007202], [-0.215698, 0.976379, -0.009094], [0.005005, 0.010315, 0.999878]]",0.976379,"[8385, 8123, 8341, 8079]"
46.398678,"[0.007812, 0.457031, -0.804688]","[0.000418, -0.004389, -0.002325]","[0.150000, 0.169998, 0.528145]","[0.002437, -0.024984, -0.013153]","[0.008789, -0.009033, 0.219238]","[-0.004944, 0.003937, 0.109467, 0.993988]","[-0.012787, 0.013336, 0.058472, 0.998108]","[0.078857, 0.086670, 0.038574]","[[0.976013, 0.217529, -0.008911], [-0.217651, 0.976013, -0.009033], [0.006714, 0.010742, 0.999939]]",0.976013,"[8383, 8174, 8338, 8034]"
46.433826,"[0.007812, 0.468750, -0.792969]","[0.000522, -0.005451, -0.002884]","[0.199999, 0.160000, 0.527782]","[0.002892, -0.029431, -0.015466]","[0.010742, -0.012207, 0.221436]","[-0.006653, 0.004639, 0.110687, 0.993835]","[-0.013123, 0.015686, 0.058502, 0.998077]","[0.009033, -0.090576, 0.077393]","[[0.975464, 0.219849, -0.010742], [-0.220093, 0.975403, -0.012268], [0.007690, 0.014221, 0.999878]]",0.975464,"[8412, 8128, 8319, 8084]"
46.467022,"[0.027344, 0.468750, -0.781250]","[0.000644, -0.006695, -0.003537]","[0.219999, 0.189999, 0.539410]","[0.003402, -0.034366, -0.018024]","[0.012207, -0.012451, 0.223633]","[-0.006866, 0.005463, 0.111786, 0.993713]","[-0.014587, 0.018066, 0.058533, 0.997986]","[-0.149658, 0.117676, 0.082764]","[[0.974976, 0.221985, -0.012390], [-0.222229, 0.974915, -0.012451], [0.009216, 0.014893, 0.999878]]",0.974976,"[8407, 8151, 8340, 8043]"
46.500225,"[0.039062, 0.476562, -0.773438]","[0.000788, -0.008142, -0.004295]","[0.189999, 0.169998, 0.528858]","[0.003970, -0.039806, -0.020837]","[0.013916, -0.013428, 0.225586]","[-0.007416, 0.006165, 0.112701, 0.993591]","[-0.014252, 0.017334, 0.058533, 0.998016]","[-0.051758, 0.124023, 0.046631]","[[0.974487, 0.223816, -0.013916], [-0.224060, 0.974487, -0.013428], [0.010498, 0.016113, 0.999817]]",0.974487,"[8424, 8174, 8340, 8038]"
46.533443,"[0.039062, 0.488281, -0.765625]","[0.000869, -0.008948, -0.004717]","[0.230000, 0.209999, 0.534439]","[0.004277, -0.042721, -0.022341]","[0.017334, -0.015869, 0.227783]","[-0.008850, 0.007690, 0.113861, 0.993439]","[-0.016937, 0.019562, 0.058594, 0.997925]","[-0.175293, 0.191162, 0.081055]","[[0.973938, 0.226013, -0.017334], [-0.226379, 0.973877, -0.015930], [0.013184, 0.019348, 0.999695]]",0.973938,"[8404, 8123, 8371, 8099]"
46.566631,"[0.039062, 0.488281, -0.757812]","[0.001048, -0.010736, -0.005651]","[0.199999, 0.169998, 0.559099]","[0.004938, -0.048949, -0.025547]","[0.019043, -0.016846, 0.229736]","[-0.009460, 0.008575, 0.114746, 0.993317]","[-0.015320, 0.017883, 0.058563, 0.997986]","[-0.012207, -0.114746, 0.052490]","[[0.973450, 0.227722, -0.019226], [-0.228088, 0.973450, -0.016846], [0.014832, 0.020752, 0.999634]]",0.97345,"[8424, 8154, 8384, 8099]"
46.599834,"[0.046875, 0.500000, -0.746094]","[0.001255, -0.012779, -0.006716]","[0.199999, 0.160000, 0.557812]","[0.005664, -0.055720, -0.029020]","[0.020752, -0.017578, 0.231201]","[-0.009918, 0.009369, 0.115479, 0.993225]","[-0.015778, 0.018524, 0.058563, 0.997955]","[0.109619, 0.163330, 0.084961]","[[0.973145, 0.229126, -0.020874], [-0.229614, 0.973083, -0.017578], [0.016235, 0.021851, 0.999573]]",0.973145,"[8416, 8174, 8388, 8087]"
46.633038,"[0.066406, 0.507812, -0.738281]","[0.001370, -0.013903, -0.007301]","[0.249998, 0.209999, 0.571381]","[0.006054, -0.059314, -0.030860]","[0.022705, -0.018555, 0.232178]","[-0.010529, 0.010223, 0.115997, 0.993134]","[-0.018585, 0.022339, 0.058685, 0.997833]","[-0.132080, 0.031006, 0.031006]","[[0.972778, 0.230103, -0.022766], [-0.230591, 0.972778, -0.018616], [0.017761, 0.023254, 0.999451]]",0.972778,"[8475, 8169, 8401, 8119]"
46.668201,"[0.066406, 0.519531, -0.726562]","[0.001622, -0.016366, -0.008581]","[0.209999, 0.169998, 0.563095]","[0.006884, -0.066915, -0.034740]","[0.025146, -0.019043, 0.233398]","[-0.010956, 0.011444, 0.116638, 0.993042]","[-0.018097, 0.020599, 0.058655, 0.997894]","[-0.019531, 0.058105, -0.038818]","[[0.972412, 0.231323, -0.025269], [-0.231934, 0.972473, -0.019165], [0.020142, 0.024414, 0.999390]]",0.972412,"[8451, 8219, 8425, 8114]"
46.701397,"[0.078125, 0.519531, -0.714844]","[0.001908, -0.019137, -0.010018]","[0.259998, 0.209999, 0.544773]","[0.007787, -0.075083, -0.038895]","[0.028564, -0.020996, 0.234131]","[-0.012085, 0.013062, 0.117004, 0.992950]","[-0.020081, 0.024017, 0.058746, 0.997772]","[-0.085938, 0.190430, 0.070557]","[[0.972107, 0.231934, -0.028748], [-0.232666, 0.972168, -0.020996], [0.023010, 0.027100, 0.999207]]",0.972107,"[8440, 8179, 8437, 8164]"
46.736553,"[0.078125, 0.527344, -0.707031]","[0.002231, -0.022239, -0.011623]","[0.209999, 0.189999, 0.539530]","[0.008765, -0.083824, -0.043327]","[0.030029, -0.022705, 0.234619]","[-0.013062, 0.013611, 0.117310, 0.992920]","[-0.019989, 0.021698, 0.058716, 0.997833]","[-0.053467, 0.114014, 0.048096]","[[0.972046, 0.232544, -0.030090], [-0.233276, 0.972107, -0.022766], [0.023865, 0.029114, 0.999207]]",0.972046,"[8477, 8206, 8418, 8144]"
46.801006,"[0.109375, 0.539062, -0.691406]","[0.002791, -0.027560, -0.014369]","[0.209999, 0.150000, 0.532663]","[0.010378, -0.098009, -0.050484]","[0.033203, -0.023682, 0.235840]","[-0.013763, 0.015167, 0.117889, 0.992798]","[-0.019379, 0.023621, 0.058716, 0.997803]","[0.030518, 0.039551, -0.027100]","[[0.971619, 0.233643, -0.033386], [-0.234497, 0.971680, -0.023804], [0.026794, 0.030884, 0.999023]]",0.971619,"[8448, 8221, 8436, 8131]"
46.836166,"[0.109375, 0.546875, -0.679688]","[0.003220, -0.031586, -0.016440]","[0.209999, 0.160000, 0.526743]","[0.011553, -0.108187, -0.055595]","[0.034668, -0.025146, 0.236328]","[-0.014557, 0.015717, 0.118134, 0.992737]","[-0.020813, 0.023956, 0.058746, 0.997742]","[0.166016, -0.187012, 0.002686]","[[0.971375, 0.234009, -0.034668], [-0.234985, 0.971497, -0.025269], [0.027710, 0.032593, 0.998901]]",0.971375,"[8479, 8231, 8404, 8160]"
46.869377,"[0.117188, 0.546875, -0.671875]","[0.003695, -0.036019, -0.018715]","[0.249998, 0.209999, 0.516769]","[0.012812, -0.118937, -0.060970]","[0.036865, -0.025146, 0.236572]","[-0.014648, 0.016937, 0.118317, 0.992706]","[-0.023468, 0.026672, 0.058868, 0.997620]","[-0.141113, 0.243652, 0.023682]","[[0.971313, 0.234314, -0.037048], [-0.235413, 0.971436, -0.025146], [0.030090, 0.033081, 0.998840]]",0.971313,"[8455, 8244, 8466, 8145]"
46.902588,"[0.117188, 0.558594, -0.664062]","[0.003952, -0.038397, -0.019933]","[0.219999, 0.169998, 0.509737]","[0.013473, -0.124525, -0.063756]","[0.037598, -0.026855, 0.237061]","[-0.015533, 0.017120, 0.118500, 0.992676]","[-0.022827, 0.025299, 0.058838, 0.997681]","[0.020264, 0.170898, 0.011719]","[[0.971191, 0.234680, -0.037659], [-0.235779, 0.971313, -0.026855], [0.030212, 0.034912, 0.998840]]",0.971191,"[8509, 8275, 8454, 8164]"
46.935772,"[0.128906, 0.558594, -0.656250]","[0.004505, -0.043486, -0.022536]","[0.199999, 0.169998, 0.513416]","[0.014859, -0.136127, -0.069521]","[0.040527, -0.028564, 0.237061]","[-0.016663, 0.018494, 0.118652, 0.992615]","[-0.023315, 0.025085, 0.058838, 0.997650]","[-0.099609, 0.041016, 0.000000]","[[0.971069, 0.234863, -0.040649], [-0.236206, 0.971191, -0.028748], [0.032715, 0.037415, 0.998657]]",0.971069,"[8486, 8238, 8466, 8172]"
46.968979,"[0.136719, 0.566406, -0.648438]","[0.005114, -0.049039, -0.025368]","[0.249998, 0.189999, 0.478252]","[0.016333, -0.148288, -0.075537]","[0.040527, -0.030029, 0.237549]","[-0.017334, 0.018433, 0.118805, 0.992584]","[-0.025208, 0.028259, 0.058960, 0.997528]","[0.109619, 0.135254, -0.003174]","[[0.970947, 0.235168, -0.040710], [-0.236511, 0.971069, -0.030090], [0.032410, 0.038757, 0.998596]]",0.970947,"[8520, 8241, 8454, 8188]"
47.002178,"[0.148438, 0.566406, -0.644531]","[0.005440, -0.051996, -0.026873]","[0.199999, 0.160000, 0.461044]","[0.017104, -0.154576, -0.078636]","[0.041992, -0.031250, 0.237549]","[-0.018036, 0.018982, 0.118896, 0.992584]","[-0.024323, 0.026733, 0.058899, 0.997589]","[-0.076904, -0.051270, -0.037354]","[[0.971008, 0.235291, -0.041992], [-0.236755, 0.971069, -0.031372], [0.033325, 0.040283, 0.998657]]",0.971008,"[8497, 8278, 8444, 8150]"
47.035397,"[0.148438, 0.589844, -0.640625]","[0.006139, -0.058286, -0.030069]","[0.209999, 0.150000, 0.400705]","[0.018712, -0.167558, -0.085013]","[0.042480, -0.032959, 0.238281]","[-0.018860, 0.019135, 0.119202, 0.992523]","[-0.025757, 0.027435, 0.058960, 0.997528]","[0.091553, 0.071777, 0.004639]","[[0.970825, 0.235840, -0.042480], [-0.237305, 0.970825, -0.032959], [0.033447, 0.041992, 0.998535]]",0.970825,"[8528, 8241, 8408, 8199]"
47.0686,"[0.156250, 0.589844, -0.632812]","[0.006903, -0.065094, -0.033518]","[0.230000, 0.169998, 0.390770]","[0.020412, -0.181073, -0.091618]","[0.042725, -0.032959, 0.238770]","[-0.018951, 0.019287, 0.119446, 0.992493]","[-0.027252, 0.028992, 0.059021, 0.997437]","[-0.019043, -0.216797, 0.062988]","[[0.970703, 0.236328, -0.042847], [-0.237793, 0.970764, -0.033081], [0.033691, 0.042236, 0.998535]]",0.970703,"[8478, 8273, 8459, 8139]"
47.101788,"[0.167969, 0.597656, -0.628906]","[0.007311, -0.068697, -0.035340]","[0.179998, 0.129999, 0.386917]","[0.021296, -0.188025, -0.095003]","[0.044189, -0.034180, 0.238770]","[-0.019653, 0.019897, 0.119568, 0.992462]","[-0.026489, 0.027344, 0.058990, 0.997528]","[-0.112549, 0.316650, -0.016113]","[[0.970642, 0.236511, -0.044250], [-0.238098, 0.970642, -0.034363], [0.034729, 0.043762, 0.998474]]",0.970642,"[8502, 8282, 8431, 8120]"
47.134995,"[0.179688, 0.597656, -0.621094]","[0.008178, -0.076320, -0.039186]","[0.219999, 0.179998, 0.384264]","[0.023135, -0.202313, -0.101932]","[0.044922, -0.036865, 0.239502]","[-0.021027, 0.020172, 0.119873, 0.992340]","[-0.029602, 0.030090, 0.059143, 0.997345]","[-0.098145, -0.237061, 0.035889]","[[0.970276, 0.237000, -0.045044], [-0.238708, 0.970215, -0.036926], [0.034912, 0.046570, 0.998108]]",0.970276,"[8519, 8236, 8443, 8194]"
47.170155,"[0.179688, 0.609375, -0.617188]","[0.009119, -0.084509, -0.043306]","[0.189999, 0.109999, 0.368219]","[0.025068, -0.217094, -0.109061]","[0.045654, -0.036865, 0.239990]","[-0.021088, 0.020447, 0.120209, 0.992340]","[-0.027740, 0.028656, 0.059052, 0.997437]","[-0.024414, -0.137451, -0.034180]","[[0.970276, 0.237610, -0.045654], [-0.239441, 0.970215, -0.036987], [0.035400, 0.046753, 0.998291]]",0.970276,"[8524, 8289, 8449, 8115]"
47.20335,"[0.187500, 0.609375, -0.613281]","[0.010138, -0.093287, -0.047709]","[0.189999, 0.119999, 0.359047]","[0.027097, -0.232354, -0.116378]","[0.046143, -0.038086, 0.240723]","[-0.021667, 0.020660, 0.120514, 0.992279]","[-0.029053, 0.029327, 0.059082, 0.997375]","[-0.022705, 0.088379, -0.006348]","[[0.970093, 0.238220, -0.046204], [-0.240051, 0.969971, -0.038086], [0.035706, 0.047974, 0.998169]]",0.970093,"[8537, 8279, 8429, 8108]"
47.238506,"[0.199219, 0.609375, -0.605469]","[0.010677, -0.097901, -0.050018]","[0.199999, 0.139999, 0.357426]","[0.028147, -0.240155, -0.120103]","[0.046631, -0.038818, 0.241211]","[-0.022064, 0.020905, 0.120819, 0.992218]","[-0.030792, 0.030670, 0.059174, 0.997284]","[0.049561, -0.056641, 0.071045]","[[0.969849, 0.238770, -0.046814], [-0.240723, 0.969788, -0.038818], [0.036072, 0.048828, 0.998108]]",0.969849,"[8527, 8273, 8442, 8141]"
47.273666,"[0.199219, 0.617188, -0.601562]","[0.011819, -0.107592, -0.054857]","[0.160000, 0.089998, 0.356262]","[0.030320, -0.256091, -0.127676]","[0.047363, -0.039551, 0.241943]","[-0.022552, 0.021118, 0.121216, 0.992157]","[-0.029938, 0.028778, 0.059113, 0.997375]","[-0.156006, -0.000977, 0.038086]","[[0.969727, 0.239502, -0.047363], [-0.241455, 0.969604, -0.039734], [0.036377, 0.049866, 0.998108]]",0.969727,"[8537, 8304, 8459, 8122]"
47.304913,"[0.207031, 0.617188, -0.597656]","[0.013047, -0.117914, -0.059995]","[0.189999, 0.109999, 0.340855]","[0.032590, -0.272451, -0.135401]","[0.047852, -0.039062, 0.242432]","[-0.022369, 0.021423, 0.121399, 0.992126]","[-0.031647, 0.031067, 0.059235, 0.997253]","[-0.057129, 0.044678, 0.088623]","[[0.969604, 0.239868, -0.047913], [-0.241821, 0.969543, -0.039246], [0.037048, 0.049622, 0.998047]]",0.969604,"[8531, 8298, 8469, 8128]"
47.34399,"[0.218750, 0.617188, -0.593750]","[0.014366, -0.128882, -0.065437]","[0.189999, 0.099998, 0.306849]","[0.034957, -0.289213, -0.143263]","[0.048096, -0.039795, 0.242676]","[-0.022675, 0.021545, 0.121582, 0.992096]","[-0.032074, 0.031952, 0.059265, 0.997192]","[0.104248, -0.139648, -0.032471]","[[0.969482, 0.240173, -0.048279], [-0.242249, 0.969421, -0.039856], [0.037170, 0.050232, 0.998047]]",0.969482,"[8544, 8334, 8470, 8128]"
47.371319,"[0.226562, 0.628906, -0.593750]","[0.015061, -0.134614, -0.068274]","[0.160000, 0.080000, 0.280609]","[0.036177, -0.297736, -0.147240]","[0.049805, -0.042236, 0.242920]","[-0.023956, 0.022186, 0.121735, 0.992035]","[-0.032501, 0.031006, 0.059235, 0.997223]","[-0.065674, -0.219971, 0.022705]","[[0.969360, 0.240417, -0.049866], [-0.242615, 0.969238, -0.042175], [0.038147, 0.052917, 0.997864]]",0.96936,"[8529, 8289, 8459, 8188]"
47.404537,"[0.226562, 0.628906, -0.589844]","[0.016523, -0.146582, -0.074182]","[0.179998, 0.099998, 0.213032]","[0.038692, -0.315053, -0.155276]","[0.050537, -0.041992, 0.243652]","[-0.023926, 0.022614, 0.122009, 0.992004]","[-0.034393, 0.031982, 0.059326, 0.997101]","[0.034180, 0.330566, 0.007324]","[[0.969238, 0.240967, -0.050720], [-0.243164, 0.969116, -0.041992], [0.039001, 0.052979, 0.997864]]",0.969238,"[8498, 8289, 8470, 8131]"
47.43774,"[0.238281, 0.628906, -0.585938]","[0.018085, -0.159232, -0.080406]","[0.160000, 0.059999, 0.241205]","[0.041304, -0.332708, -0.163408]","[0.049316, -0.043701, 0.243652]","[-0.024719, 0.021881, 0.122131, 0.991974]","[-0.033661, 0.031830, 0.059296, 0.997162]","[-0.017578, -0.340820, -0.038330]","[[0.969238, 0.241150, -0.049438], [-0.243347, 0.968933, -0.043762], [0.037354, 0.054382, 0.997803]]",0.969238,"[8530, 8332, 8430, 8094]"
47.470924,"[0.238281, 0.628906, -0.585938]","[0.018905, -0.165816, -0.083637]","[0.129999, 0.049999, 0.234045]","[0.042647, -0.341652, -0.167504]","[0.050049, -0.043945, 0.243408]","[-0.024902, 0.022186, 0.122009, 0.991974]","[-0.034241, 0.030396, 0.059296, 0.997162]","[-0.088135, 0.291748, -0.038330]","[[0.969238, 0.240845, -0.050110], [-0.243164, 0.968994, -0.044067], [0.037903, 0.054810, 0.997742]]",0.969238,"[8553, 8288, 8430, 8132]"
47.504131,"[0.238281, 0.628906, -0.582031]","[0.020624, -0.179515, -0.090341]","[0.189999, 0.049999, 0.210234]","[0.045407, -0.359762, -0.175747]","[0.050293, -0.043945, 0.243408]","[-0.024902, 0.022278, 0.121948, 0.991943]","[-0.035278, 0.033508, 0.059418, 0.997040]","[0.203857, 0.000000, 0.014648]","[[0.969116, 0.240723, -0.050293], [-0.243042, 0.968872, -0.044006], [0.038086, 0.054871, 0.997620]]",0.969116,"[8516, 8287, 8450, 8156]"
47.537334,"[0.250000, 0.636719, -0.578125]","[0.022453, -0.193926, -0.097368]","[0.139999, 0.039999, 0.190569]","[0.048266, -0.378141, -0.184041]","[0.050537, -0.044678, 0.243652]","[-0.025299, 0.022430, 0.122070, 0.991943]","[-0.036591, 0.031982, 0.059418, 0.997040]","[-0.146973, 0.061279, 0.015625]","[[0.969116, 0.240967, -0.050720], [-0.243286, 0.968872, -0.044800], [0.038269, 0.055664, 0.997681]]",0.969116,"[8539, 8330, 8440, 8099]"
47.572491,"[0.257812, 0.636719, -0.578125]","[0.024396, -0.209062, -0.104721]","[0.160000, 0.029999, 0.152430]","[0.051223, -0.396761, -0.192369]","[0.051270, -0.046875, 0.244141]","[-0.026428, 0.022583, 0.122406, 0.991882]","[-0.037109, 0.033356, 0.059479, 0.996979]","[-0.115723, 0.032471, 0.013672]","[[0.968994, 0.241577, -0.051270], [-0.244019, 0.968628, -0.046936], [0.038208, 0.057922, 0.997559]]",0.968994,"[8527, 8288, 8439, 8121]"
47.605698,"[0.257812, 0.648438, -0.578125]","[0.025411, -0.216903, -0.108518]","[0.129999, 0.019999, 0.157063]","[0.052738, -0.406150, -0.196540]","[0.051758, -0.047607, 0.244629]","[-0.026794, 0.022827, 0.122681, 0.991821]","[-0.038635, 0.032104, 0.059479, 0.996948]","[-0.021729, 0.165039, 0.031006]","[[0.968811, 0.242065, -0.051819], [-0.244629, 0.968445, -0.047607], [0.038635, 0.058716, 0.997498]]",0.968811,"[8555, 8316, 8438, 8105]"
47.638897,"[0.257812, 0.648438, -0.574219]","[0.027532, -0.233138, -0.116360]","[0.129999, 0.000000, 0.153160]","[0.055841, -0.425072, -0.204884]","[0.052490, -0.048584, 0.245605]","[-0.027405, 0.023163, 0.123169, 0.991730]","[-0.038879, 0.032257, 0.059509, 0.996918]","[-0.116699, 0.076660, 0.063477]","[[0.968506, 0.242981, -0.052673], [-0.245544, 0.968079, -0.048706], [0.039124, 0.060059, 0.997375]]",0.968506,"[8512, 8288, 8468, 8124]"
47.676006,"[0.269531, 0.648438, -0.574219]","[0.029775, -0.250112, -0.124524]","[0.139999, 0.009998, 0.131018]","[0.059041, -0.444152, -0.213212]","[0.052734, -0.049072, 0.247070]","[-0.027679, 0.023163, 0.123871, 0.991638]","[-0.041016, 0.033356, 0.059601, 0.996796]","[0.061279, -0.178955, 0.036377]","[[0.968201, 0.244324, -0.052795], [-0.247009, 0.967712, -0.049194], [0.039001, 0.060669, 0.997314]]",0.968201,"[8535, 8294, 8475, 8107]"
47.705299,"[0.269531, 0.648438, -0.574219]","[0.030945, -0.258883, -0.128730]","[0.119999, -0.009998, 0.124924]","[0.060678, -0.453749, -0.217368]","[0.054199, -0.050537, 0.247803]","[-0.028473, 0.023804, 0.124329, 0.991547]","[-0.041321, 0.032410, 0.059601, 0.996826]","[0.101807, -0.112549, 0.015137]","[[0.967896, 0.245117, -0.054260], [-0.247925, 0.967407, -0.050659], [0.040100, 0.062378, 0.997192]]",0.967896,"[8552, 8321, 8470, 8102]"
47.738503,"[0.289062, 0.648438, -0.574219]","[0.033380, -0.276982, -0.137382]","[0.160000, -0.019999, 0.141674]","[0.064022, -0.473018, -0.225642]","[0.055664, -0.053223, 0.249268]","[-0.029846, 0.024323, 0.125092, 0.991394]","[-0.041962, 0.035736, 0.059723, 0.996674]","[-0.289062, 0.096436, 0.028564]","[[0.967468, 0.246521, -0.055725], [-0.249451, 0.966858, -0.053162], [0.040710, 0.065247, 0.996948]]",0.967468,"[8559, 8291, 8474, 8078]"
47.771709,"[0.289062, 0.636719, -0.574219]","[0.035948, -0.295839, -0.146358]","[0.099998, -0.019999, 0.121460]","[0.067463, -0.492376, -0.233858]","[0.055664, -0.053467, 0.251221]","[-0.030029, 0.024292, 0.126007, 0.991272]","[-0.042877, 0.032990, 0.059662, 0.996735]","[0.139404, -0.067383, 0.057129]","[[0.966980, 0.248291, -0.055725], [-0.251221, 0.966370, -0.053467], [0.040588, 0.065674, 0.996948]]",0.96698,"[8562, 8336, 8477, 8067]"
47.804913,"[0.289062, 0.636719, -0.570312]","[0.037282, -0.305549, -0.150964]","[0.109999, -0.059999, 0.131710]","[0.069219, -0.502074, -0.237936]","[0.057373, -0.054688, 0.253174]","[-0.030701, 0.025116, 0.126984, 0.991089]","[-0.042480, 0.033203, 0.059662, 0.996735]","[-0.102295, 0.032471, -0.017090]","[[0.966309, 0.250061, -0.057556], [-0.253235, 0.965698, -0.054565], [0.041931, 0.067261, 0.996704]]",0.966309,"[8549, 8322, 8501, 8117]"
47.838116,"[0.296875, 0.636719, -0.570312]","[0.040056, -0.325540, -0.160417]","[0.129999, -0.059999, 0.105902]","[0.072801, -0.521499, -0.246026]","[0.057617, -0.056641, 0.255127]","[-0.031769, 0.024994, 0.128052, 0.990936]","[-0.043732, 0.034882, 0.059753, 0.996613]","[0.040039, 0.111816, 0.093994]","[[0.965881, 0.252075, -0.057678], [-0.255371, 0.965088, -0.056641], [0.041321, 0.069336, 0.996643]]",0.965881,"[8611, 8292, 8485, 8143]"
47.873272,"[0.296875, 0.636719, -0.570312]","[0.042971, -0.346289, -0.170183]","[0.109999, -0.070000, 0.102226]","[0.076477, -0.540928, -0.254009]","[0.057861, -0.055908, 0.257080]","[-0.031494, 0.025116, 0.128967, 0.990814]","[-0.045013, 0.033966, 0.059784, 0.996613]","[-0.033447, 0.067627, 0.083740]","[[0.965332, 0.253967, -0.057922], [-0.257141, 0.964600, -0.055969], [0.041565, 0.068909, 0.996643]]",0.965332,"[8564, 8353, 8524, 8052]"
47.906475,"[0.296875, 0.628906, -0.570312]","[0.046032, -0.367802, -0.180261]","[0.099998, -0.089998, 0.105545]","[0.080247, -0.560337, -0.261869]","[0.058350, -0.057373, 0.258789]","[-0.032166, 0.025269, 0.129822, 0.990692]","[-0.045288, 0.033386, 0.059753, 0.996613]","[0.002197, -0.117920, 0.016846]","[[0.964905, 0.255554, -0.058411], [-0.258850, 0.964111, -0.057251], [0.041687, 0.070312, 0.996582]]",0.964905,"[8593, 8340, 8521, 8084]"
47.939682,"[0.296875, 0.628906, -0.570312]","[0.047617, -0.378837, -0.185412]","[0.109999, -0.109999, 0.080048]","[0.082165, -0.570016, -0.265744]","[0.059082, -0.058594, 0.260010]","[-0.032898, 0.025543, 0.130524, 0.990570]","[-0.045959, 0.034027, 0.059814, 0.996552]","[-0.262451, 0.076172, 0.070557]","[[0.964539, 0.256836, -0.059204], [-0.260254, 0.963684, -0.058533], [0.041992, 0.071838, 0.996460]]",0.964539,"[8585, 8310, 8526, 8088]"
47.972881,"[0.308594, 0.628906, -0.574219]","[0.050904, -0.401487, -0.195945]","[0.080000, -0.080000, 0.037336]","[0.086071, -0.589330, -0.273384]","[0.058838, -0.059082, 0.261475]","[-0.033112, 0.025330, 0.131226, 0.990479]","[-0.049194, 0.033386, 0.059906, 0.996429]","[0.107666, -0.062012, 0.022705]","[[0.964172, 0.258240, -0.058899], [-0.261658, 0.963318, -0.059021], [0.041443, 0.072205, 0.996460]]",0.964172,"[8580, 8350, 8520, 8098]"
48.006088,"[0.316406, 0.617188, -0.574219]","[0.054343, -0.424879, -0.206768]","[0.099998, -0.160000, 0.047602]","[0.090066, -0.608531, -0.280851]","[0.059814, -0.061279, 0.262695]","[-0.034332, 0.025726, 0.131897, 0.990356]","[-0.046295, 0.034546, 0.059845, 0.996521]","[-0.255615, 0.075684, 0.027832]","[[0.963928, 0.259460, -0.059998], [-0.263000, 0.962891, -0.061279], [0.041809, 0.074829, 0.996399]]",0.963928,"[8568, 8347, 8524, 8083]"
48.041241,"[0.316406, 0.617188, -0.574219]","[0.057943, -0.449034, -0.217888]","[0.080000, -0.129999, 0.001074]","[0.094152, -0.627609, -0.288136]","[0.060059, -0.063477, 0.263672]","[-0.035431, 0.025665, 0.132416, 0.990234]","[-0.049652, 0.033661, 0.059937, 0.996368]","[-0.385010, 0.368896, -0.025146]","[[0.963623, 0.260376, -0.060181], [-0.264038, 0.962402, -0.063416], [0.041382, 0.076965, 0.996155]]",0.963623,"[8594, 8330, 8502, 8051]"
48.07444,"[0.316406, 0.609375, -0.578125]","[0.059799, -0.461370, -0.223543]","[0.070000, -0.179998, -0.018063]","[0.096225, -0.637073, -0.291698]","[0.059570, -0.062256, 0.264648]","[-0.034851, 0.025482, 0.132874, 0.990173]","[-0.048584, 0.033081, 0.059875, 0.996460]","[-0.039795, -0.093994, 0.076904]","[[0.963257, 0.261292, -0.059692], [-0.264954, 0.962158, -0.062317], [0.041138, 0.075745, 0.996155]]",0.963257,"[8539, 8353, 8537, 8044]"
48.107658,"[0.316406, 0.609375, -0.582031]","[0.063640, -0.486624, -0.235075]","[0.080000, -0.169998, -0.038437]","[0.100439, -0.655884, -0.298668]","[0.059814, -0.065430, 0.266113]","[-0.036346, 0.025330, 0.133636, 0.990021]","[-0.050873, 0.033600, 0.059967, 0.996307]","[0.064941, -0.090576, 0.014648]","[[0.962891, 0.262695, -0.059875], [-0.266479, 0.961548, -0.065308], [0.040344, 0.078735, 0.995972]]",0.962891,"[8587, 8305, 8481, 8090]"
48.14085,"[0.316406, 0.597656, -0.582031]","[0.067647, -0.512608, -0.246874]","[0.059999, -0.169998, -0.048826]","[0.104739, -0.674485, -0.305411]","[0.058838, -0.064453, 0.267334]","[-0.035828, 0.024933, 0.134216, 0.989990]","[-0.052277, 0.032837, 0.059998, 0.996277]","[-0.146973, 0.028320, 0.073730]","[[0.962708, 0.263855, -0.058960], [-0.267517, 0.961365, -0.064331], [0.039673, 0.077637, 0.996155]]",0.962708,"[8543, 8365, 8530, 8013]"
48.174068,"[0.316406, 0.589844, -0.585938]","[0.069715, -0.525875, -0.252872]","[0.080000, -0.230000, -0.039938]","[0.106921, -0.683700, -0.308693]","[0.059082, -0.066895, 0.268799]","[-0.037109, 0.024811, 0.134918, 0.989838]","[-0.050781, 0.033356, 0.059967, 0.996338]","[0.119873, -0.066162, -0.045166]","[[0.962280, 0.265198, -0.059143], [-0.268982, 0.960754, -0.066833], [0.039001, 0.080139, 0.995911]]",0.96228,"[8585, 8324, 8486, 8072]"
48.207256,"[0.328125, 0.589844, -0.585938]","[0.073977, -0.552938, -0.265056]","[0.049999, -0.209999, -0.043713]","[0.111346, -0.701933, -0.315065]","[0.059570, -0.065674, 0.269775]","[-0.036530, 0.025085, 0.135376, 0.989807]","[-0.053741, 0.032684, 0.060028, 0.996185]","[-0.134277, -0.047607, 0.091309]","[[0.962036, 0.266052, -0.059570], [-0.269836, 0.960632, -0.065552], [0.039673, 0.079102, 0.996033]]",0.962036,"[8525, 8370, 8539, 7992]"
48.240459,"[0.328125, 0.578125, -0.589844]","[0.078415, -0.580709, -0.277483]","[0.080000, -0.269999, -0.086803]","[0.115852, -0.719886, -0.321171]","[0.058838, -0.067627, 0.271240]","[-0.037445, 0.024597, 0.136139, 0.989655]","[-0.052094, 0.033813, 0.060028, 0.996246]","[0.193848, 0.017090, 0.061523]","[[0.961548, 0.267517, -0.058899], [-0.271301, 0.959961, -0.067505], [0.038391, 0.080811, 0.995850]]",0.961548,"[8582, 8311, 8499, 8025]"
48.275616,"[0.328125, 0.566406, -0.593750]","[0.083029, -0.609176, -0.290144]","[0.059999, -0.240000, -0.072893]","[0.120438, -0.737528, -0.326998]","[0.059082, -0.069092, 0.272461]","[-0.038208, 0.024628, 0.136780, 0.989532]","[-0.054810, 0.032990, 0.060089, 0.996124]","[-0.028564, -0.127441, 0.101318]","[[0.961182, 0.268799, -0.059204], [-0.272583, 0.959473, -0.068909], [0.038208, 0.082336, 0.995728]]",0.961182,"[8563, 8351, 8502, 8019]"
48.308834,"[0.339844, 0.558594, -0.593750]","[0.085404, -0.623663, -0.296557]","[0.059999, -0.249998, -0.093922]","[0.122760, -0.746225, -0.329801]","[0.058350, -0.068359, 0.274414]","[-0.037872, 0.024231, 0.137695, 0.989471]","[-0.056122, 0.033691, 0.060181, 0.996033]","[0.049561, 0.101074, 0.047607]","[[0.960876, 0.270569, -0.058350], [-0.274353, 0.959229, -0.068298], [0.037476, 0.081604, 0.995972]]",0.960876,"[8550, 8355, 8521, 7957]"
48.342022,"[0.339844, 0.546875, -0.597656]","[0.090291, -0.653151, -0.309547]","[0.059999, -0.329998, -0.095947]","[0.127464, -0.763357, -0.335184]","[0.056396, -0.069092, 0.275146]","[-0.038086, 0.023254, 0.138031, 0.989441]","[-0.053467, 0.033142, 0.060059, 0.996185]","[-0.242920, 0.092529, 0.104492]","[[0.960815, 0.271301, -0.056519], [-0.274963, 0.958984, -0.068970], [0.035400, 0.081787, 0.996033]]",0.960815,"[8553, 8399, 8489, 7932]"
48.375221,"[0.339844, 0.539062, -0.597656]","[0.095364, -0.683301, -0.322741]","[0.070000, -0.279999, -0.101578]","[0.132243, -0.780117, -0.340253]","[0.056152, -0.069580, 0.275879]","[-0.038330, 0.023041, 0.138458, 0.989349]","[-0.057709, 0.033661, 0.060242, 0.995941]","[0.118164, -0.090820, -0.023926]","[[0.960510, 0.272156, -0.056152], [-0.275696, 0.958618, -0.069519], [0.034912, 0.082214, 0.995911]]",0.96051,"[8578, 8374, 8507, 7998]"
48.408424,"[0.347656, 0.527344, -0.601562]","[0.097970, -0.698616, -0.329410]","[0.039999, -0.309999, -0.144258]","[0.134660, -0.788347, -0.342667]","[0.058350, -0.070557, 0.276611]","[-0.038940, 0.024017, 0.138794, 0.989258]","[-0.057892, 0.032806, 0.060181, 0.995941]","[-0.053955, -0.034424, -0.018066]","[[0.960205, 0.272705, -0.058350], [-0.276489, 0.958313, -0.070435], [0.036621, 0.083740, 0.995728]]",0.960205,"[8530, 8336, 8558, 8009]"
48.441631,"[0.347656, 0.519531, -0.605469]","[0.103325, -0.729727, -0.342885]","[0.039999, -0.379999, -0.178968]","[0.139549, -0.804500, -0.347245]","[0.057129, -0.070312, 0.277344]","[-0.038788, 0.023499, 0.139130, 0.989258]","[-0.056061, 0.032471, 0.060120, 0.996063]","[-0.010010, 0.152100, 0.122070]","[[0.960205, 0.273438, -0.057251], [-0.277100, 0.958313, -0.070251], [0.035645, 0.083313, 0.995911]]",0.960205,"[8508, 8374, 8536, 7948]"
48.476784,"[0.339844, 0.507812, -0.609375]","[0.108873, -0.761458, -0.356532]","[0.049999, -0.329998, -0.180079]","[0.144509, -0.820218, -0.351483]","[0.056152, -0.073242, 0.277832]","[-0.040161, 0.022797, 0.139465, 0.989166]","[-0.060211, 0.032471, 0.060272, 0.995819]","[-0.149658, 0.238770, 0.049316]","[[0.960022, 0.273987, -0.056274], [-0.277771, 0.957886, -0.073120], [0.033813, 0.085815, 0.995728]]",0.960022,"[8584, 8343, 8445, 7972]"
48.509991,"[0.347656, 0.488281, -0.613281]","[0.114617, -0.793804, -0.370342]","[0.070000, -0.419998, -0.192213]","[0.149539, -0.835487, -0.355371]","[0.055664, -0.072021, 0.278320]","[-0.039612, 0.022522, 0.139618, 0.989166]","[-0.056854, 0.033478, 0.060181, 0.995972]","[0.020264, -0.264404, -0.004883]","[[0.959961, 0.274353, -0.055664], [-0.278015, 0.957825, -0.072083], [0.033447, 0.084656, 0.995789]]",0.959961,"[8503, 8383, 8508, 7907]"
48.543194,"[0.347656, 0.476562, -0.617188]","[0.117561, -0.810189, -0.377298]","[0.029999, -0.369999, -0.194094]","[0.152078, -0.842939, -0.357180]","[0.056152, -0.074707, 0.279297]","[-0.040894, 0.022614, 0.140137, 0.989044]","[-0.060883, 0.031525, 0.060242, 0.995819]","[-0.252930, 0.328613, -0.041016]","[[0.959656, 0.275269, -0.056152], [-0.279053, 0.957336, -0.074646], [0.033203, 0.087219, 0.995605]]",0.959656,"[8564, 8323, 8457, 7964]"
48.578346,"[0.359375, 0.457031, -0.621094]","[0.123601, -0.843402, -0.391317]","[0.059999, -0.469999, -0.201202]","[0.157208, -0.857482, -0.360523]","[0.056396, -0.073975, 0.279541]","[-0.040497, 0.022766, 0.140289, 0.989044]","[-0.057373, 0.033020, 0.060181, 0.995972]","[-0.144531, -0.116943, 0.051270]","[[0.959595, 0.275574, -0.056396], [-0.279358, 0.957336, -0.073792], [0.033569, 0.086487, 0.995667]]",0.959595,"[8465, 8389, 8531, 7942]"
48.611549,"[0.359375, 0.449219, -0.628906]","[0.129845, -0.877180, -0.405462]","[0.039999, -0.409998, -0.189095]","[0.162404, -0.871524, -0.363496]","[0.056396, -0.076416, 0.280518]","[-0.041748, 0.022583, 0.140747, 0.988922]","[-0.061798, 0.032318, 0.060303, 0.995728]","[0.011719, 0.143555, 0.009033]","[[0.959412, 0.276428, -0.056396], [-0.280212, 0.956909, -0.076233], [0.032837, 0.088928, 0.995544]]",0.959412,"[8601, 8335, 8447, 8001]"
48.677959,"[0.359375, 0.417969, -0.632812]","[0.139590, -0.928832, -0.426871]","[0.039999, -0.519999, -0.155375]","[0.170310, -0.891588, -0.367237]","[0.055664, -0.075684, 0.281494]","[-0.041382, 0.022278, 0.141327, 0.988861]","[-0.059784, 0.031586, 0.060181, 0.995880]","[0.015625, 0.085938, 0.051270]","[[0.959106, 0.277588, -0.055725], [-0.281372, 0.956665, -0.075562], [0.032288, 0.088135, 0.995605]]",0.959106,"[8524, 8427, 8556, 7933]"
