t,p,p_d,v,v_d,Angles,q,q_sp,w,R,T_sp,rpm
51.698872,"[-0.226562, 0.250000, -0.777344]","[-0.000000, 0.000000, -0.000000]","[-0.009998, 0.000000, 0.042347]","[-0.000002, 0.000001, -0.000001]","[0.016846, -0.016357, 0.093018]","[-0.008636, 0.008026, 0.046692, 0.998840]","[0.000000, -0.000336, 0.044647, 0.998993]","[0.111328, -0.208496, 0.037842]","[[0.995483, 0.093079, -0.016846], [-0.093445, 0.995483, -0.016541], [0.015137, 0.018005, 0.999695]]",0.995483,"[7939, 7856, 7915, 7862]"
51.714504,"[-0.226562, 0.250000, -0.777344]","[-0.000000, 0.000000, -0.000000]","[0.000000, 0.000000, 0.077389]","[-0.000002, 0.000001, -0.000001]","[0.013184, -0.014648, 0.094482]","[-0.007629, 0.006348, 0.047363, 0.998840]","[0.000000, 0.000000, 0.044647, 0.998993]","[0.051514, -0.316162, 0.099609]","[[0.995422, 0.094482, -0.013367], [-0.094727, 0.995422, -0.014709], [0.011902, 0.015808, 0.999817]]",0.995422,"[7913, 7883, 7882, 7769]"
51.859028,"[-0.218750, 0.257812, -0.765625]","[-0.000050, 0.000023, -0.000021]","[0.009998, 0.009998, 0.278507]","[-0.001241, 0.000577, -0.000526]","[-0.004150, -0.005859, 0.113037]","[-0.002838, -0.002350, 0.056488, 0.998383]","[-0.000916, 0.001129, 0.044647, 0.998993]","[0.123535, -0.074951, 0.109863]","[[0.993530, 0.112793, 0.004333], [-0.112793, 0.993530, -0.005981], [-0.005066, 0.005371, 0.999878]]",0.99353,"[8126, 7987, 7998, 7889]"
51.917629,"[-0.218750, 0.257812, -0.753906]","[-0.000177, 0.000082, -0.000075]","[0.019999, 0.039999, 0.377031]","[-0.003343, 0.001558, -0.001418]","[-0.006104, -0.003906, 0.122070]","[-0.001831, -0.003204, 0.061035, 0.998138]","[-0.002472, 0.001801, 0.044647, 0.998993]","[-0.074219, -0.245850, 0.151855]","[[0.992554, 0.121826, 0.006165], [-0.121826, 0.992554, -0.004089], [-0.006653, 0.003235, 1.000000]]",0.992554,"[8172, 8001, 8060, 7901]"
51.952778,"[-0.226562, 0.257812, -0.746094]","[-0.000351, 0.000163, -0.000149]","[0.039999, 0.019999, 0.410736]","[-0.005697, 0.002662, -0.002418]","[-0.006836, -0.003174, 0.127930]","[-0.001404, -0.003601, 0.063965, 0.997955]","[-0.001465, 0.002502, 0.044647, 0.998993]","[-0.100830, 0.129150, 0.188965]","[[0.991821, 0.127625, 0.007019], [-0.127625, 0.991821, -0.003296], [-0.007385, 0.002319, 1.000000]]",0.991821,"[8200, 8033, 8109, 7928]"
51.984028,"[-0.218750, 0.257812, -0.738281]","[-0.000477, 0.000222, -0.000202]","[0.029999, 0.049999, 0.428017]","[-0.007229, 0.003382, -0.003070]","[-0.006836, -0.002686, 0.133301]","[-0.001099, -0.003540, 0.066711, 0.997772]","[-0.002930, 0.002563, 0.044647, 0.998993]","[0.000000, 0.178467, 0.181152]","[[0.991089, 0.133118, 0.006897], [-0.133118, 0.991089, -0.002686], [-0.007263, 0.001709, 0.999939]]",0.991089,"[8228, 8048, 8143, 7937]"
52.017227,"[-0.218750, 0.257812, -0.730469]","[-0.000831, 0.000388, -0.000353]","[0.049999, 0.029999, 0.455244]","[-0.011125, 0.005219, -0.004730]","[-0.006836, -0.002930, 0.139893]","[-0.001251, -0.003540, 0.069916, 0.997559]","[-0.001892, 0.003479, 0.044647, 0.998993]","[0.031982, 0.220703, 0.322754]","[[0.990234, 0.139465, 0.006897], [-0.139465, 0.990234, -0.003052], [-0.007263, 0.001953, 1.000000]]",0.990234,"[8246, 8064, 8177, 7952]"
52.161762,"[-0.207031, 0.269531, -0.683594]","[-0.003825, 0.001801, -0.001629]","[0.049999, 0.059999, 0.604326]","[-0.035879, 0.016995, -0.015312]","[-0.003662, -0.001709, 0.164795]","[-0.000702, -0.001892, 0.082397, 0.996582]","[-0.004059, 0.004700, 0.044678, 0.998962]","[0.146240, 0.105225, 0.195557]","[[0.986328, 0.164185, 0.003662], [-0.164185, 0.986328, -0.001770], [-0.003906, 0.001038, 0.999878]]",0.986328,"[8456, 8104, 8316, 8108]"
52.163715,"[-0.207031, 0.269531, -0.691406]","[-0.003825, 0.001801, -0.001629]","[0.080000, 0.080000, 0.582264]","[-0.035879, 0.016995, -0.015312]","[-0.003418, -0.001221, 0.165039]","[-0.000488, -0.001831, 0.082458, 0.996582]","[-0.004974, 0.006195, 0.044678, 0.998962]","[0.246338, 0.032715, 0.187012]","[[0.986328, 0.164307, 0.003540], [-0.164307, 0.986328, -0.001282], [-0.003784, 0.000671, 0.999878]]",0.986328,"[8444, 8111, 8324, 8119]"
52.288734,"[-0.199219, 0.277344, -0.644531]","[-0.011669, 0.005539, -0.004984]","[0.080000, 0.109999, 0.635550]","[-0.083078, 0.039785, -0.035606]","[0.000732, -0.002197, 0.188232]","[-0.001129, 0.000305, 0.094116, 0.995544]","[-0.006744, 0.007263, 0.044708, 0.998932]","[0.139648, -0.036133, 0.123535]","[[0.982178, 0.187317, -0.000793], [-0.187439, 0.982178, -0.002258], [0.000305, 0.002258, 0.999878]]",0.982178,"[8428, 8132, 8407, 8084]"
52.321922,"[-0.187500, 0.289062, -0.632812]","[-0.013377, 0.006358, -0.005716]","[0.119999, 0.109999, 0.648533]","[-0.091959, 0.044113, -0.039439]","[0.001709, -0.001465, 0.193359]","[-0.000854, 0.000885, 0.096649, 0.995331]","[-0.007111, 0.010315, 0.044708, 0.998901]","[-0.208496, -0.082031, 0.174805]","[[0.981323, 0.192322, -0.001892], [-0.192444, 0.981323, -0.001587], [0.001526, 0.001831, 1.000000]]",0.981323,"[8427, 8179, 8485, 8077]"
52.355122,"[-0.187500, 0.289062, -0.613281]","[-0.017342, 0.008263, -0.007418]","[0.099998, 0.129999, 0.681177]","[-0.111426, 0.053635, -0.047851]","[0.005371, -0.003906, 0.199219]","[-0.002258, 0.002502, 0.099579, 0.994995]","[-0.008118, 0.009644, 0.044708, 0.998901]","[0.075439, 0.019531, 0.113525]","[[0.979980, 0.198059, -0.005432], [-0.198181, 0.979980, -0.004028], [0.004456, 0.005005, 0.999756]]",0.97998,"[8518, 8145, 8465, 8179]"
52.388332,"[-0.187500, 0.296875, -0.597656]","[-0.022113, 0.010564, -0.009468]","[0.119999, 0.129999, 0.715073]","[-0.133204, 0.064347, -0.057283]","[0.007812, -0.004395, 0.204834]","[-0.002563, 0.003754, 0.102356, 0.994720]","[-0.008270, 0.011230, 0.044739, 0.998871]","[-0.190918, 0.074219, 0.213135]","[[0.978882, 0.203552, -0.007996], [-0.203674, 0.978882, -0.004395], [0.006897, 0.005859, 0.999817]]",0.978882,"[8506, 8199, 8537, 8162]"
52.423477,"[-0.187500, 0.296875, -0.578125]","[-0.027783, 0.013308, -0.011908]","[0.109999, 0.099998, 0.733038]","[-0.157329, 0.076283, -0.067754]","[0.009766, -0.003418, 0.209717]","[-0.002289, 0.004669, 0.104767, 0.994476]","[-0.006805, 0.011169, 0.044708, 0.998901]","[0.023682, 0.147217, 0.196045]","[[0.977905, 0.208313, -0.009766], [-0.208435, 0.977905, -0.003601], [0.008789, 0.005554, 0.999817]]",0.977905,"[8537, 8242, 8571, 8183]"
52.456692,"[-0.179688, 0.308594, -0.566406]","[-0.030977, 0.014858, -0.013284]","[0.099998, 0.129999, 0.749632]","[-0.170248, 0.082703, -0.073371]","[0.011475, -0.004639, 0.214600]","[-0.002991, 0.005463, 0.107239, 0.994202]","[-0.008636, 0.011627, 0.044739, 0.998871]","[-0.009766, -0.000732, 0.084717]","[[0.976868, 0.213135, -0.011475], [-0.213257, 0.976868, -0.004822], [0.010132, 0.007141, 0.999817]]",0.976868,"[8611, 8248, 8599, 8230]"
52.489887,"[-0.179688, 0.308594, -0.550781]","[-0.038159, 0.018354, -0.016382]","[0.129999, 0.150000, 0.735489]","[-0.197861, 0.096492, -0.085399]","[0.013184, -0.004639, 0.219238]","[-0.002991, 0.006317, 0.109467, 0.993958]","[-0.009369, 0.013977, 0.044769, 0.998840]","[0.037109, 0.161621, 0.171631]","[[0.975891, 0.217529, -0.013184], [-0.217651, 0.975952, -0.004639], [0.011841, 0.007324, 0.999817]]",0.975891,"[8583, 8285, 8638, 8211]"
52.52309,"[-0.167969, 0.308594, -0.535156]","[-0.046465, 0.022413, -0.019970]","[0.109999, 0.150000, 0.763819]","[-0.227773, 0.111528, -0.098462]","[0.014893, -0.004639, 0.223389]","[-0.003204, 0.007202, 0.111572, 0.993713]","[-0.009125, 0.014191, 0.044769, 0.998840]","[0.052002, 0.085938, 0.084717]","[[0.974915, 0.221680, -0.015015], [-0.221802, 0.974976, -0.004822], [0.013550, 0.007996, 0.999756]]",0.974915,"[8627, 8318, 8653, 8263]"
52.556301,"[-0.167969, 0.316406, -0.523438]","[-0.051067, 0.024668, -0.021960]","[0.129999, 0.139999, 0.739286]","[-0.243574, 0.119513, -0.105377]","[0.017090, -0.005371, 0.227295]","[-0.003632, 0.008270, 0.113495, 0.993500]","[-0.008789, 0.016022, 0.044769, 0.998810]","[-0.150635, -0.065918, 0.131104]","[[0.974060, 0.225403, -0.017273], [-0.225525, 0.974182, -0.005432], [0.015564, 0.009094, 0.999817]]",0.97406,"[8625, 8316, 8685, 8279]"
52.591457,"[-0.156250, 0.316406, -0.507812]","[-0.061224, 0.029663, -0.026358]","[0.109999, 0.139999, 0.743160]","[-0.276823, 0.136406, -0.119957]","[0.019287, -0.006592, 0.230957]","[-0.004364, 0.009216, 0.115326, 0.993286]","[-0.008270, 0.016724, 0.044769, 0.998810]","[-0.025879, 0.005127, 0.190674]","[[0.973206, 0.228943, -0.019287], [-0.229187, 0.973328, -0.006653], [0.017212, 0.010803, 0.999756]]",0.973206,"[8690, 8318, 8685, 8319]"
52.62466,"[-0.156250, 0.328125, -0.492188]","[-0.072721, 0.035341, -0.031344]","[0.099998, 0.160000, 0.755613]","[-0.312191, 0.154515, -0.135513]","[0.020264, -0.005859, 0.234375]","[-0.004120, 0.009796, 0.117035, 0.993073]","[-0.009735, 0.017029, 0.044800, 0.998779]","[-0.000244, 0.154053, 0.100098]","[[0.972351, 0.232300, -0.020386], [-0.232544, 0.972534, -0.005981], [0.018433, 0.010498, 0.999695]]",0.972351,"[8728, 8378, 8697, 8299]"
52.657856,"[-0.156250, 0.328125, -0.480469]","[-0.085640, 0.041750, -0.036957]","[0.139999, 0.169998, 0.738581]","[-0.349572, 0.173811, -0.152005]","[0.022461, -0.006104, 0.237793]","[-0.004364, 0.010895, 0.118744, 0.992859]","[-0.009460, 0.019958, 0.044800, 0.998749]","[0.013184, -0.075439, 0.078857]","[[0.971497, 0.235657, -0.022644], [-0.235901, 0.971680, -0.006104], [0.020569, 0.011230, 0.999695]]",0.971497,"[8732, 8389, 8740, 8336]"
52.691067,"[-0.148438, 0.339844, -0.468750]","[-0.092656, 0.045243, -0.040009]","[0.109999, 0.139999, 0.725592]","[-0.368978, 0.183892, -0.160587]","[0.025146, -0.006836, 0.240967]","[-0.004974, 0.012054, 0.120270, 0.992676]","[-0.008484, 0.020050, 0.044800, 0.998749]","[-0.067139, 0.278564, 0.104980]","[[0.970764, 0.238647, -0.025146], [-0.238892, 0.971008, -0.007019], [0.022705, 0.012756, 0.999634]]",0.970764,"[8779, 8377, 8754, 8328]"
52.726223,"[-0.148438, 0.347656, -0.457031]","[-0.107848, 0.052832, -0.046627]","[0.119999, 0.189999, 0.715799]","[-0.409132, 0.204894, -0.178393]","[0.027100, -0.006348, 0.243652]","[-0.004852, 0.013123, 0.121613, 0.992462]","[-0.010712, 0.022095, 0.044861, 0.998688]","[0.146729, 0.072021, 0.068359]","[[0.969910, 0.241150, -0.027222], [-0.241516, 0.970215, -0.006470], [0.024780, 0.012817, 0.999451]]",0.96991,"[8756, 8386, 8780, 8355]"
52.759418,"[-0.136719, 0.359375, -0.445312]","[-0.124641, 0.061264, -0.053956]","[0.109999, 0.139999, 0.689617]","[-0.450947, 0.226972, -0.197002]","[0.029785, -0.007812, 0.247070]","[-0.005737, 0.014313, 0.123322, 0.992249]","[-0.008331, 0.023315, 0.044800, 0.998657]","[0.082275, 0.138672, 0.086914]","[[0.969116, 0.244507, -0.029846], [-0.244873, 0.969421, -0.007935], [0.026917, 0.014893, 0.999451]]",0.969116,"[8817, 8416, 8761, 8369]"
52.792622,"[-0.136719, 0.359375, -0.433594]","[-0.143100, 0.070579, -0.062028]","[0.109999, 0.189999, 0.667280]","[-0.494257, 0.250072, -0.216352]","[0.031494, -0.007568, 0.249512]","[-0.005768, 0.015137, 0.124573, 0.992065]","[-0.010345, 0.024872, 0.044861, 0.998627]","[-0.060547, -0.064941, 0.087402]","[[0.968445, 0.246948, -0.031494], [-0.247314, 0.968811, -0.007751], [0.028564, 0.015198, 0.999390]]",0.968445,"[8824, 8435, 8770, 8364]"
52.827778,"[-0.136719, 0.367188, -0.425781]","[-0.152967, 0.075578, -0.066350]","[0.099998, 0.160000, 0.626736]","[-0.516407, 0.261981, -0.226279]","[0.034180, -0.007568, 0.251953]","[-0.005920, 0.016510, 0.125732, 0.991913]","[-0.008362, 0.025909, 0.044830, 0.998596]","[0.010498, 0.117432, 0.102295]","[[0.967834, 0.249146, -0.034241], [-0.249634, 0.968262, -0.007629], [0.031189, 0.015930, 0.999390]]",0.967834,"[8817, 8449, 8793, 8383]"
52.859035,"[-0.128906, 0.367188, -0.417969]","[-0.174018, 0.086287, -0.075584]","[0.089998, 0.179998, 0.596308]","[-0.561600, 0.286485, -0.246598]","[0.036377, -0.007812, 0.253906]","[-0.006226, 0.017609, 0.126709, 0.991760]","[-0.008759, 0.027496, 0.044830, 0.998566]","[0.144043, -0.061768, 0.052979]","[[0.967224, 0.251038, -0.036499], [-0.251526, 0.967773, -0.007935], [0.033325, 0.016846, 0.999268]]",0.967224,"[8825, 8422, 8796, 8424]"
52.894196,"[-0.128906, 0.378906, -0.414062]","[-0.196855, 0.097971, -0.085622]","[0.099998, 0.179998, 0.560959]","[-0.607800, 0.311836, -0.267467]","[0.038818, -0.005859, 0.256104]","[-0.005432, 0.018921, 0.127777, 0.991608]","[-0.008423, 0.029938, 0.044830, 0.998505]","[-0.006104, -0.008057, 0.045410]","[[0.966553, 0.253113, -0.038879], [-0.253601, 0.967224, -0.005981], [0.036072, 0.015625, 0.999207]]",0.966553,"[8803, 8469, 8816, 8357]"
52.927395,"[-0.117188, 0.386719, -0.410156]","[-0.208957, 0.104189, -0.090951]","[0.080000, 0.179998, 0.537512]","[-0.631217, 0.324807, -0.278082]","[0.041016, -0.007324, 0.257812]","[-0.006317, 0.019867, 0.128754, 0.991455]","[-0.008118, 0.031372, 0.044830, 0.998444]","[-0.047852, 0.248779, 0.052979]","[[0.966003, 0.254944, -0.041016], [-0.255554, 0.966675, -0.007507], [0.037720, 0.017639, 0.999084]]",0.966003,"[8875, 8443, 8790, 8371]"
52.960598,"[-0.117188, 0.386719, -0.406250]","[-0.234533, 0.117390, -0.102232]","[0.080000, 0.160000, 0.499678]","[-0.678523, 0.351277, -0.299612]","[0.043457, -0.004395, 0.259521]","[-0.005005, 0.021271, 0.129486, 0.991333]","[-0.005951, 0.033356, 0.044769, 0.998413]","[-0.148438, 0.203613, 0.037842]","[[0.965454, 0.256470, -0.043457], [-0.256958, 0.966309, -0.004456], [0.040771, 0.015442, 0.998962]]",0.965454,"[8818, 8486, 8819, 8366]"
52.993797,"[-0.117188, 0.398438, -0.394531]","[-0.261970, 0.131639, -0.114361]","[0.080000, 0.199999, 0.461809]","[-0.726296, 0.378392, -0.321473]","[0.045898, -0.004883, 0.260742]","[-0.005432, 0.022461, 0.130127, 0.991241]","[-0.007812, 0.035400, 0.044830, 0.998322]","[0.035889, -0.003174, 0.070312]","[[0.965088, 0.257690, -0.045959], [-0.258179, 0.966064, -0.005005], [0.043030, 0.016602, 0.998901]]",0.965088,"[8880, 8449, 8787, 8426]"
53.027004,"[-0.117188, 0.398438, -0.390625]","[-0.291281, 0.146961, -0.127351]","[0.059999, 0.189999, 0.456217]","[-0.774304, 0.406063, -0.343574]","[0.048828, -0.005127, 0.262207]","[-0.005798, 0.023956, 0.130798, 0.991089]","[-0.006287, 0.036682, 0.044800, 0.998291]","[-0.210205, 0.049316, 0.042236]","[[0.964539, 0.258911, -0.049011], [-0.259521, 0.965576, -0.005310], [0.045959, 0.017761, 0.998657]]",0.964539,"[8876, 8466, 8831, 8425]"
53.159809,"[-0.109375, 0.417969, -0.378906]","[-0.390429, 0.199520, -0.171524]","[0.029999, 0.169998, 0.313034]","[-0.917346, 0.491453, -0.410331]","[0.057861, 0.001953, 0.265381]","[-0.002838, 0.028900, 0.132263, 0.990784]","[-0.001373, 0.045502, 0.044586, 0.997955]","[0.044922, 0.088135, 0.006836]","[[0.963257, 0.261902, -0.058044], [-0.262268, 0.964905, 0.001953], [0.056458, 0.013306, 0.998230]]",0.963257,"[8925, 8546, 8860, 8432]"
53.161777,"[-0.109375, 0.417969, -0.386719]","[-0.390429, 0.199520, -0.171524]","[0.039999, 0.169998, 0.286652]","[-0.917346, 0.491453, -0.410331]","[0.057861, 0.001953, 0.265381]","[-0.002808, 0.028839, 0.132263, 0.990784]","[-0.001221, 0.046082, 0.044556, 0.997925]","[0.035889, -0.073486, -0.028809]","[[0.963257, 0.261902, -0.057922], [-0.262268, 0.964905, 0.001953], [0.056335, 0.013184, 0.998230]]",0.963257,"[8905, 8557, 8852, 8445]"
53.163715,"[-0.109375, 0.429688, -0.382812]","[-0.408575, 0.209259, -0.179647]","[0.019999, 0.209999, 0.273344]","[-0.940736, 0.505909, -0.421397]","[0.057861, 0.001953, 0.265381]","[-0.002808, 0.028839, 0.132263, 0.990784]","[-0.003815, 0.045349, 0.044678, 0.997955]","[-0.027832, 0.049316, 0.006836]","[[0.963257, 0.261902, -0.057922], [-0.262268, 0.964905, 0.001953], [0.056335, 0.013184, 0.998230]]",0.963257,"[8923, 8532, 8859, 8437]"
53.224262,"[-0.109375, 0.437500, -0.375000]","[-0.465727, 0.240179, -0.205305]","[0.000000, 0.179998, 0.259708]","[-1.009549, 0.549421, -0.454249]","[0.062744, 0.004639, 0.266357]","[-0.001770, 0.031525, 0.132690, 0.990662]","[-0.000336, 0.049347, 0.044495, 0.997772]","[0.075439, 0.024170, -0.018799]","[[0.962769, 0.262756, -0.062927], [-0.263000, 0.964722, 0.004822], [0.061951, 0.011902, 0.997925]]",0.962769,"[8869, 8513, 8810, 8403]"
53.228176,"[-0.109375, 0.437500, -0.375000]","[-0.465727, 0.240179, -0.205305]","[-0.009998, 0.179998, 0.255941]","[-1.009549, 0.549421, -0.454249]","[0.063232, 0.004883, 0.266602]","[-0.001648, 0.031708, 0.132782, 0.990631]","[-0.000366, 0.049103, 0.044495, 0.997772]","[0.091309, 0.163574, 0.091797]","[[0.962646, 0.262939, -0.063293], [-0.263184, 0.964600, 0.005066], [0.062317, 0.011658, 0.997864]]",0.962646,"[8870, 8523, 8820, 8400]"
53.263336,"[-0.109375, 0.449219, -0.375000]","[-0.506031, 0.262205, -0.223468]","[-0.019999, 0.199999, 0.217314]","[-1.053995, 0.578422, -0.475737]","[0.066406, 0.005859, 0.267090]","[-0.001465, 0.033417, 0.133087, 0.990540]","[-0.000244, 0.051910, 0.044495, 0.997650]","[0.022705, 0.260986, 0.067139]","[[0.962280, 0.263489, -0.066589], [-0.263733, 0.964478, 0.005920], [0.065735, 0.011780, 0.997681]]",0.96228,"[8920, 8508, 8790, 8422]"
53.374653,"[-0.109375, 0.457031, -0.371094]","[-0.614149, 0.322210, -0.272475]","[-0.059999, 0.219999, 0.144308]","[-1.158524, 0.650230, -0.527334]","[0.076416, 0.013672, 0.269531]","[0.001770, 0.038788, 0.134033, 0.990204]","[0.003998, 0.060242, 0.044159, 0.997192]","[-0.017334, 0.104492, 0.010498]","[[0.960999, 0.265503, -0.076355], [-0.265259, 0.963989, 0.013855], [0.077209, 0.006897, 0.996887]]",0.960999,"[8955, 8577, 8848, 8431]"
53.376614,"[-0.117188, 0.468750, -0.378906]","[-0.614149, 0.322210, -0.272475]","[-0.059999, 0.189999, 0.112200]","[-1.158524, 0.650230, -0.527334]","[0.076904, 0.013428, 0.269775]","[0.001526, 0.039001, 0.134186, 0.990173]","[0.004852, 0.060089, 0.044128, 0.997192]","[-0.179932, 0.215332, 0.120361]","[[0.960876, 0.265747, -0.076843], [-0.265625, 0.963867, 0.013428], [0.077576, 0.007446, 0.996887]]",0.960876,"[8951, 8564, 8838, 8433]"
53.396137,"[-0.117188, 0.476562, -0.378906]","[-0.636968, 0.335048, -0.282871]","[-0.099998, 0.189999, 0.103201]","[-1.178086, 0.664379, -0.537199]","[0.078857, 0.014160, 0.270020]","[0.001770, 0.040009, 0.134277, 0.990143]","[0.005310, 0.059845, 0.044098, 0.997192]","[0.103516, 0.105713, 0.009033]","[[0.960754, 0.265991, -0.078796], [-0.265747, 0.963928, 0.014221], [0.079651, 0.007263, 0.996765]]",0.960754,"[8950, 8507, 8816, 8449]"
53.532856,"[-0.128906, 0.488281, -0.386719]","[-0.806665, 0.432499, -0.360776]","[-0.119999, 0.199999, 0.002157]","[-1.299550, 0.760096, -0.600708]","[0.090332, 0.026367, 0.272461]","[0.007019, 0.046600, 0.135101, 0.989685]","[0.012421, 0.072449, 0.043396, 0.996338]","[0.149170, 0.249756, -0.025146]","[[0.958984, 0.268005, -0.090332], [-0.266785, 0.963257, 0.026428], [0.094116, -0.001282, 0.995422]]",0.958984,"[8996, 8564, 8811, 8408]"
53.536777,"[-0.128906, 0.500000, -0.386719]","[-0.832199, 0.447475, -0.372591]","[-0.179998, 0.240000, -0.011257]","[-1.314428, 0.773172, -0.608872]","[0.090576, 0.027588, 0.272217]","[0.007629, 0.046753, 0.135010, 0.989685]","[0.009888, 0.069885, 0.043640, 0.996521]","[0.314209, 0.057129, -0.040039]","[[0.958984, 0.267883, -0.090515], [-0.266541, 0.963257, 0.027649], [0.094543, -0.002502, 0.995361]]",0.958984,"[9005, 8563, 8794, 8416]"
53.538734,"[-0.136719, 0.507812, -0.390625]","[-0.832199, 0.447475, -0.372591]","[-0.179998, 0.219999, -0.029861]","[-1.314428, 0.773172, -0.608872]","[0.091309, 0.027588, 0.272217]","[0.007599, 0.047089, 0.135010, 0.989685]","[0.010376, 0.069977, 0.043610, 0.996521]","[-0.017822, 0.331787, -0.017090]","[[0.958984, 0.267883, -0.091187], [-0.266541, 0.963318, 0.027710], [0.095215, -0.002319, 0.995361]]",0.958984,"[9036, 8580, 8772, 8388]"
53.564106,"[-0.148438, 0.519531, -0.394531]","[-0.858006, 0.462700, -0.384558]","[-0.189999, 0.209999, -0.045183]","[-1.328628, 0.786068, -0.616781]","[0.094482, 0.030273, 0.272705]","[0.008667, 0.048889, 0.135193, 0.989594]","[0.011749, 0.071259, 0.043488, 0.996429]","[0.167969, 0.004639, -0.021973]","[[0.958679, 0.268311, -0.094421], [-0.266724, 0.963318, 0.030334], [0.099060, -0.003967, 0.995056]]",0.958679,"[8874, 8543, 8806, 8380]"
53.642231,"[-0.156250, 0.527344, -0.402344]","[-0.963815, 0.526068, -0.433901]","[-0.269999, 0.279999, -0.106012]","[-1.378294, 0.835681, -0.645706]","[0.099609, 0.035645, 0.274414]","[0.010895, 0.051880, 0.135773, 0.989319]","[0.013031, 0.075714, 0.043274, 0.996094]","[0.145996, 0.032227, 0.042236]","[[0.957642, 0.269714, -0.099670], [-0.267517, 0.962830, 0.035583], [0.105530, -0.007507, 0.994324]]",0.957642,"[8945, 8544, 8753, 8322]"
53.64418,"[-0.167969, 0.539062, -0.410156]","[-0.963815, 0.526068, -0.433901]","[-0.249998, 0.209999, -0.127588]","[-1.378294, 0.835681, -0.645706]","[0.099854, 0.035889, 0.274414]","[0.010986, 0.051971, 0.135834, 0.989319]","[0.015961, 0.076080, 0.043060, 0.996033]","[0.115234, 0.107178, 0.039551]","[[0.957642, 0.269836, -0.099854], [-0.267639, 0.962830, 0.035828], [0.105713, -0.007629, 0.994324]]",0.957642,"[8940, 8548, 8744, 8311]"
53.665665,"[-0.167969, 0.546875, -0.414062]","[-0.990845, 0.542509, -0.446579]","[-0.320000, 0.269999, -0.153584]","[-1.388856, 0.847553, -0.652225]","[0.102051, 0.037354, 0.275146]","[0.011627, 0.053162, 0.136047, 0.989227]","[0.014008, 0.075409, 0.043213, 0.996094]","[0.098633, 0.084961, 0.069336]","[[0.957336, 0.270325, -0.102051], [-0.267883, 0.962708, 0.037354], [0.108276, -0.008545, 0.994080]]",0.957336,"[8924, 8530, 8758, 8331]"
53.786762,"[-0.207031, 0.566406, -0.437500]","[-1.156623, 0.645796, -0.525033]","[-0.419998, 0.289999, -0.227110]","[-1.435572, 0.913702, -0.684807]","[0.109131, 0.045898, 0.278076]","[0.015259, 0.057251, 0.137207, 0.988770]","[0.020447, 0.081848, 0.042542, 0.995514]","[0.002441, 0.025146, 0.075684]","[[0.955750, 0.273010, -0.109009], [-0.269592, 0.961853, 0.045837], [0.117310, -0.014465, 0.992920]]",0.95575,"[8946, 8515, 8697, 8294]"
53.802383,"[-0.218750, 0.578125, -0.441406]","[-1.184711, 0.663741, -0.538450]","[-0.400000, 0.259998, -0.251781]","[-1.440482, 0.923815, -0.689099]","[0.110596, 0.047852, 0.278564]","[0.015991, 0.058044, 0.137299, 0.988708]","[0.022217, 0.083862, 0.042328, 0.995300]","[0.176514, 0.035156, 0.005859]","[[0.955566, 0.273315, -0.110413], [-0.269653, 0.961792, 0.047546], [0.119080, -0.015686, 0.992737]]",0.955566,"[8923, 8477, 8713, 8328]"
53.833633,"[-0.250000, 0.589844, -0.445312]","[-1.241165, 0.700231, -0.565536]","[-0.499998, 0.329998, -0.252522]","[-1.447800, 0.943229, -0.696671]","[0.113281, 0.051270, 0.278564]","[0.017609, 0.059662, 0.137268, 0.988586]","[0.020142, 0.080658, 0.042603, 0.995605]","[0.136963, 0.058105, -0.031006]","[[0.955200, 0.273438, -0.113098], [-0.269287, 0.961670, 0.051147], [0.122742, -0.018433, 0.992249]]",0.9552,"[8898, 8459, 8706, 8322]"
53.86879,"[-0.250000, 0.597656, -0.457031]","[-1.297775, 0.737414, -0.592859]","[-0.459999, 0.309999, -0.266092]","[-1.451694, 0.961476, -0.702850]","[0.114990, 0.052979, 0.278809]","[0.018280, 0.060577, 0.137207, 0.988525]","[0.023407, 0.086609, 0.042114, 0.995056]","[-0.061279, 0.370361, -0.041504]","[[0.954956, 0.273438, -0.114746], [-0.269043, 0.961670, 0.052734], [0.124756, -0.019531, 0.991943]]",0.954956,"[8892, 8457, 8692, 8311]"
54.007465,"[-0.269531, 0.609375, -0.472656]","[-1.495803, 0.872756, -0.689864]","[-0.480000, 0.289999, -0.220629]","[-1.438169, 1.015872, -0.713266]","[0.123779, 0.065918, 0.277588]","[0.024109, 0.065796, 0.136078, 0.988220]","[0.034546, 0.099915, 0.040558, 0.993561]","[0.093506, 0.057617, -0.067139]","[[0.954285, 0.272034, -0.123474], [-0.265808, 0.961731, 0.065491], [0.136536, -0.029724, 0.990112]]",0.954285,"[9004, 8508, 8657, 8335]"
54.009426,"[-0.328125, 0.636719, -0.484375]","[-1.495803, 0.872756, -0.689864]","[-0.699999, 0.379999, -0.267675]","[-1.438169, 1.015872, -0.713266]","[0.123779, 0.066162, 0.277588]","[0.024231, 0.065826, 0.136047, 0.988220]","[0.028137, 0.086395, 0.041748, 0.994965]","[0.117432, 0.043213, -0.058105]","[[0.954285, 0.272034, -0.123474], [-0.265686, 0.961731, 0.065735], [0.136658, -0.029968, 0.990112]]",0.954285,"[8994, 8490, 8630, 8342]"
54.152004,"[-0.347656, 0.656250, -0.507812]","[-1.689105, 1.014479, -0.787078]","[-0.609999, 0.369999, -0.314726]","[-1.382607, 1.054654, -0.705827]","[0.127686, 0.076660, 0.270508]","[0.029358, 0.068451, 0.132172, 0.988434]","[0.039154, 0.104492, 0.039856, 0.992950]","[0.188721, 0.295898, -0.066650]","[[0.955688, 0.265198, -0.127563], [-0.257263, 0.963318, 0.076050], [0.143066, -0.039917, 0.988892]]",0.955688,"[8925, 8457, 8563, 8263]"
54.153957,"[-0.417969, 0.699219, -0.519531]","[-1.689105, 1.014479, -0.787078]","[-0.739998, 0.409998, -0.355795]","[-1.382607, 1.054654, -0.705827]","[0.128662, 0.076904, 0.270752]","[0.029388, 0.068878, 0.132263, 0.988403]","[0.034485, 0.094421, 0.040802, 0.994080]","[0.133301, 0.332520, 0.015137]","[[0.955566, 0.265442, -0.128357], [-0.257385, 0.963318, 0.076233], [0.143860, -0.039856, 0.988831]]",0.955566,"[8915, 8457, 8553, 8253]"
54.169575,"[-0.457031, 0.707031, -0.523438]","[-1.716001, 1.035120, -0.800839]","[-0.879999, 0.439999, -0.355658]","[-1.371322, 1.058876, -0.703302]","[0.129639, 0.078369, 0.269775]","[0.030090, 0.069519, 0.131683, 0.988403]","[0.033722, 0.087036, 0.041229, 0.994751]","[0.050781, 0.122559, -0.054932]","[[0.955627, 0.264404, -0.129517], [-0.256104, 0.963501, 0.077698], [0.145264, -0.041199, 0.988525]]",0.955627,"[8830, 8491, 8597, 8274]"
54.255516,"[-0.488281, 0.726562, -0.546875]","[-1.821144, 1.118411, -0.855287]","[-0.819998, 0.409998, -0.335180]","[-1.318107, 1.072441, -0.689582]","[0.127441, 0.079590, 0.261963]","[0.031158, 0.068359, 0.127747, 0.988953]","[0.040955, 0.096375, 0.040100, 0.993683]","[0.049805, -0.115234, -0.122559]","[[0.957886, 0.256836, -0.127258], [-0.248413, 0.965332, 0.079041], [0.143127, -0.044128, 0.988586]]",0.957886,"[8886, 8438, 8447, 8251]"
54.257465,"[-0.507812, 0.738281, -0.546875]","[-1.846746, 1.139388, -0.868719]","[-0.839998, 0.429998, -0.335180]","[-1.302802, 1.074988, -0.685246]","[0.127441, 0.079590, 0.261963]","[0.031158, 0.068359, 0.127747, 0.988953]","[0.039429, 0.094360, 0.040375, 0.993927]","[0.049805, -0.115234, -0.122559]","[[0.957886, 0.256836, -0.127258], [-0.248413, 0.965332, 0.079041], [0.143127, -0.044128, 0.988586]]",0.957886,"[8909, 8449, 8449, 8244]"
54.271137,"[-0.546875, 0.757812, -0.558594]","[-1.846746, 1.139388, -0.868719]","[-1.009998, 0.509998, -0.401236]","[-1.302802, 1.074988, -0.685246]","[0.126709, 0.080566, 0.260254]","[0.031708, 0.067993, 0.126892, 0.989075]","[0.035248, 0.085388, 0.041168, 0.994843]","[0.161377, -0.231689, -0.050781]","[[0.958435, 0.255249, -0.126465], [-0.246704, 0.965698, 0.079895], [0.142456, -0.045471, 0.988647]]",0.958435,"[8887, 8429, 8445, 8282]"
54.306293,"[-0.578125, 0.777344, -0.566406]","[-1.896993, 1.181456, -0.895294]","[-0.919998, 0.459999, -0.421137]","[-1.269981, 1.079094, -0.675536]","[0.125488, 0.081299, 0.257080]","[0.032288, 0.067383, 0.125397, 0.989288]","[0.039185, 0.090851, 0.040558, 0.994263]","[-0.106689, -0.088623, -0.126709]","[[0.959412, 0.252380, -0.125244], [-0.243713, 0.966370, 0.080688], [0.141357, -0.046997, 0.988770]]",0.959412,"[8798, 8411, 8481, 8238]"
54.339504,"[-0.609375, 0.789062, -0.578125]","[-1.945912, 1.223669, -0.921470]","[-1.089998, 0.549999, -0.430111]","[-1.234118, 1.081847, -0.664409]","[0.124023, 0.080811, 0.253662]","[0.032288, 0.066559, 0.123779, 0.989532]","[0.036652, 0.083862, 0.041138, 0.994934]","[0.007568, 0.047363, -0.111328]","[[0.960388, 0.249207, -0.123779], [-0.240662, 0.967163, 0.080261], [0.139648, -0.047424, 0.988953]]",0.960388,"[8866, 8390, 8377, 8208]"
54.372704,"[-0.636719, 0.808594, -0.585938]","[-1.969830, 1.244806, -0.934390]","[-0.989998, 0.489998, -0.416029]","[-1.215099, 1.082726, -0.658336]","[0.122559, 0.081299, 0.250488]","[0.032715, 0.065796, 0.122162, 0.989777]","[0.041199, 0.089905, 0.040436, 0.994263]","[0.076172, -0.101807, -0.149170]","[[0.961426, 0.246094, -0.122253], [-0.237549, 0.967896, 0.080811], [0.138123, -0.048706, 0.989136]]",0.961426,"[8773, 8375, 8371, 8214]"
54.40591,"[-0.687500, 0.828125, -0.597656]","[-2.016521, 1.287118, -0.959852]","[-1.159998, 0.599998, -0.436764]","[-1.174924, 1.083461, -0.645147]","[0.120850, 0.081787, 0.246582]","[0.033142, 0.064972, 0.120270, 0.990051]","[0.036926, 0.081421, 0.041229, 0.995117]","[0.034668, -0.121094, -0.135254]","[[0.962524, 0.242371, -0.120667], [-0.233826, 0.968811, 0.081238], [0.136536, -0.049988, 0.989258]]",0.962524,"[8828, 8394, 8329, 8186]"
54.441067,"[-0.718750, 0.847656, -0.609375]","[-2.061585, 1.329433, -0.984772]","[-1.049997, 0.529999, -0.456038]","[-1.132062, 1.082887, -0.630620]","[0.119385, 0.081543, 0.243164]","[0.033173, 0.064209, 0.118683, 0.990295]","[0.042206, 0.087555, 0.040466, 0.994415]","[0.045166, -0.128906, -0.054443]","[[0.963562, 0.239258, -0.119263], [-0.230835, 0.969604, 0.080872], [0.135010, -0.050476, 0.989502]]",0.963562,"[8757, 8326, 8331, 8216]"
54.472309,"[-0.757812, 0.859375, -0.617188]","[-2.104933, 1.371704, -1.009102]","[-1.079998, 0.549999, -0.431402]","[-1.086514, 1.080970, -0.614768]","[0.117676, 0.081787, 0.239990]","[0.033569, 0.063324, 0.117065, 0.990540]","[0.042908, 0.086182, 0.040497, 0.994507]","[0.114990, 0.029297, -0.117188]","[[0.964478, 0.236084, -0.117615], [-0.227661, 0.970276, 0.081238], [0.133240, -0.051697, 0.989685]]",0.964478,"[8813, 8337, 8272, 8159]"
54.505512,"[-0.796875, 0.886719, -0.625000]","[-2.125913, 1.392800, -1.021027]","[-1.119999, 0.559999, -0.445517]","[-1.062796, 1.079512, -0.606365]","[0.116943, 0.082764, 0.236816]","[0.034180, 0.062897, 0.115448, 0.990753]","[0.043182, 0.084229, 0.040588, 0.994659]","[0.127686, -0.085449, -0.083008]","[[0.965454, 0.233032, -0.116699], [-0.224487, 0.971008, 0.082153], [0.132446, -0.053223, 0.989746]]",0.965454,"[8761, 8327, 8269, 8177]"
54.540676,"[-0.839844, 0.906250, -0.632812]","[-2.166481, 1.434894, -1.044370]","[-1.309998, 0.679998, -0.428467]","[-1.013504, 1.075606, -0.588583]","[0.115479, 0.084229, 0.233643]","[0.035065, 0.062256, 0.113892, 0.990936]","[0.038727, 0.074890, 0.041412, 0.995575]","[-0.011719, 0.063232, -0.077881]","[[0.966309, 0.230042, -0.115417], [-0.221375, 0.971619, 0.083618], [0.131287, -0.055298, 0.989807]]",0.966309,"[8735, 8322, 8285, 8117]"
54.573879,"[-0.878906, 0.917969, -0.640625]","[-2.205067, 1.476815, -1.066993]","[-1.169998, 0.609999, -0.417780]","[-0.961857, 1.070394, -0.569547]","[0.113037, 0.084473, 0.229980]","[0.035492, 0.061035, 0.112183, 0.991180]","[0.044067, 0.081268, 0.040680, 0.994873]","[0.048584, -0.167480, -0.120850]","[[0.967346, 0.226624, -0.113037], [-0.218079, 0.972290, 0.083984], [0.128906, -0.056641, 0.989990]]",0.967346,"[8663, 8315, 8313, 8163]"
54.607082,"[-0.917969, 0.949219, -0.648438]","[-2.223595, 1.497689, -1.078021]","[-1.369997, 0.709999, -0.402990]","[-0.935179, 1.067273, -0.559565]","[0.109375, 0.080811, 0.227539]","[0.033997, 0.058899, 0.111115, 0.991486]","[0.039459, 0.071564, 0.041504, 0.995758]","[-0.033447, -0.124512, -0.054443]","[[0.968323, 0.224243, -0.109253], [-0.216309, 0.972961, 0.080444], [0.124268, -0.054321, 0.990723]]",0.968323,"[8809, 8282, 8196, 8156]"
54.640285,"[-0.957031, 0.976562, -0.652344]","[-2.259071, 1.539250, -1.099482]","[-1.229998, 0.649998, -0.387762]","[-0.880255, 1.060114, -0.538717]","[0.105713, 0.082275, 0.225098]","[0.034912, 0.057129, 0.109924, 0.991699]","[0.043549, 0.077637, 0.040894, 0.995178]","[-0.085449, -0.064453, -0.082031]","[[0.969299, 0.221985, -0.105652], [-0.214050, 0.973389, 0.081726], [0.120911, -0.056702, 0.991028]]",0.969299,"[8702, 8328, 8235, 8096]"
54.673481,"[-1.007812, 1.000000, -0.660156]","[-2.292339, 1.580491, -1.120089]","[-1.249998, 0.659998, -0.381445]","[-0.823235, 1.051630, -0.516689]","[0.102295, 0.079102, 0.222412]","[0.033600, 0.055237, 0.108826, 0.991974]","[0.043976, 0.075409, 0.040985, 0.995331]","[-0.133301, -0.280273, -0.072510]","[[0.970215, 0.219543, -0.102295], [-0.212219, 0.974060, 0.078613], [0.116821, -0.054688, 0.991699]]",0.970215,"[8805, 8278, 8150, 8132]"
54.716446,"[-1.046875, 1.019531, -0.664062]","[-2.323338, 1.621380, -1.139823]","[-1.459997, 0.769999, -0.348667]","[-0.764353, 1.041899, -0.493549]","[0.097412, 0.080322, 0.220703]","[0.034576, 0.052887, 0.108032, 0.992126]","[0.040192, 0.064819, 0.041809, 0.996185]","[0.035156, -0.172363, -0.031006]","[[0.971008, 0.217957, -0.097473], [-0.210754, 0.974182, 0.080017], [0.112366, -0.057190, 0.991943]]",0.971008,"[8745, 8302, 8167, 8078]"
54.739883,"[-1.097656, 1.046875, -0.664062]","[-2.337978, 1.641684, -1.149352]","[-1.299997, 0.689999, -0.325520]","[-0.734150, 1.036533, -0.481540]","[0.095215, 0.079590, 0.219971]","[0.034393, 0.051758, 0.107758, 0.992218]","[0.044403, 0.070496, 0.041229, 0.995667]","[0.062256, -0.160156, 0.008301]","[[0.971252, 0.217346, -0.095276], [-0.210266, 0.974243, 0.079346], [0.110046, -0.057129, 0.992126]]",0.971252,"[8700, 8266, 8209, 8099]"
54.77504,"[-1.136719, 1.066406, -0.671875]","[-2.365471, 1.681952, -1.167679]","[-1.319998, 0.709999, -0.298983]","[-0.672569, 1.024864, -0.456725]","[0.090088, 0.077148, 0.219238]","[0.033508, 0.049072, 0.107574, 0.992432]","[0.044678, 0.068298, 0.041321, 0.995789]","[0.019775, -0.187256, -0.025635]","[[0.971985, 0.216736, -0.090149], [-0.210266, 0.974548, 0.076965], [0.104553, -0.055969, 0.992920]]",0.971985,"[8814, 8242, 8134, 8105]"
54.80629,"[-1.187500, 1.097656, -0.671875]","[-2.390498, 1.721737, -1.185019]","[-1.519999, 0.839998, -0.286800]","[-0.609360, 1.011957, -0.430860]","[0.087158, 0.077393, 0.218750]","[0.033722, 0.047577, 0.107391, 0.992523]","[0.038422, 0.057068, 0.042267, 0.996704]","[-0.022705, 0.001465, -0.018799]","[[0.972412, 0.216309, -0.087219], [-0.209961, 0.974670, 0.077087], [0.101624, -0.056702, 0.993164]]",0.972412,"[8781, 8265, 8148, 8059]"
54.84145,"[-1.238281, 1.117188, -0.675781]","[-2.402102, 1.741433, -1.193302]","[-1.349998, 0.749998, -0.301102]","[-0.577206, 1.005039, -0.417553]","[0.082764, 0.074951, 0.218262]","[0.032776, 0.045197, 0.107239, 0.992676]","[0.044098, 0.062836, 0.041656, 0.996155]","[0.165039, -0.106445, -0.082031]","[[0.972900, 0.215820, -0.082703], [-0.209961, 0.974792, 0.074707], [0.096741, -0.055420, 0.993713]]",0.9729,"[8727, 8198, 8171, 8128]"
54.874676,"[-1.277344, 1.148438, -0.679688]","[-2.423357, 1.780411, -1.209077]","[-1.369997, 0.759998, -0.324549]","[-0.511875, 0.990253, -0.390211]","[0.077393, 0.071533, 0.217285]","[0.031464, 0.042358, 0.107025, 0.992859]","[0.043915, 0.060394, 0.041809, 0.996307]","[-0.273193, -0.281982, 0.059814]","[[0.973450, 0.215088, -0.077393], [-0.209839, 0.975037, 0.071472], [0.090820, -0.053406, 0.994385]]",0.97345,"[8804, 8213, 8059, 8060]"
54.907852,"[-1.339844, 1.187500, -0.679688]","[-2.442081, 1.818785, -1.223779]","[-1.569998, 0.899998, -0.292633]","[-0.445229, 0.974266, -0.361881]","[0.072510, 0.069824, 0.216797]","[0.030853, 0.039886, 0.106812, 0.993011]","[0.036469, 0.047760, 0.042786, 0.997253]","[0.099609, 0.129150, -0.067139]","[[0.973999, 0.214539, -0.072632], [-0.209656, 0.975281, 0.069702], [0.085693, -0.052734, 0.994873]]",0.973999,"[8797, 8158, 8009, 8066]"
54.941059,"[-1.378906, 1.199219, -0.683594]","[-2.458145, 1.856511, -1.237345]","[-1.399998, 0.799999, -0.268559]","[-0.377533, 0.957098, -0.332676]","[0.068359, 0.068604, 0.215820]","[0.030426, 0.037720, 0.106506, 0.993103]","[0.043030, 0.053833, 0.042175, 0.996704]","[-0.351318, -0.402832, -0.033203]","[[0.974304, 0.213745, -0.068420], [-0.209229, 0.975281, 0.068420], [0.081360, -0.052429, 0.995117]]",0.974304,"[8650, 8199, 8167, 8052]"
54.974266,"[-1.437500, 1.238281, -0.679688]","[-2.465181, 1.875115, -1.243705]","[-1.599998, 0.929998, -0.207254]","[-0.343246, 0.948055, -0.317724]","[0.062256, 0.063965, 0.214355]","[0.028564, 0.034485, 0.105988, 0.993378]","[0.036072, 0.041290, 0.043091, 0.997559]","[-0.149170, 0.060059, 0.017090]","[[0.975159, 0.212524, -0.062439], [-0.208618, 0.975891, 0.063965], [0.074524, -0.049438, 0.996033]]",0.975159,"[8841, 8170, 7985, 8093]"
55.009418,"[-1.488281, 1.269531, -0.679688]","[-2.477234, 1.911789, -1.255518]","[-1.409998, 0.829998, -0.180796]","[-0.274330, 0.929197, -0.287319]","[0.056152, 0.063232, 0.212158]","[0.028503, 0.031281, 0.105011, 0.993591]","[0.041168, 0.046692, 0.042633, 0.997131]","[-0.035156, -0.527832, -0.034180]","[[0.976013, 0.210388, -0.056152], [-0.206848, 0.976379, 0.063171], [0.068115, -0.050110, 0.996460]]",0.976013,"[8665, 8218, 8103, 8061]"
55.105122,"[-1.578125, 1.328125, -0.679688]","[-2.495499, 2.000040, -1.279742]","[-1.629997, 0.979998, -0.129362]","[-0.099297, 0.877232, -0.208084]","[0.038086, 0.056152, 0.203369]","[0.026093, 0.021912, 0.100952, 0.994293]","[0.034637, 0.009796, 0.044342, 0.998352]","[-0.100342, -0.423584, -0.022461]","[[0.978577, 0.201843, -0.038269], [-0.199646, 0.978149, 0.056274], [0.048767, -0.047485, 0.997559]]",0.978577,"[8655, 8157, 7990, 8110]"
55.173477,"[-1.687500, 1.398438, -0.679688]","[-2.498209, 2.050463, -1.290476]","[-1.629997, 1.009998, -0.067915]","[0.006250, 0.843105, -0.158755]","[0.014404, 0.050049, 0.196533]","[0.024323, 0.009735, 0.097992, 0.994843]","[0.031708, -0.011810, 0.045044, 0.998383]","[0.034180, -0.756104, -0.087891]","[[0.980530, 0.195374, -0.014587], [-0.194519, 0.979553, 0.050232], [0.024109, -0.046448, 0.998535]]",0.98053,"[8694, 8198, 8018, 8128]"
55.177387,"[-1.738281, 1.417969, -0.671875]","[-2.497745, 2.066815, -1.293414]","[-1.419998, 0.919998, -0.026917]","[0.041330, 0.831281, -0.142100]","[0.011963, 0.050049, 0.196045]","[0.024445, 0.008423, 0.097809, 0.994873]","[0.035187, -0.004730, 0.044830, 0.998352]","[0.068604, -0.479492, -0.062256]","[[0.980652, 0.194946, -0.011963], [-0.194214, 0.979614, 0.050171], [0.021484, -0.046997, 0.998596]]",0.980652,"[8702, 8207, 8014, 8132]"
55.312164,"[-1.878906, 1.527344, -0.671875]","[-2.475485, 2.174567, -1.304766]","[-1.379997, 0.949999, 0.030294]","[0.282611, 0.743098, -0.023462]","[-0.031494, 0.040771, 0.187256]","[0.021820, -0.013855, 0.093842, 0.995270]","[0.033569, -0.013733, 0.045105, 0.998322]","[0.193848, -0.227051, -0.015625]","[[0.981995, 0.186157, 0.031677], [-0.187378, 0.981445, 0.040771], [-0.023499, -0.046021, 0.998657]]",0.981995,"[8751, 8208, 7932, 8054]"
55.314102,"[-1.929688, 1.558594, -0.656250]","[-2.475485, 2.174567, -1.304766]","[-1.559998, 1.099998, 0.084526]","[0.282611, 0.743098, -0.023462]","[-0.032227, 0.040771, 0.187256]","[0.021942, -0.014160, 0.093872, 0.995270]","[0.023743, -0.025360, 0.045227, 0.998352]","[0.067139, -0.310791, -0.077148]","[[0.981995, 0.186157, 0.032288], [-0.187500, 0.981445, 0.040955], [-0.024109, -0.046326, 0.998657]]",0.981995,"[8767, 8200, 7920, 8079]"
55.374653,"[-1.976562, 1.589844, -0.652344]","[-2.456007, 2.216910, -1.304637]","[-1.339998, 0.999998, 0.125286]","[0.382166, 0.702836, 0.027876]","[-0.051025, 0.030762, 0.184814]","[0.017792, -0.024048, 0.092712, 0.995270]","[0.029510, -0.019897, 0.045227, 0.998322]","[-0.168457, -0.542480, -0.092285]","[[0.981689, 0.183594, 0.051208], [-0.185425, 0.982178, 0.030884], [-0.044617, -0.039917, 0.998230]]",0.981689,"[8765, 8214, 7975, 8126]"
55.378567,"[-2.027344, 1.628906, -0.648438]","[-2.456007, 2.216910, -1.304637]","[-1.509998, 1.129997, 0.136496]","[0.382166, 0.702836, 0.027876]","[-0.052002, 0.029297, 0.184570]","[0.017090, -0.024536, 0.092590, 0.995270]","[0.020447, -0.030975, 0.045227, 0.998260]","[-0.426025, -0.340332, -0.001221]","[[0.981628, 0.183411, 0.052002], [-0.185120, 0.982239, 0.029419], [-0.045776, -0.038574, 0.998169]]",0.981628,"[8797, 8214, 7962, 8093]"
55.413723,"[-2.066406, 1.667969, -0.640625]","[-2.439810, 2.243828, -1.302879]","[-1.289997, 0.999998, 0.157007]","[0.446835, 0.675278, 0.062112]","[-0.062500, 0.024170, 0.182617]","[0.015045, -0.030029, 0.091583, 0.995209]","[0.026123, -0.024628, 0.045258, 0.998322]","[-0.200928, -0.157227, -0.048584]","[[0.981262, 0.181335, 0.062561], [-0.183167, 0.982605, 0.024353], [-0.057068, -0.035461, 0.997559]]",0.981262,"[8741, 8243, 7961, 8107]"
