t,p,p_d,v,v_d,Angles,q,q_sp,w,R,T_sp,rpm
45.801456,"[0.117188, 0.187500, -0.945312]","[-0.000000, 0.000000, -0.000000]","[-0.009998, 0.000000, 0.059675]","[-0.000000, 0.000001, -0.000000]","[0.004150, -0.018799, 0.060547]","[-0.009430, 0.001892, 0.030365, 0.999512]","[0.000000, 0.000336, 0.026093, 0.999634]","[0.012207, -0.267090, 0.046387]","[[0.998169, 0.060608, -0.004333], [-0.060730, 0.998047, -0.018799], [0.003113, 0.018921, 0.999878]]",0.998169,"[8105, 7869, 7734, 7800]"
45.819035,"[0.128906, 0.187500, -0.941406]","[-0.000000, 0.000000, -0.000000]","[0.000000, 0.009998, 0.083763]","[-0.000000, 0.000001, -0.000000]","[0.000977, -0.018311, 0.062012]","[-0.009247, 0.000305, 0.031158, 0.999481]","[-0.000671, 0.001465, 0.026093, 0.999634]","[-0.027100, -0.100098, 0.093018]","[[0.998047, 0.062195, -0.001160], [-0.062317, 0.997925, -0.018494], [-0.000061, 0.018494, 0.999817]]",0.998047,"[8084, 7894, 7757, 7762]"
45.959667,"[0.128906, 0.199219, -0.933594]","[-0.000000, 0.000003, -0.000002]","[0.009998, 0.009998, 0.157530]","[-0.000005, 0.000065, -0.000035]","[-0.010986, -0.018555, 0.075684]","[-0.009094, -0.005859, 0.037811, 0.999237]","[-0.001282, 0.001740, 0.026093, 0.999634]","[-0.124268, -0.115479, 0.116455]","[[0.997070, 0.075623, 0.010986], [-0.075500, 0.997009, -0.018677], [-0.012451, 0.017700, 0.999756]]",0.99707,"[8161, 7955, 7875, 7875]"
45.961617,"[0.128906, 0.199219, -0.933594]","[-0.000000, 0.000003, -0.000002]","[0.029999, 0.000000, 0.168541]","[-0.000005, 0.000065, -0.000035]","[-0.011230, -0.018066, 0.075684]","[-0.008850, -0.006042, 0.037811, 0.999207]","[-0.000763, 0.002563, 0.026093, 0.999634]","[0.132080, -0.092529, 0.023438]","[[0.996948, 0.075623, 0.011414], [-0.075500, 0.996887, -0.018188], [-0.012756, 0.017212, 0.999634]]",0.996948,"[8145, 7938, 7863, 7867]"
45.98505,"[0.128906, 0.199219, -0.929688]","[-0.000000, 0.000005, -0.000002]","[0.029999, 0.009998, 0.197071]","[-0.000007, 0.000089, -0.000048]","[-0.012207, -0.017822, 0.077393]","[-0.008728, -0.006500, 0.038757, 0.999207]","[-0.001251, 0.002594, 0.026123, 0.999634]","[0.047363, 0.126465, 0.092041]","[[0.996948, 0.077454, 0.012268], [-0.077332, 0.996887, -0.018005], [-0.013733, 0.016907, 0.999817]]",0.996948,"[8159, 7958, 7884, 7896]"
46.033901,"[0.128906, 0.199219, -0.917969]","[-0.000001, 0.000009, -0.000005]","[0.059999, 0.009998, 0.224262]","[-0.000011, 0.000155, -0.000084]","[-0.012451, -0.019043, 0.081787]","[-0.009277, -0.006653, 0.040955, 0.999115]","[-0.001221, 0.004181, 0.026123, 0.999634]","[-0.068359, -0.106445, 0.126709]","[[0.996582, 0.081909, 0.012512], [-0.081665, 0.996521, -0.019104], [-0.014099, 0.018005, 0.999756]]",0.996582,"[8174, 7957, 7943, 7946]"
46.051456,"[0.128906, 0.199219, -0.914062]","[-0.000001, 0.000013, -0.000007]","[0.070000, -0.009998, 0.244967]","[-0.000015, 0.000199, -0.000107]","[-0.012695, -0.019043, 0.083252]","[-0.009308, -0.006836, 0.041687, 0.999084]","[-0.000244, 0.004517, 0.026093, 0.999634]","[0.224609, -0.236084, 0.062256]","[[0.996460, 0.083374, 0.012878], [-0.083130, 0.996399, -0.019226], [-0.014465, 0.018005, 0.999756]]",0.99646,"[8204, 7965, 7938, 7938]"
46.178417,"[0.136719, 0.187500, -0.902344]","[-0.000005, 0.000074, -0.000040]","[0.089998, -0.009998, 0.254206]","[-0.000058, 0.000793, -0.000427]","[-0.010986, -0.019287, 0.095703]","[-0.009399, -0.005981, 0.047882, 0.998810]","[0.000519, 0.006195, 0.026093, 0.999634]","[0.192139, -0.187744, 0.088867]","[[0.995361, 0.095703, 0.011047], [-0.095581, 0.995300, -0.019409], [-0.012878, 0.018188, 0.999817]]",0.995361,"[8240, 7975, 7980, 7982]"
46.186222,"[0.148438, 0.187500, -0.898438]","[-0.000005, 0.000074, -0.000040]","[0.099998, 0.009998, 0.264168]","[-0.000058, 0.000793, -0.000427]","[-0.010986, -0.019287, 0.096436]","[-0.009369, -0.005981, 0.048279, 0.998779]","[-0.000397, 0.007202, 0.026093, 0.999603]","[0.116699, -0.163818, 0.055420]","[[0.995239, 0.096497, 0.011047], [-0.096375, 0.995178, -0.019348], [-0.012878, 0.018127, 0.999756]]",0.995239,"[8224, 7980, 8007, 7943]"
46.219425,"[0.148438, 0.187500, -0.890625]","[-0.000008, 0.000110, -0.000060]","[0.099998, 0.000000, 0.279428]","[-0.000079, 0.001085, -0.000585]","[-0.009766, -0.019287, 0.099609]","[-0.009460, -0.005463, 0.049896, 0.998688]","[0.000061, 0.007324, 0.026093, 0.999603]","[-0.032471, 0.241943, 0.113281]","[[0.994873, 0.099670, 0.009949], [-0.099548, 0.994751, -0.019470], [-0.011902, 0.018372, 0.999695]]",0.994873,"[8287, 7982, 7990, 7920]"
46.254581,"[0.156250, 0.187500, -0.882812]","[-0.000012, 0.000160, -0.000086]","[0.129999, 0.000000, 0.293766]","[-0.000105, 0.001447, -0.000780]","[-0.008301, -0.019287, 0.103271]","[-0.009460, -0.004669, 0.051697, 0.998627]","[0.000122, 0.009369, 0.026093, 0.999603]","[0.145752, -0.130371, 0.101074]","[[0.994629, 0.103271, 0.008301], [-0.103149, 0.994507, -0.019409], [-0.010376, 0.018433, 0.999817]]",0.994629,"[8268, 7978, 8034, 7994]"
46.287785,"[0.156250, 0.187500, -0.875000]","[-0.000014, 0.000190, -0.000102]","[0.119999, 0.009998, 0.324394]","[-0.000120, 0.001656, -0.000893]","[-0.005859, -0.019775, 0.106689]","[-0.009674, -0.003510, 0.053314, 0.998535]","[-0.000366, 0.009033, 0.026093, 0.999603]","[-0.147705, 0.327148, 0.093750]","[[0.994324, 0.106506, 0.005981], [-0.106384, 0.994141, -0.019775], [-0.008057, 0.018921, 0.999817]]",0.994324,"[8272, 7965, 8020, 7974]"
46.43037,"[0.179688, 0.199219, -0.855469]","[-0.000045, 0.000624, -0.000337]","[0.160000, 0.000000, 0.330669]","[-0.000298, 0.004173, -0.002253]","[-0.001709, -0.018311, 0.119141]","[-0.009094, -0.001404, 0.059631, 0.998169]","[-0.000397, 0.012573, 0.026093, 0.999573]","[-0.177490, 0.233887, 0.115234]","[[0.992798, 0.119019, 0.001709], [-0.119019, 0.992676, -0.018372], [-0.003906, 0.018005, 0.999756]]",0.992798,"[8297, 7999, 8089, 8014]"
46.43232,"[0.179688, 0.199219, -0.851562]","[-0.000045, 0.000624, -0.000337]","[0.179998, 0.000000, 0.331844]","[-0.000298, 0.004173, -0.002253]","[-0.001709, -0.018311, 0.119385]","[-0.009094, -0.001465, 0.059723, 0.998169]","[-0.000366, 0.013550, 0.026093, 0.999542]","[0.012207, -0.105957, 0.088135]","[[0.992798, 0.119202, 0.001831], [-0.119202, 0.992676, -0.018372], [-0.004028, 0.018005, 0.999756]]",0.992798,"[8307, 8011, 8082, 8017]"
46.584667,"[0.187500, 0.199219, -0.832031]","[-0.000113, 0.001592, -0.000860]","[0.169998, -0.009998, 0.325745]","[-0.000602, 0.008576, -0.004632]","[0.008057, -0.017822, 0.130371]","[-0.009155, 0.003448, 0.065216, 0.997833]","[0.000092, 0.013916, 0.026093, 0.999542]","[0.219238, -0.007324, 0.069336]","[[0.991455, 0.130005, -0.008057], [-0.130249, 0.991333, -0.017883], [0.005615, 0.018738, 0.999817]]",0.991455,"[8325, 7975, 8123, 8025]"
46.586632,"[0.199219, 0.199219, -0.828125]","[-0.000113, 0.001592, -0.000860]","[0.199999, 0.000000, 0.334278]","[-0.000602, 0.008576, -0.004632]","[0.008545, -0.017578, 0.130371]","[-0.009094, 0.003754, 0.065247, 0.997833]","[-0.000305, 0.016235, 0.026093, 0.999512]","[0.062744, 0.314697, 0.074219]","[[0.991455, 0.130066, -0.008667], [-0.130310, 0.991333, -0.017700], [0.006226, 0.018677, 0.999817]]",0.991455,"[8329, 7969, 8106, 8012]"
46.590519,"[0.218750, 0.199219, -0.824219]","[-0.000113, 0.001592, -0.000860]","[0.230000, -0.009998, 0.332533]","[-0.000602, 0.008576, -0.004632]","[0.008545, -0.017822, 0.130859]","[-0.009125, 0.003693, 0.065491, 0.997803]","[0.000244, 0.018768, 0.026093, 0.999481]","[0.076172, -0.297363, 0.105713]","[[0.991333, 0.130554, -0.008545], [-0.130798, 0.991211, -0.017822], [0.006104, 0.018677, 0.999756]]",0.991333,"[8289, 7975, 8116, 8027]"
46.737007,"[0.218750, 0.199219, -0.792969]","[-0.000221, 0.003139, -0.001695]","[0.189999, -0.009998, 0.401947]","[-0.000995, 0.014386, -0.007777]","[0.018311, -0.016357, 0.138916]","[-0.008850, 0.008575, 0.069519, 0.997498]","[0.000305, 0.017426, 0.026093, 0.999481]","[-0.112549, 0.231689, 0.031738]","[[0.990112, 0.138489, -0.018372], [-0.138855, 0.990112, -0.016541], [0.015808, 0.018860, 0.999634]]",0.990112,"[8339, 7998, 8183, 8080]"
46.738956,"[0.238281, 0.187500, -0.792969]","[-0.000241, 0.003430, -0.001853]","[0.189999, 0.000000, 0.401947]","[-0.001062, 0.015385, -0.008318]","[0.018311, -0.016357, 0.138916]","[-0.008850, 0.008575, 0.069519, 0.997498]","[0.000580, 0.018524, 0.026093, 0.999481]","[-0.112549, 0.231689, 0.031738]","[[0.990112, 0.138489, -0.018372], [-0.138855, 0.990112, -0.016541], [0.015808, 0.018860, 0.999634]]",0.990112,"[8338, 8005, 8163, 8076]"
46.758492,"[0.250000, 0.187500, -0.785156]","[-0.000263, 0.003741, -0.002021]","[0.219999, 0.000000, 0.427082]","[-0.001131, 0.016429, -0.008883]","[0.018311, -0.015625, 0.139648]","[-0.008392, 0.008667, 0.069916, 0.997498]","[0.000641, 0.020844, 0.026062, 0.999420]","[-0.042969, 0.198730, -0.001709]","[[0.990112, 0.139282, -0.018494], [-0.139648, 0.990112, -0.015625], [0.016052, 0.017944, 0.999756]]",0.990112,"[8332, 8021, 8204, 8103]"
46.852238,"[0.269531, 0.199219, -0.761719]","[-0.000363, 0.005200, -0.002810]","[0.230000, -0.009998, 0.411726]","[-0.001437, 0.021066, -0.011395]","[0.022217, -0.014404, 0.142090]","[-0.007935, 0.010559, 0.071167, 0.997375]","[0.000580, 0.022797, 0.026062, 0.999390]","[0.090576, -0.003662, -0.000488]","[[0.989624, 0.141724, -0.022217], [-0.142090, 0.989685, -0.014404], [0.019897, 0.017334, 0.999573]]",0.989624,"[8364, 8064, 8216, 8086]"
46.856148,"[0.277344, 0.199219, -0.761719]","[-0.000392, 0.005624, -0.003039]","[0.199999, 0.000000, 0.416636]","[-0.001520, 0.022344, -0.012088]","[0.022217, -0.014404, 0.142334]","[-0.007996, 0.010590, 0.071228, 0.997375]","[0.000061, 0.021973, 0.026093, 0.999390]","[-0.120605, 0.100830, 0.060303]","[[0.989624, 0.141846, -0.022278], [-0.142212, 0.989685, -0.014526], [0.019958, 0.017456, 0.999634]]",0.989624,"[8377, 8048, 8206, 8069]"
46.891304,"[0.277344, 0.199219, -0.750000]","[-0.000422, 0.006073, -0.003282]","[0.189999, -0.009998, 0.417452]","[-0.001607, 0.023671, -0.012807]","[0.024414, -0.013428, 0.143066]","[-0.007629, 0.011810, 0.071594, 0.997345]","[0.000671, 0.021576, 0.026062, 0.999420]","[-0.005859, -0.024414, 0.009521]","[[0.989441, 0.142578, -0.024597], [-0.142944, 0.989624, -0.013611], [0.022400, 0.016907, 0.999573]]",0.989441,"[8372, 8062, 8209, 8094]"
46.92255,"[0.277344, 0.199219, -0.742188]","[-0.000488, 0.007052, -0.003812]","[0.209999, -0.009998, 0.407280]","[-0.001788, 0.026473, -0.014327]","[0.026123, -0.014404, 0.143799]","[-0.008179, 0.012604, 0.072021, 0.997314]","[0.000702, 0.022552, 0.026062, 0.999390]","[-0.018066, 0.183350, 0.030029]","[[0.989380, 0.143372, -0.026306], [-0.143860, 0.989563, -0.014587], [0.023865, 0.018127, 0.999573]]",0.98938,"[8401, 8028, 8199, 8125]"
46.955753,"[0.289062, 0.199219, -0.730469]","[-0.000562, 0.008144, -0.004403]","[0.199999, 0.000000, 0.402584]","[-0.001982, 0.029478, -0.015958]","[0.027344, -0.014404, 0.144775]","[-0.008179, 0.013184, 0.072540, 0.997253]","[0.000336, 0.023041, 0.026062, 0.999390]","[-0.017090, -0.116943, 0.055176]","[[0.989136, 0.144409, -0.027466], [-0.144897, 0.989319, -0.014465], [0.025024, 0.018250, 0.999512]]",0.989136,"[8399, 8052, 8196, 8125]"
46.990917,"[0.296875, 0.187500, -0.722656]","[-0.000602, 0.008735, -0.004723]","[0.209999, -0.009998, 0.387922]","[-0.002083, 0.031058, -0.016815]","[0.027832, -0.012207, 0.145508]","[-0.007141, 0.013489, 0.072815, 0.997253]","[0.001709, 0.024109, 0.026031, 0.999359]","[0.101807, 0.045654, 0.080078]","[[0.989075, 0.144958, -0.027954], [-0.145447, 0.989319, -0.012329], [0.025757, 0.016235, 0.999573]]",0.989075,"[8372, 8109, 8222, 8063]"
47.02412,"[0.296875, 0.187500, -0.714844]","[-0.000687, 0.010013, -0.005415]","[0.189999, 0.000000, 0.438730]","[-0.002293, 0.034374, -0.018615]","[0.028564, -0.013428, 0.145752]","[-0.007721, 0.013763, 0.073029, 0.997223]","[0.001343, 0.023407, 0.026062, 0.999359]","[-0.076416, 0.132324, -0.031006]","[[0.988953, 0.145386, -0.028564], [-0.145874, 0.989258, -0.013489], [0.026245, 0.017395, 0.999512]]",0.988953,"[8449, 8066, 8199, 8123]"
47.057316,"[0.308594, 0.187500, -0.707031]","[-0.000781, 0.011423, -0.006179]","[0.169998, -0.009998, 0.445925]","[-0.002515, 0.037901, -0.020530]","[0.030029, -0.012207, 0.145752]","[-0.007141, 0.014587, 0.073029, 0.997192]","[0.001801, 0.023010, 0.026031, 0.999390]","[-0.018066, 0.060059, 0.033203]","[[0.988831, 0.145386, -0.030151], [-0.145874, 0.989136, -0.012207], [0.027954, 0.016357, 0.999390]]",0.988831,"[8396, 8079, 8235, 8101]"
47.090523,"[0.316406, 0.187500, -0.699219]","[-0.000884, 0.012977, -0.007020]","[0.179998, -0.009998, 0.459887]","[-0.002748, 0.041643, -0.022563]","[0.031250, -0.012939, 0.145752]","[-0.007568, 0.015198, 0.072998, 0.997192]","[0.001953, 0.024353, 0.026031, 0.999359]","[0.038330, 0.093506, -0.054199]","[[0.988831, 0.145325, -0.031433], [-0.145813, 0.989197, -0.012939], [0.029114, 0.017334, 0.999390]]",0.988831,"[8442, 8092, 8234, 8172]"
47.125675,"[0.316406, 0.187500, -0.695312]","[-0.000939, 0.013809, -0.007471]","[0.199999, 0.000000, 0.438143]","[-0.002869, 0.043594, -0.023623]","[0.032227, -0.011963, 0.145020]","[-0.007111, 0.015656, 0.072632, 0.997192]","[0.001617, 0.025452, 0.026031, 0.999329]","[0.071289, 0.018555, -0.018555]","[[0.988831, 0.144592, -0.032227], [-0.145081, 0.989258, -0.011963], [0.030151, 0.016479, 0.999268]]",0.988831,"[8423, 8130, 8236, 8156]"
47.158878,"[0.328125, 0.187500, -0.691406]","[-0.001055, 0.015590, -0.008437]","[0.160000, -0.009998, 0.454710]","[-0.003119, 0.047660, -0.025833]","[0.032959, -0.011719, 0.144043]","[-0.007080, 0.016022, 0.072144, 0.997223]","[0.002075, 0.024353, 0.026031, 0.999359]","[0.058594, -0.071289, -0.020752]","[[0.988953, 0.143616, -0.032959], [-0.144104, 0.989380, -0.011902], [0.030884, 0.016418, 0.999268]]",0.988953,"[8441, 8124, 8206, 8180]"
47.192081,"[0.339844, 0.187500, -0.683594]","[-0.001182, 0.017535, -0.009491]","[0.209999, -0.009998, 0.428267]","[-0.003380, 0.051945, -0.028164]","[0.033936, -0.011230, 0.143311]","[-0.006836, 0.016510, 0.071808, 0.997253]","[0.002533, 0.027527, 0.026001, 0.999268]","[-0.014893, 0.089111, -0.000488]","[[0.989075, 0.142944, -0.033936], [-0.143433, 0.989502, -0.011353], [0.031860, 0.015991, 0.999268]]",0.989075,"[8425, 8114, 8237, 8168]"
47.229191,"[0.339844, 0.187500, -0.679688]","[-0.001320, 0.019651, -0.010638]","[0.139999, 0.000000, 0.398108]","[-0.003652, 0.056448, -0.030614]","[0.034424, -0.010742, 0.142334]","[-0.006622, 0.016785, 0.071289, 0.997284]","[0.002075, 0.024231, 0.026031, 0.999359]","[0.085693, 0.109375, -0.064453]","[[0.989197, 0.141907, -0.034424], [-0.142395, 0.989685, -0.010864], [0.032471, 0.015625, 0.999268]]",0.989197,"[8458, 8145, 8209, 8161]"
47.258503,"[0.347656, 0.187500, -0.675781]","[-0.001392, 0.020777, -0.011249]","[0.150000, -0.009998, 0.390209]","[-0.003792, 0.058783, -0.031885]","[0.035156, -0.010010, 0.141602]","[-0.006287, 0.017181, 0.070862, 0.997314]","[0.002838, 0.025421, 0.026001, 0.999329]","[-0.036621, 0.118408, -0.038818]","[[0.989319, 0.141052, -0.035156], [-0.141541, 0.989807, -0.010193], [0.033325, 0.014954, 0.999268]]",0.989319,"[8403, 8155, 8266, 8151]"
47.291691,"[0.359375, 0.199219, -0.671875]","[-0.001546, 0.023167, -0.012545]","[0.169998, -0.009998, 0.368168]","[-0.004079, 0.063617, -0.034517]","[0.034912, -0.010742, 0.140381]","[-0.006561, 0.017120, 0.070343, 0.997345]","[0.002411, 0.027405, 0.026001, 0.999268]","[0.046387, 0.066895, -0.025635]","[[0.989441, 0.140015, -0.035095], [-0.140503, 0.989929, -0.010742], [0.033142, 0.015503, 0.999268]]",0.989441,"[8447, 8122, 8207, 8172]"
47.324894,"[0.359375, 0.199219, -0.664062]","[-0.001711, 0.025750, -0.013947]","[0.139999, 0.000000, 0.366064]","[-0.004376, 0.068671, -0.037270]","[0.035156, -0.010010, 0.139648]","[-0.006226, 0.017181, 0.069946, 0.997375]","[0.001892, 0.026062, 0.026031, 0.999298]","[0.045166, 0.052002, -0.021729]","[[0.989563, 0.139221, -0.035156], [-0.139709, 0.990051, -0.010071], [0.033325, 0.014832, 0.999268]]",0.989563,"[8442, 8143, 8179, 8117]"
47.358101,"[0.359375, 0.199219, -0.664062]","[-0.001798, 0.027116, -0.014689]","[0.160000, 0.000000, 0.338823]","[-0.004527, 0.071279, -0.038691]","[0.035400, -0.010010, 0.138916]","[-0.006226, 0.017365, 0.069580, 0.997406]","[0.002289, 0.027283, 0.026001, 0.999268]","[-0.109375, -0.102539, -0.020508]","[[0.989685, 0.138550, -0.035522], [-0.139038, 0.990173, -0.010071], [0.033691, 0.014832, 0.999268]]",0.989685,"[8412, 8118, 8213, 8138]"
47.3913,"[0.367188, 0.199219, -0.660156]","[-0.001981, 0.030004, -0.016257]","[0.129999, 0.000000, 0.325006]","[-0.004838, 0.076659, -0.041624]","[0.036133, -0.009521, 0.138184]","[-0.006073, 0.017700, 0.069183, 0.997437]","[0.002502, 0.026306, 0.026001, 0.999298]","[0.010254, 0.037109, -0.008301]","[[0.989807, 0.137756, -0.036133], [-0.138245, 0.990356, -0.009705], [0.034424, 0.014587, 0.999268]]",0.989807,"[8415, 8120, 8198, 8135]"
47.457706,"[0.378906, 0.187500, -0.656250]","[-0.002279, 0.034743, -0.018830]","[0.109999, 0.000000, 0.301184]","[-0.005319, 0.085138, -0.046250]","[0.036377, -0.009766, 0.137451]","[-0.006165, 0.017853, 0.068878, 0.997437]","[0.003601, 0.026398, 0.025970, 0.999298]","[-0.010010, 0.200439, -0.015137]","[[0.989807, 0.137146, -0.036438], [-0.137634, 0.990356, -0.009888], [0.034729, 0.014771, 0.999207]]",0.989807,"[8399, 8141, 8177, 8103]"
47.49091,"[0.378906, 0.187500, -0.652344]","[-0.002493, 0.038183, -0.020699]","[0.160000, -0.019999, 0.287762]","[-0.005650, 0.091055, -0.049480]","[0.035889, -0.009766, 0.137207]","[-0.006134, 0.017578, 0.068726, 0.997467]","[0.004761, 0.028931, 0.025940, 0.999207]","[0.005859, -0.179688, -0.024902]","[[0.989929, 0.136841, -0.035889], [-0.137329, 0.990479, -0.009888], [0.034180, 0.014648, 0.999268]]",0.989929,"[8433, 8111, 8187, 8140]"
47.524113,"[0.386719, 0.187500, -0.648438]","[-0.002720, 0.041859, -0.022697]","[0.080000, 0.000000, 0.284018]","[-0.005988, 0.097185, -0.052828]","[0.036377, -0.009033, 0.136963]","[-0.005768, 0.017944, 0.068604, 0.997467]","[0.004181, 0.025757, 0.025970, 0.999298]","[-0.015381, 0.151367, -0.004639]","[[0.989929, 0.136597, -0.036560], [-0.137085, 0.990479, -0.009094], [0.034973, 0.013977, 0.999268]]",0.989929,"[8415, 8132, 8179, 8114]"
47.557316,"[0.386719, 0.187500, -0.640625]","[-0.002839, 0.043788, -0.023746]","[0.129999, 0.000000, 0.284513]","[-0.006160, 0.100327, -0.054545]","[0.036377, -0.007812, 0.136719]","[-0.005188, 0.017914, 0.068451, 0.997467]","[0.004517, 0.028320, 0.025940, 0.999237]","[-0.015381, -0.236816, -0.004150]","[[0.989868, 0.136292, -0.036438], [-0.136780, 0.990479, -0.007935], [0.034973, 0.012817, 0.999207]]",0.989868,"[8370, 8139, 8205, 8115]"
47.592472,"[0.398438, 0.187500, -0.640625]","[-0.003086, 0.047831, -0.025945]","[0.099998, 0.009998, 0.267580]","[-0.006507, 0.106766, -0.058065]","[0.036377, -0.007568, 0.136475]","[-0.005066, 0.017914, 0.068359, 0.997498]","[0.004120, 0.027588, 0.025970, 0.999268]","[0.000488, -0.069092, -0.053955]","[[0.989990, 0.136169, -0.036438], [-0.136536, 0.990601, -0.007690], [0.034973, 0.012573, 0.999329]]",0.98999,"[8437, 8136, 8182, 8120]"
47.625675,"[0.398438, 0.187500, -0.640625]","[-0.003347, 0.052131, -0.028284]","[0.099998, 0.000000, 0.225475]","[-0.006860, 0.113407, -0.061698]","[0.035889, -0.007568, 0.136475]","[-0.005005, 0.017700, 0.068359, 0.997498]","[0.004974, 0.027924, 0.025940, 0.999237]","[0.079346, 0.075928, 0.047363]","[[0.989990, 0.136169, -0.036011], [-0.136536, 0.990601, -0.007629], [0.034546, 0.012390, 0.999329]]",0.98999,"[8441, 8135, 8168, 8124]"
47.658882,"[0.398438, 0.187500, -0.636719]","[-0.003622, 0.056694, -0.030766]","[0.099998, 0.009998, 0.243948]","[-0.007218, 0.120246, -0.065442]","[0.036621, -0.007080, 0.136475]","[-0.004791, 0.018066, 0.068359, 0.997498]","[0.004852, 0.028076, 0.025940, 0.999237]","[-0.070557, -0.124023, -0.018311]","[[0.989990, 0.136169, -0.036682], [-0.136536, 0.990601, -0.007141], [0.035339, 0.012024, 0.999329]]",0.98999,"[8400, 8109, 8182, 8115]"
47.694035,"[0.398438, 0.187500, -0.632812]","[-0.003765, 0.059077, -0.032063]","[0.080000, 0.000000, 0.229967]","[-0.007399, 0.123739, -0.067354]","[0.036377, -0.006104, 0.136963]","[-0.004303, 0.018036, 0.068512, 0.997498]","[0.005829, 0.027313, 0.025909, 0.999268]","[0.132568, 0.114258, -0.015625]","[[0.989990, 0.136475, -0.036560], [-0.136841, 0.990601, -0.006165], [0.035339, 0.011047, 0.999329]]",0.98999,"[8441, 8100, 8173, 8110]"
47.725285,"[0.406250, 0.187500, -0.628906]","[-0.004061, 0.064049, -0.034770]","[0.089998, 0.000000, 0.232229]","[-0.007763, 0.130865, -0.071259]","[0.036377, -0.005127, 0.136963]","[-0.003876, 0.018066, 0.068604, 0.997498]","[0.006226, 0.028381, 0.025909, 0.999237]","[-0.139160, -0.093506, -0.009277]","[[0.989990, 0.136658, -0.036560], [-0.137024, 0.990601, -0.005310], [0.035461, 0.010193, 0.999390]]",0.98999,"[8407, 8123, 8202, 8116]"
47.762409,"[0.406250, 0.187500, -0.625000]","[-0.004371, 0.069304, -0.037632]","[0.070000, 0.000000, 0.234324]","[-0.008129, 0.138177, -0.075268]","[0.035889, -0.004883, 0.137451]","[-0.003723, 0.017822, 0.068787, 0.997467]","[0.006561, 0.027649, 0.025879, 0.999237]","[0.007568, -0.081299, -0.034424]","[[0.989868, 0.137024, -0.036072], [-0.137390, 0.990479, -0.005005], [0.034973, 0.009888, 0.999329]]",0.989868,"[8454, 8130, 8174, 8117]"
47.79364,"[0.406250, 0.187500, -0.625000]","[-0.004696, 0.074846, -0.040652]","[0.059999, 0.000000, 0.229166]","[-0.008498, 0.145668, -0.079379]","[0.035889, -0.003662, 0.137939]","[-0.003082, 0.017792, 0.068970, 0.997437]","[0.006927, 0.027283, 0.025879, 0.999268]","[0.042725, 0.029053, 0.060059]","[[0.989746, 0.137451, -0.035889], [-0.137695, 0.990356, -0.003723], [0.035034, 0.008606, 0.999207]]",0.989746,"[8438, 8126, 8188, 8090]"
47.826855,"[0.417969, 0.187500, -0.621094]","[-0.004864, 0.077729, -0.042223]","[0.080000, 0.009998, 0.214388]","[-0.008683, 0.149480, -0.081472]","[0.035645, -0.003662, 0.138428]","[-0.003143, 0.017639, 0.069275, 0.997437]","[0.006836, 0.029114, 0.025879, 0.999207]","[0.114990, 0.107178, -0.032227]","[[0.989746, 0.138062, -0.035645], [-0.138306, 0.990356, -0.003845], [0.034668, 0.008728, 0.999329]]",0.989746,"[8478, 8126, 8186, 8135]"
47.860054,"[0.417969, 0.187500, -0.621094]","[-0.005210, 0.083719, -0.045488]","[0.059999, 0.009998, 0.203243]","[-0.009053, 0.157230, -0.085729]","[0.035156, -0.002930, 0.138916]","[-0.002655, 0.017487, 0.069519, 0.997406]","[0.007202, 0.028259, 0.025879, 0.999237]","[-0.037109, 0.069580, 0.013184]","[[0.989624, 0.138550, -0.035278], [-0.138794, 0.990234, -0.002930], [0.034424, 0.007690, 0.999268]]",0.989624,"[8478, 8141, 8177, 8094]"
47.893253,"[0.417969, 0.187500, -0.621094]","[-0.005571, 0.090015, -0.048922]","[0.070000, 0.009998, 0.178476]","[-0.009423, 0.165144, -0.090080]","[0.035400, -0.001709, 0.139648]","[-0.002136, 0.017700, 0.069916, 0.997375]","[0.007690, 0.028961, 0.025848, 0.999207]","[0.053711, 0.015869, 0.041016]","[[0.989502, 0.139282, -0.035583], [-0.139526, 0.990112, -0.001831], [0.034973, 0.006714, 0.999268]]",0.989502,"[8458, 8118, 8195, 8110]"
47.926456,"[0.417969, 0.187500, -0.621094]","[-0.005757, 0.093278, -0.050702]","[0.039999, 0.009998, 0.177149]","[-0.009607, 0.169159, -0.092288]","[0.035400, -0.000732, 0.140625]","[-0.001678, 0.017731, 0.070343, 0.997345]","[0.008270, 0.027740, 0.025848, 0.999237]","[-0.022217, -0.101074, 0.013916]","[[0.989380, 0.140198, -0.035583], [-0.140320, 0.989990, -0.000916], [0.035095, 0.005798, 0.999268]]",0.98938,"[8438, 8117, 8181, 8103]"
47.992867,"[0.429688, 0.199219, -0.617188]","[-0.006536, 0.107132, -0.058263]","[0.049999, 0.029999, 0.165049]","[-0.010341, 0.185602, -0.101343]","[0.034668, 0.000732, 0.141602]","[-0.000854, 0.017334, 0.070831, 0.997314]","[0.007690, 0.029205, 0.025848, 0.999207]","[-0.108154, 0.004639, -0.005127]","[[0.989258, 0.141174, -0.034668], [-0.141296, 0.989807, 0.000732], [0.034424, 0.004150, 0.999268]]",0.989258,"[8440, 8135, 8168, 8074]"
48.028015,"[0.429688, 0.199219, -0.613281]","[-0.006947, 0.114547, -0.062313]","[0.029999, 0.029999, 0.131592]","[-0.010704, 0.194037, -0.105994]","[0.034668, 0.000732, 0.141602]","[-0.000763, 0.017334, 0.070862, 0.997314]","[0.008179, 0.028351, 0.025848, 0.999207]","[-0.081055, -0.010010, -0.091309]","[[0.989258, 0.141235, -0.034668], [-0.141357, 0.989807, 0.000916], [0.034424, 0.003967, 0.999268]]",0.989258,"[8443, 8103, 8168, 8095]"
48.059269,"[0.429688, 0.199219, -0.613281]","[-0.007158, 0.118379, -0.064406]","[0.039999, 0.039999, 0.114822]","[-0.010884, 0.198305, -0.108348]","[0.034668, 0.000732, 0.141602]","[-0.000854, 0.017365, 0.070831, 0.997314]","[0.008179, 0.028961, 0.025848, 0.999207]","[0.018066, -0.045654, -0.024902]","[[0.989258, 0.141174, -0.034729], [-0.141296, 0.989807, 0.000732], [0.034485, 0.004150, 0.999268]]",0.989258,"[8448, 8111, 8164, 8107]"
48.096394,"[0.429688, 0.199219, -0.613281]","[-0.007590, 0.126293, -0.068731]","[0.019999, 0.029999, 0.079084]","[-0.011240, 0.206934, -0.113113]","[0.034668, 0.001465, 0.141357]","[-0.000427, 0.017365, 0.070709, 0.997345]","[0.009369, 0.028198, 0.025818, 0.999207]","[-0.067871, -0.007324, -0.010986]","[[0.989380, 0.140930, -0.034668], [-0.141052, 0.989929, 0.001587], [0.034546, 0.003296, 0.999329]]",0.98938,"[8432, 8119, 8166, 8085]"
48.127628,"[0.429688, 0.199219, -0.613281]","[-0.008036, 0.134548, -0.073244]","[0.019999, 0.039999, 0.043688]","[-0.011590, 0.215684, -0.117948]","[0.033936, 0.001465, 0.140869]","[-0.000397, 0.017029, 0.070404, 0.997375]","[0.009399, 0.028320, 0.025818, 0.999207]","[0.071289, -0.085205, 0.042480]","[[0.989502, 0.140320, -0.033997], [-0.140442, 0.990051, 0.001587], [0.033875, 0.003174, 0.999390]]",0.989502,"[8434, 8111, 8135, 8084]"
48.160835,"[0.429688, 0.199219, -0.613281]","[-0.008264, 0.138803, -0.075572]","[0.029999, 0.049999, 0.064457]","[-0.011763, 0.220100, -0.120391]","[0.033691, 0.002441, 0.139893]","[0.000092, 0.016907, 0.069946, 0.997406]","[0.009521, 0.029175, 0.025787, 0.999176]","[-0.003662, -0.031250, -0.111572]","[[0.989624, 0.139526, -0.033691], [-0.139526, 0.990173, 0.002441], [0.033691, 0.002197, 0.999390]]",0.989624,"[8433, 8116, 8126, 8055]"
48.194035,"[0.429688, 0.207031, -0.613281]","[-0.008730, 0.147573, -0.080370]","[0.019999, 0.049999, 0.055466]","[-0.012102, 0.229013, -0.125324]","[0.032959, 0.003418, 0.138672]","[0.000702, 0.016571, 0.069336, 0.997467]","[0.009521, 0.028931, 0.025787, 0.999176]","[-0.033936, -0.003662, 0.020752]","[[0.989868, 0.138306, -0.032959], [-0.138306, 0.990356, 0.003601], [0.033081, 0.000916, 0.999451]]",0.989868,"[8414, 8127, 8123, 8077]"
48.227238,"[0.429688, 0.207031, -0.613281]","[-0.009210, 0.156697, -0.085364]","[0.009998, 0.059999, 0.075855]","[-0.012434, 0.238028, -0.130319]","[0.032715, 0.003418, 0.137451]","[0.000671, 0.016510, 0.068665, 0.997498]","[0.009766, 0.028534, 0.025787, 0.999207]","[0.051025, -0.125977, -0.088623]","[[0.989990, 0.136963, -0.032837], [-0.136963, 0.990479, 0.003540], [0.032959, 0.000977, 0.999390]]",0.98999,"[8442, 8143, 8130, 8118]"
48.262398,"[0.429688, 0.207031, -0.613281]","[-0.009702, 0.166171, -0.090552]","[0.000000, 0.070000, 0.052183]","[-0.012757, 0.247131, -0.135368]","[0.033203, 0.003906, 0.135986]","[0.000885, 0.016693, 0.067932, 0.997559]","[0.009888, 0.028290, 0.025787, 0.999207]","[-0.064209, -0.125977, -0.013672]","[[0.990234, 0.135498, -0.033203], [-0.135498, 0.990784, 0.003967], [0.033325, 0.000549, 0.999451]]",0.990234,"[8420, 8150, 8132, 8114]"
48.3288,"[0.429688, 0.207031, -0.613281]","[-0.010463, 0.181055, -0.098708]","[0.000000, 0.080000, 0.041147]","[-0.013221, 0.260938, -0.143037]","[0.032715, 0.004150, 0.133301]","[0.001038, 0.016510, 0.066650, 0.997650]","[0.010742, 0.028656, 0.025757, 0.999176]","[-0.072510, -0.095215, 0.014404]","[[0.990601, 0.132935, -0.032776], [-0.132935, 0.991089, 0.004211], [0.033020, 0.000183, 0.999451]]",0.990601,"[8438, 8142, 8128, 8100]"
48.362011,"[0.429688, 0.218750, -0.613281]","[-0.010985, 0.191431, -0.104398]","[-0.019999, 0.070000, 0.045511]","[-0.013517, 0.270232, -0.148208]","[0.031738, 0.004883, 0.132080]","[0.001434, 0.016113, 0.066101, 0.997681]","[0.011322, 0.027771, 0.025757, 0.999207]","[0.022949, 0.065674, -0.025879]","[[0.990723, 0.131836, -0.031921], [-0.131836, 0.991211, 0.004883], [0.032288, -0.000732, 0.999451]]",0.990723,"[8461, 8168, 8139, 8125]"
48.395206,"[0.429688, 0.218750, -0.617188]","[-0.011250, 0.196753, -0.107316]","[-0.009998, 0.080000, 0.008242]","[-0.013660, 0.274899, -0.150806]","[0.031006, 0.004883, 0.131592]","[0.001526, 0.015656, 0.065735, 0.997711]","[0.011475, 0.028381, 0.025757, 0.999176]","[0.070801, -0.166016, -0.045654]","[[0.990845, 0.131165, -0.031006], [-0.131165, 0.991333, 0.005005], [0.031372, -0.000977, 0.999451]]",0.990845,"[8457, 8160, 8124, 8105]"
48.428413,"[0.437500, 0.218750, -0.617188]","[-0.011789, 0.207674, -0.113309]","[0.000000, 0.080000, 0.017963]","[-0.013936, 0.284277, -0.156033]","[0.031250, 0.005615, 0.130615]","[0.001862, 0.015778, 0.065308, 0.997742]","[0.012329, 0.029449, 0.025696, 0.999146]","[-0.078369, 0.214355, -0.060547]","[[0.990967, 0.130310, -0.031250], [-0.130310, 0.991455, 0.005676], [0.031616, -0.001648, 0.999451]]",0.990967,"[8444, 8136, 8125, 8080]"
48.463562,"[0.429688, 0.226562, -0.609375]","[-0.012339, 0.218963, -0.119507]","[-0.029999, 0.099998, 0.044815]","[-0.014198, 0.293701, -0.161292]","[0.030762, 0.006104, 0.129883]","[0.002167, 0.015564, 0.064972, 0.997772]","[0.011810, 0.027771, 0.025757, 0.999207]","[0.173096, -0.003662, 0.008301]","[[0.991089, 0.129700, -0.030762], [-0.129578, 0.991516, 0.006287], [0.031250, -0.002258, 0.999512]]",0.991089,"[8467, 8178, 8120, 8102]"
48.496769,"[0.429688, 0.226562, -0.605469]","[-0.012899, 0.230621, -0.125911]","[-0.019999, 0.109999, 0.027609]","[-0.014446, 0.303163, -0.166580]","[0.031494, 0.006104, 0.129395]","[0.002167, 0.015930, 0.064667, 0.997772]","[0.012085, 0.028351, 0.025726, 0.999176]","[-0.184326, -0.070068, -0.023682]","[[0.991089, 0.129089, -0.031494], [-0.128967, 0.991577, 0.006287], [0.031982, -0.002258, 0.999451]]",0.991089,"[8448, 8160, 8171, 8089]"
48.531925,"[0.429688, 0.238281, -0.601562]","[-0.013182, 0.236587, -0.129190]","[-0.019999, 0.099998, 0.024736]","[-0.014563, 0.307903, -0.169232]","[0.030762, 0.006592, 0.128418]","[0.002380, 0.015686, 0.064178, 0.997833]","[0.012573, 0.028473, 0.025726, 0.999176]","[-0.127441, 0.186035, -0.081299]","[[0.991333, 0.128113, -0.030945], [-0.127991, 0.991821, 0.006653], [0.031555, -0.002747, 0.999512]]",0.991333,"[8461, 8175, 8141, 8114]"
48.565128,"[0.429688, 0.238281, -0.601562]","[-0.013755, 0.248800, -0.135905]","[-0.029999, 0.119999, 0.020346]","[-0.014786, 0.317402, -0.174552]","[0.030762, 0.008545, 0.127686]","[0.003357, 0.015686, 0.063812, 0.997833]","[0.012543, 0.028229, 0.025726, 0.999176]","[0.170410, -0.125000, -0.010986]","[[0.991333, 0.127380, -0.030823], [-0.127258, 0.991821, 0.008606], [0.031677, -0.004700, 0.999451]]",0.991333,"[8455, 8199, 8150, 8132]"
48.705753,"[0.417969, 0.257812, -0.601562]","[-0.015823, 0.294472, -0.161047]","[-0.019999, 0.129999, 0.003979]","[-0.015424, 0.350699, -0.193266]","[0.031006, 0.010254, 0.125732]","[0.004242, 0.015839, 0.062866, 0.997894]","[0.014526, 0.028778, 0.025665, 0.999146]","[0.007568, 0.024170, 0.037109]","[[0.991577, 0.125549, -0.031067], [-0.125305, 0.992065, 0.010376], [0.032043, -0.006470, 0.999451]]",0.991577,"[8501, 8222, 8174, 8132]"
48.733093,"[0.417969, 0.269531, -0.605469]","[-0.016428, 0.308358, -0.168702]","[-0.029999, 0.169998, -0.023596]","[-0.015561, 0.360191, -0.198620]","[0.029541, 0.011719, 0.126221]","[0.004974, 0.015198, 0.063049, 0.997894]","[0.012817, 0.028473, 0.025696, 0.999176]","[-0.089600, -0.047363, 0.068115]","[[0.991577, 0.125916, -0.029663], [-0.125671, 0.992004, 0.011780], [0.030884, -0.007996, 0.999512]]",0.991577,"[8479, 8199, 8179, 8119]"
48.856152,"[0.417969, 0.277344, -0.609375]","[-0.018270, 0.352226, -0.192916]","[-0.039999, 0.150000, -0.030525]","[-0.015842, 0.388463, -0.214631]","[0.028809, 0.010498, 0.127197]","[0.004456, 0.014801, 0.063507, 0.997864]","[0.016815, 0.028351, 0.025604, 0.999115]","[-0.116699, 0.345215, -0.015625]","[[0.991455, 0.126831, -0.028931], [-0.126587, 0.991882, 0.010681], [0.030029, -0.007019, 0.999512]]",0.991455,"[8530, 8153, 8146, 8134]"
48.858093,"[0.417969, 0.277344, -0.609375]","[-0.018270, 0.352226, -0.192916]","[-0.059999, 0.199999, -0.033281]","[-0.015842, 0.388463, -0.214631]","[0.028809, 0.010498, 0.127197]","[0.004395, 0.014740, 0.063507, 0.997864]","[0.014496, 0.027435, 0.025665, 0.999176]","[-0.051758, -0.086182, 0.012207]","[[0.991455, 0.126831, -0.028809], [-0.126587, 0.991882, 0.010559], [0.029907, -0.006897, 0.999512]]",0.991455,"[8528, 8154, 8133, 8169]"
48.86591,"[0.417969, 0.289062, -0.609375]","[-0.018270, 0.352226, -0.192916]","[-0.039999, 0.169998, -0.040991]","[-0.015842, 0.388463, -0.214631]","[0.028320, 0.011719, 0.127197]","[0.005035, 0.014618, 0.063568, 0.997864]","[0.015503, 0.028534, 0.025635, 0.999115]","[0.118652, -0.155762, 0.045166]","[[0.991455, 0.126953, -0.028503], [-0.126709, 0.991882, 0.011841], [0.029724, -0.008179, 0.999512]]",0.991455,"[8519, 8164, 8138, 8141]"
49.004585,"[0.417969, 0.296875, -0.613281]","[-0.020754, 0.415825, -0.228105]","[-0.070000, 0.219999, -0.060331]","[-0.015880, 0.425378, -0.235689]","[0.028809, 0.015869, 0.131592]","[0.007019, 0.015015, 0.065643, 0.997681]","[0.016815, 0.027740, 0.025604, 0.999115]","[-0.038818, 0.182861, 0.026611]","[[0.990784, 0.131165, -0.028992], [-0.130798, 0.991150, 0.015930], [0.030823, -0.012024, 0.999329]]",0.990784,"[8529, 8193, 8201, 8118]"
49.061222,"[0.406250, 0.296875, -0.613281]","[-0.021373, 0.432615, -0.237411]","[-0.049999, 0.179998, -0.078882]","[-0.015824, 0.434406, -0.240871]","[0.028564, 0.016846, 0.133789]","[0.007477, 0.014832, 0.066803, 0.997620]","[0.020721, 0.028259, 0.025482, 0.999054]","[0.017090, 0.209473, 0.047363]","[[0.990540, 0.133423, -0.028564], [-0.133057, 0.990906, 0.016846], [0.030518, -0.012939, 0.999390]]",0.99054,"[8545, 8187, 8201, 8139]"
49.110054,"[0.406250, 0.328125, -0.617188]","[-0.022297, 0.458460, -0.251750]","[-0.070000, 0.230000, -0.071503]","[-0.015688, 0.447772, -0.248567]","[0.028076, 0.017578, 0.135254]","[0.007874, 0.014709, 0.067535, 0.997589]","[0.018280, 0.027466, 0.025574, 0.999115]","[-0.007324, -0.066406, -0.028564]","[[0.990479, 0.134888, -0.028259], [-0.134521, 0.990784, 0.017639], [0.030334, -0.013733, 0.999451]]",0.990479,"[8574, 8175, 8161, 8158]"
49.112003,"[0.398438, 0.339844, -0.621094]","[-0.022297, 0.458460, -0.251750]","[-0.059999, 0.249998, -0.106501]","[-0.015688, 0.447772, -0.248567]","[0.027588, 0.018066, 0.135254]","[0.008118, 0.014374, 0.067566, 0.997589]","[0.016571, 0.027527, 0.025635, 0.999146]","[0.154785, 0.149902, 0.101074]","[[0.990479, 0.134949, -0.027588], [-0.134583, 0.990723, 0.018066], [0.029663, -0.014282, 0.999451]]",0.990479,"[8578, 8159, 8171, 8151]"
49.262398,"[0.398438, 0.359375, -0.628906]","[-0.024701, 0.531136, -0.292160]","[-0.099998, 0.240000, -0.100786]","[-0.015009, 0.482168, -0.268533]","[0.027100, 0.020508, 0.137451]","[0.009308, 0.014313, 0.068634, 0.997498]","[0.021149, 0.026062, 0.025543, 0.999084]","[-0.045410, -0.083008, -0.010498]","[[0.990112, 0.137146, -0.027283], [-0.136658, 0.990356, 0.020508], [0.029724, -0.016602, 0.999390]]",0.990112,"[8532, 8187, 8199, 8171]"
49.264351,"[0.386719, 0.378906, -0.628906]","[-0.024701, 0.531136, -0.292160]","[-0.089998, 0.259998, -0.100786]","[-0.015009, 0.482168, -0.268533]","[0.027100, 0.020508, 0.137451]","[0.009308, 0.014313, 0.068634, 0.997498]","[0.019196, 0.025848, 0.025574, 0.999146]","[-0.045410, -0.083008, -0.010498]","[[0.990112, 0.137146, -0.027283], [-0.136658, 0.990356, 0.020508], [0.029724, -0.016602, 0.999390]]",0.990112,"[8537, 8191, 8188, 8156]"
49.27216,"[0.386719, 0.386719, -0.628906]","[-0.024701, 0.531136, -0.292160]","[-0.070000, 0.279999, -0.115955]","[-0.015009, 0.482168, -0.268533]","[0.026855, 0.021484, 0.137695]","[0.009827, 0.014221, 0.068756, 0.997467]","[0.018005, 0.027100, 0.025604, 0.999115]","[0.106934, 0.016846, 0.059570]","[[0.990051, 0.137390, -0.026978], [-0.136902, 0.990234, 0.021545], [0.029663, -0.017639, 0.999268]]",0.990051,"[8537, 8176, 8196, 8166]"
49.303425,"[0.386719, 0.398438, -0.632812]","[-0.025283, 0.550135, -0.302745]","[-0.089998, 0.339998, -0.124428]","[-0.014764, 0.490445, -0.273377]","[0.027344, 0.020996, 0.137939]","[0.009552, 0.014404, 0.068878, 0.997467]","[0.015564, 0.026337, 0.025665, 0.999176]","[0.020752, 0.054199, -0.016846]","[[0.989990, 0.137634, -0.027405], [-0.137146, 0.990234, 0.020996], [0.029968, -0.017090, 0.999329]]",0.98999,"[8548, 8175, 8195, 8168]"
49.338566,"[0.378906, 0.406250, -0.636719]","[-0.025854, 0.569450, -0.313516]","[-0.080000, 0.289999, -0.140923]","[-0.014488, 0.498578, -0.278155]","[0.027588, 0.020020, 0.138184]","[0.009064, 0.014526, 0.069000, 0.997467]","[0.018738, 0.026367, 0.025574, 0.999146]","[-0.082275, 0.099854, 0.053711]","[[0.989990, 0.137878, -0.027710], [-0.137390, 0.990234, 0.020020], [0.030151, -0.016113, 0.999390]]",0.98999,"[8535, 8182, 8198, 8167]"
49.371773,"[0.386719, 0.429688, -0.640625]","[-0.026136, 0.579230, -0.318973]","[-0.099998, 0.349998, -0.167883]","[-0.014339, 0.502588, -0.280518]","[0.027588, 0.019287, 0.138428]","[0.008789, 0.014526, 0.069031, 0.997467]","[0.015808, 0.026062, 0.025665, 0.999176]","[0.016602, -0.142090, -0.019043]","[[0.989990, 0.137939, -0.027771], [-0.137451, 0.990234, 0.019470], [0.030090, -0.015564, 0.999390]]",0.98999,"[8545, 8161, 8179, 8194]"
49.502644,"[0.378906, 0.437500, -0.652344]","[-0.028013, 0.649807, -0.358430]","[-0.099998, 0.309999, -0.178511]","[-0.013065, 0.529542, -0.296530]","[0.028076, 0.019043, 0.136963]","[0.008667, 0.014709, 0.068298, 0.997498]","[0.022003, 0.025787, 0.025513, 0.999084]","[0.091553, 0.105713, 0.020264]","[[0.990112, 0.136475, -0.028137], [-0.135986, 0.990417, 0.019226], [0.030457, -0.015320, 0.999268]]",0.990112,"[8527, 8158, 8170, 8172]"
49.504589,"[0.367188, 0.457031, -0.660156]","[-0.028013, 0.649807, -0.358430]","[-0.109999, 0.389999, -0.185856]","[-0.013065, 0.529542, -0.296530]","[0.027832, 0.019287, 0.136963]","[0.008698, 0.014587, 0.068298, 0.997498]","[0.016998, 0.024811, 0.025665, 0.999207]","[0.009521, -0.160645, -0.047607]","[[0.990112, 0.136475, -0.027893], [-0.135986, 0.990356, 0.019287], [0.030212, -0.015381, 0.999268]]",0.990112,"[8509, 8168, 8172, 8194]"
49.506531,"[0.367188, 0.476562, -0.660156]","[-0.028013, 0.649807, -0.358430]","[-0.089998, 0.339998, -0.192520]","[-0.013065, 0.529542, -0.296530]","[0.027344, 0.019287, 0.136963]","[0.008698, 0.014374, 0.068298, 0.997498]","[0.018585, 0.025757, 0.025604, 0.999146]","[-0.017090, -0.222900, -0.035400]","[[0.990112, 0.136475, -0.027466], [-0.135986, 0.990356, 0.019287], [0.029785, -0.015381, 0.999268]]",0.990112,"[8533, 8155, 8178, 8197]"
49.647163,"[0.359375, 0.500000, -0.671875]","[-0.029690, 0.723927, -0.400008]","[-0.139999, 0.369999, -0.255705]","[-0.011390, 0.554358, -0.311527]","[0.028076, 0.020264, 0.131104]","[0.009277, 0.014771, 0.065460, 0.997681]","[0.020966, 0.023376, 0.025604, 0.999176]","[0.090088, 0.064697, 0.015381]","[[0.990845, 0.130859, -0.028259], [-0.130371, 0.991150, 0.020386], [0.030579, -0.016602, 0.999268]]",0.990845,"[8519, 8174, 8139, 8177]"
49.649109,"[0.359375, 0.527344, -0.675781]","[-0.029910, 0.734789, -0.406114]","[-0.119999, 0.449999, -0.259850]","[-0.011117, 0.557715, -0.313579]","[0.028809, 0.020508, 0.131104]","[0.009308, 0.015045, 0.065460, 0.997681]","[0.015747, 0.024475, 0.025696, 0.999237]","[0.033691, 0.252441, -0.053955]","[[0.990845, 0.130859, -0.028809], [-0.130371, 0.991150, 0.020508], [0.031128, -0.016602, 0.999268]]",0.990845,"[8509, 8155, 8146, 8169]"
