t,p,p_d,v,v_d,Angles,q,q_sp,w,R,T_sp,rpm
41.442425,"[-0.089844, 0.199219, -0.914062]","[-0.000003, 0.000000, -0.000001]","[0.009998, 0.000000, -0.049120]","[-0.000157, 0.000023, -0.000057]","[-0.002930, -0.011475, 0.063721]","[-0.005737, -0.001678, 0.031952, 0.999481]","[-0.000336, 0.000610, 0.028656, 0.999573]","[0.001953, -0.543701, 0.092285]","[[0.997986, 0.063843, 0.002930], [-0.063843, 0.997925, -0.011597], [-0.003784, 0.011353, 0.999939]]",0.997986,"[7827, 7803, 7621, 7564]"
41.542034,"[-0.078125, 0.199219, -0.906250]","[-0.000091, 0.000013, -0.000033]","[0.019999, 0.009998, 0.135668]","[-0.002231, 0.000323, -0.000821]","[-0.010742, -0.007080, 0.069824]","[-0.003387, -0.005493, 0.035034, 0.999390]","[-0.000793, 0.001709, 0.028656, 0.999573]","[-0.049561, 0.036377, 0.019043]","[[0.997559, 0.070007, 0.010742], [-0.070007, 0.997559, -0.007202], [-0.011230, 0.006348, 1.000000]]",0.997559,"[7945, 7934, 7823, 7725]"
41.608437,"[-0.078125, 0.199219, -0.890625]","[-0.000318, 0.000046, -0.000117]","[0.029999, 0.009998, 0.210835]","[-0.005936, 0.000850, -0.002191]","[-0.014648, -0.006104, 0.075439]","[-0.002777, -0.007446, 0.037720, 0.999268]","[-0.000763, 0.002197, 0.028656, 0.999573]","[0.066895, -0.210693, 0.075439]","[[0.997070, 0.075378, 0.014648], [-0.075378, 0.997131, -0.006165], [-0.015137, 0.004944, 0.999878]]",0.99707,"[8066, 7997, 7892, 7804]"
41.643593,"[-0.078125, 0.199219, -0.878906]","[-0.000624, 0.000090, -0.000230]","[0.049999, 0.009998, 0.273470]","[-0.010030, 0.001427, -0.003710]","[-0.015625, -0.005371, 0.078125]","[-0.002380, -0.007996, 0.039093, 0.999207]","[-0.000763, 0.003174, 0.028656, 0.999573]","[-0.013428, 0.084717, 0.117432]","[[0.996826, 0.078064, 0.015747], [-0.078064, 0.996948, -0.005432], [-0.016235, 0.004089, 0.999878]]",0.996826,"[8117, 8027, 7923, 7824]"
41.709999,"[-0.078125, 0.199219, -0.859375]","[-0.001881, 0.000267, -0.000697]","[0.059999, 0.029999, 0.278593]","[-0.023430, 0.003284, -0.008706]","[-0.015381, -0.002930, 0.083984]","[-0.001190, -0.007843, 0.042114, 0.999084]","[-0.001709, 0.003693, 0.028687, 0.999573]","[-0.252197, 0.345947, 0.077393]","[[0.996338, 0.084106, 0.015564], [-0.084106, 0.996460, -0.003052], [-0.015808, 0.001709, 0.999878]]",0.996338,"[8120, 8057, 8007, 7847]"
41.743202,"[-0.066406, 0.199219, -0.847656]","[-0.002383, 0.000337, -0.000883]","[0.070000, 0.019999, 0.276220]","[-0.028068, 0.003919, -0.010441]","[-0.014648, -0.004883, 0.086914]","[-0.002197, -0.007507, 0.043549, 0.999023]","[-0.001190, 0.005035, 0.028687, 0.999573]","[-0.036865, -0.144531, 0.086426]","[[0.996094, 0.086975, 0.014771], [-0.086975, 0.996155, -0.005066], [-0.015259, 0.003723, 0.999878]]",0.996094,"[8159, 8028, 8000, 7934]"
41.776413,"[-0.066406, 0.199219, -0.835938]","[-0.003687, 0.000518, -0.001369]","[0.070000, 0.039999, 0.336948]","[-0.039107, 0.005416, -0.014583]","[-0.015137, -0.003418, 0.089600]","[-0.001373, -0.007660, 0.044830, 0.998962]","[-0.002167, 0.005188, 0.028687, 0.999542]","[0.274414, 0.243164, 0.162598]","[[0.995850, 0.089539, 0.015137], [-0.089539, 0.995911, -0.003479], [-0.015503, 0.002014, 0.999817]]",0.99585,"[8205, 8107, 8016, 7909]"
41.809612,"[-0.066406, 0.199219, -0.832031]","[-0.005472, 0.000764, -0.002035]","[0.089998, 0.039999, 0.358501]","[-0.052685, 0.007235, -0.019695]","[-0.012695, -0.003906, 0.092041]","[-0.001678, -0.006470, 0.046112, 0.998932]","[-0.002136, 0.006287, 0.028687, 0.999542]","[-0.207520, 0.234619, 0.046631]","[[0.995728, 0.092102, 0.012756], [-0.092102, 0.995789, -0.003967], [-0.013123, 0.002747, 0.999939]]",0.995728,"[8153, 8132, 8136, 7985]"
41.844765,"[-0.066406, 0.199219, -0.808594]","[-0.006576, 0.000916, -0.002448]","[0.080000, 0.039999, 0.448849]","[-0.060484, 0.008269, -0.022639]","[-0.011719, -0.005127, 0.095215]","[-0.002289, -0.006073, 0.047638, 0.998871]","[-0.002014, 0.006256, 0.028687, 0.999542]","[-0.227295, 0.410156, 0.138672]","[[0.995483, 0.095154, 0.011902], [-0.095154, 0.995544, -0.005188], [-0.012390, 0.003967, 1.000000]]",0.995483,"[8305, 8131, 8118, 8015]"
41.877972,"[-0.058594, 0.207031, -0.792969]","[-0.009275, 0.001283, -0.003460]","[0.119999, 0.049999, 0.498596]","[-0.078207, 0.010593, -0.029351]","[-0.011230, -0.006104, 0.097412]","[-0.002777, -0.005829, 0.048767, 0.998810]","[-0.002899, 0.008972, 0.028687, 0.999542]","[0.048828, -0.115234, 0.028564]","[[0.995239, 0.097412, 0.011353], [-0.097412, 0.995300, -0.006165], [-0.011963, 0.004944, 0.999939]]",0.995239,"[8335, 8195, 8159, 8053]"
41.91119,"[-0.058594, 0.218750, -0.777344]","[-0.012724, 0.001748, -0.004756]","[0.099998, 0.059999, 0.528851]","[-0.098874, 0.013263, -0.037210]","[-0.011719, -0.007324, 0.099854]","[-0.003387, -0.006042, 0.049957, 0.998749]","[-0.004028, 0.008270, 0.028687, 0.999542]","[0.048828, 0.111816, 0.039795]","[[0.994995, 0.099731, 0.011719], [-0.099731, 0.995056, -0.007385], [-0.012451, 0.006165, 0.999939]]",0.994995,"[8422, 8210, 8158, 8109]"
41.944382,"[-0.058594, 0.218750, -0.765625]","[-0.017040, 0.002324, -0.006383]","[0.109999, 0.059999, 0.552021]","[-0.122580, 0.016274, -0.046264]","[-0.010498, -0.007324, 0.102051]","[-0.003418, -0.005463, 0.051117, 0.998688]","[-0.003998, 0.009003, 0.028687, 0.999512]","[0.007812, -0.080566, 0.028076]","[[0.994751, 0.102051, 0.010559], [-0.102051, 0.994751, -0.007446], [-0.011292, 0.006226, 0.999939]]",0.994751,"[8405, 8241, 8234, 8116]"
41.977581,"[-0.046875, 0.218750, -0.753906]","[-0.019559, 0.002657, -0.007334]","[0.139999, 0.070000, 0.553568]","[-0.135584, 0.017904, -0.051249]","[-0.008789, -0.006592, 0.104736]","[-0.003021, -0.004669, 0.052399, 0.998627]","[-0.004303, 0.011597, 0.028717, 0.999481]","[-0.108643, 0.160156, 0.114746]","[[0.994507, 0.104614, 0.008972], [-0.104614, 0.994507, -0.006592], [-0.009705, 0.005493, 0.999939]]",0.994507,"[8398, 8299, 8297, 8101]"
42.012737,"[-0.039062, 0.218750, -0.734375]","[-0.025398, 0.003424, -0.009545]","[0.129999, 0.059999, 0.578566]","[-0.163917, 0.021403, -0.062149]","[-0.007324, -0.008301, 0.107178]","[-0.004028, -0.003998, 0.053619, 0.998566]","[-0.003784, 0.012177, 0.028717, 0.999481]","[0.023682, 0.101562, 0.110596]","[[0.994263, 0.107056, 0.007507], [-0.107056, 0.994263, -0.008545], [-0.008484, 0.007568, 1.000000]]",0.994263,"[8497, 8286, 8302, 8201]"
42.045956,"[-0.039062, 0.218750, -0.718750]","[-0.032406, 0.004333, -0.012206]","[0.160000, 0.089998, 0.612434]","[-0.195340, 0.025205, -0.074302]","[-0.005615, -0.007080, 0.108643]","[-0.003418, -0.003082, 0.054413, 0.998505]","[-0.005188, 0.014191, 0.028748, 0.999451]","[0.031250, 0.049561, 0.004883]","[[0.994019, 0.108643, 0.005737], [-0.108643, 0.994019, -0.007202], [-0.006592, 0.006470, 0.999939]]",0.994019,"[8464, 8339, 8346, 8202]"
42.081097,"[-0.039062, 0.226562, -0.707031]","[-0.040699, 0.005397, -0.015366]","[0.139999, 0.080000, 0.618715]","[-0.229793, 0.029279, -0.087701]","[-0.003174, -0.007324, 0.110596]","[-0.003540, -0.001862, 0.055389, 0.998444]","[-0.005219, 0.013824, 0.028717, 0.999451]","[0.022705, -0.077881, 0.001221]","[[0.993774, 0.110596, 0.003296], [-0.110596, 0.993774, -0.007324], [-0.004150, 0.006836, 0.999878]]",0.993774,"[8532, 8364, 8405, 8255]"
42.1143,"[-0.019531, 0.226562, -0.691406]","[-0.045364, 0.005989, -0.017148]","[0.169998, 0.089998, 0.629789]","[-0.248126, 0.031407, -0.094862]","[0.000000, -0.008301, 0.112305]","[-0.004120, -0.000214, 0.056183, 0.998383]","[-0.005463, 0.017365, 0.028748, 0.999420]","[-0.038086, 0.092041, 0.071533]","[[0.993530, 0.112183, -0.000061], [-0.112183, 0.993530, -0.008301], [-0.000916, 0.008179, 0.999817]]",0.99353,"[8521, 8390, 8442, 8309]"
42.147518,"[-0.019531, 0.226562, -0.675781]","[-0.055807, 0.007302, -0.021148]","[0.160000, 0.080000, 0.633518]","[-0.286947, 0.035824, -0.110098]","[0.002197, -0.006592, 0.113281]","[-0.003357, 0.000977, 0.056732, 0.998383]","[-0.005096, 0.017853, 0.028748, 0.999390]","[-0.040039, 0.277344, 0.026367]","[[0.993530, 0.113159, -0.002319], [-0.113281, 0.993530, -0.006653], [0.001465, 0.006775, 0.999939]]",0.99353,"[8559, 8446, 8459, 8285]"
42.180721,"[-0.019531, 0.226562, -0.664062]","[-0.067819, 0.008790, -0.025765]","[0.169998, 0.089998, 0.618950]","[-0.328496, 0.040413, -0.126513]","[0.004395, -0.007812, 0.113770]","[-0.004059, 0.002045, 0.056976, 0.998352]","[-0.005432, 0.019073, 0.028748, 0.999359]","[0.211670, -0.330078, -0.024414]","[[0.993408, 0.113647, -0.004517], [-0.113770, 0.993408, -0.007935], [0.003540, 0.008301, 0.999878]]",0.993408,"[8616, 8444, 8462, 8370]"
42.215862,"[-0.007812, 0.238281, -0.652344]","[-0.074446, 0.009602, -0.028320]","[0.179998, 0.109999, 0.604427]","[-0.350240, 0.042758, -0.135149]","[0.007324, -0.007324, 0.114258]","[-0.003876, 0.003448, 0.057190, 0.998322]","[-0.006805, 0.021423, 0.028809, 0.999329]","[0.095947, -0.015625, -0.024902]","[[0.993286, 0.114075, -0.007324], [-0.114197, 0.993286, -0.007385], [0.006348, 0.008118, 0.999817]]",0.993286,"[8598, 8500, 8476, 8341]"
42.247112,"[-0.007812, 0.250000, -0.644531]","[-0.089004, 0.011365, -0.033949]","[0.169998, 0.099998, 0.577419]","[-0.395536, 0.047514, -0.153241]","[0.008789, -0.008545, 0.114258]","[-0.004547, 0.004242, 0.057190, 0.998352]","[-0.007050, 0.022156, 0.028809, 0.999298]","[-0.190186, 0.218262, 0.015137]","[[0.993408, 0.114075, -0.008972], [-0.114197, 0.993408, -0.008667], [0.007874, 0.009521, 0.999939]]",0.993408,"[8626, 8468, 8467, 8382]"
42.315472,"[0.007812, 0.250000, -0.617188]","[-0.123643, 0.015452, -0.047428]","[0.189999, 0.119999, 0.610926]","[-0.492534, 0.057093, -0.192465]","[0.015869, -0.010254, 0.113281]","[-0.005646, 0.007690, 0.056702, 0.998352]","[-0.007507, 0.027069, 0.028839, 0.999176]","[0.127197, -0.131104, -0.112305]","[[0.993469, 0.113037, -0.015991], [-0.113281, 0.993469, -0.010437], [0.014648, 0.012146, 0.999817]]",0.993469,"[8681, 8518, 8502, 8454]"
42.348675,"[0.007812, 0.257812, -0.605469]","[-0.133510, 0.016590, -0.051288]","[0.169998, 0.109999, 0.604628]","[-0.517925, 0.059456, -0.202848]","[0.018799, -0.009277, 0.112793]","[-0.005127, 0.009125, 0.056549, 0.998352]","[-0.007507, 0.027435, 0.028839, 0.999176]","[-0.051270, 0.093018, -0.029785]","[[0.993408, 0.112732, -0.018799], [-0.112976, 0.993530, -0.009277], [0.017578, 0.011230, 0.999756]]",0.993408,"[8657, 8569, 8567, 8428]"
42.381878,"[0.019531, 0.257812, -0.593750]","[-0.154751, 0.019004, -0.059627]","[0.179998, 0.129999, 0.572472]","[-0.569828, 0.064090, -0.224227]","[0.022217, -0.008789, 0.112549]","[-0.005035, 0.010925, 0.056366, 0.998352]","[-0.008392, 0.030518, 0.028870, 0.999054]","[-0.073730, 0.083984, 0.008057]","[[0.993408, 0.112366, -0.022400], [-0.112610, 0.993591, -0.008850], [0.021179, 0.011292, 0.999756]]",0.993408,"[8651, 8568, 8591, 8474]"
42.417034,"[0.027344, 0.269531, -0.585938]","[-0.178042, 0.021595, -0.068815]","[0.160000, 0.099998, 0.551437]","[-0.622961, 0.068544, -0.246344]","[0.025879, -0.009766, 0.111572]","[-0.005585, 0.012634, 0.055969, 0.998352]","[-0.007233, 0.031952, 0.028870, 0.999023]","[0.001221, 0.115967, -0.028076]","[[0.993469, 0.111511, -0.025879], [-0.111877, 0.993713, -0.009766], [0.024536, 0.012573, 0.999634]]",0.993469,"[8699, 8609, 8589, 8473]"
42.450237,"[0.039062, 0.269531, -0.582031]","[-0.190472, 0.022954, -0.073736]","[0.179998, 0.139999, 0.503241]","[-0.649895, 0.070682, -0.257650]","[0.029297, -0.009766, 0.110840]","[-0.005676, 0.014374, 0.055511, 0.998352]","[-0.008850, 0.035645, 0.028931, 0.998901]","[-0.012207, 0.065430, 0.048828]","[[0.993469, 0.110657, -0.029358], [-0.111023, 0.993774, -0.009766], [0.028015, 0.012939, 0.999512]]",0.993469,"[8697, 8589, 8605, 8491]"
42.48344,"[0.039062, 0.269531, -0.578125]","[-0.216919, 0.025796, -0.084249]","[0.169998, 0.119999, 0.481449]","[-0.704285, 0.074740, -0.280690]","[0.032227, -0.010986, 0.110107]","[-0.006348, 0.015808, 0.055267, 0.998322]","[-0.007690, 0.037201, 0.028900, 0.998840]","[-0.053955, 0.043213, -0.094727]","[[0.993347, 0.110046, -0.032288], [-0.110535, 0.993774, -0.010986], [0.030823, 0.014404, 0.999390]]",0.993347,"[8747, 8616, 8589, 8490]"
42.516644,"[0.039062, 0.277344, -0.570312]","[-0.245499, 0.028789, -0.095672]","[0.150000, 0.119999, 0.458096]","[-0.759094, 0.078447, -0.304211]","[0.034668, -0.009766, 0.109131]","[-0.005859, 0.017029, 0.054718, 0.998322]","[-0.008148, 0.038422, 0.028931, 0.998779]","[0.225098, 0.180908, -0.114990]","[[0.993347, 0.108948, -0.034668], [-0.109436, 0.993835, -0.009888], [0.033325, 0.013550, 0.999268]]",0.993347,"[8740, 8650, 8579, 8451]"
42.551796,"[0.046875, 0.277344, -0.562500]","[-0.276224, 0.031919, -0.108020]","[0.160000, 0.139999, 0.428806]","[-0.813982, 0.081737, -0.328103]","[0.038818, -0.010254, 0.107666]","[-0.006165, 0.019165, 0.053986, 0.998322]","[-0.008667, 0.041870, 0.028961, 0.998657]","[0.021973, 0.151123, -0.083008]","[[0.993347, 0.107544, -0.038879], [-0.108032, 0.994019, -0.010315], [0.037537, 0.014343, 0.999084]]",0.993347,"[8718, 8649, 8620, 8519]"
42.584999,"[0.046875, 0.289062, -0.558594]","[-0.292393, 0.033530, -0.114548]","[0.119999, 0.129999, 0.390369]","[-0.841354, 0.083205, -0.340156]","[0.042480, -0.010742, 0.106445]","[-0.006561, 0.021027, 0.053406, 0.998322]","[-0.008881, 0.042358, 0.028961, 0.998627]","[0.025635, 0.040527, -0.031250]","[[0.993347, 0.106323, -0.042664], [-0.106934, 0.994141, -0.010925], [0.041199, 0.015320, 0.998962]]",0.993347,"[8723, 8649, 8616, 8544]"
42.618202,"[0.058594, 0.289062, -0.558594]","[-0.326322, 0.036832, -0.128308]","[0.139999, 0.150000, 0.363110]","[-0.895723, 0.085744, -0.364396]","[0.046387, -0.010742, 0.104980]","[-0.006561, 0.022919, 0.052673, 0.998322]","[-0.009613, 0.046906, 0.029022, 0.998413]","[-0.155518, 0.153320, -0.001465]","[[0.993347, 0.104858, -0.046448], [-0.105469, 0.994324, -0.010742], [0.044983, 0.015503, 0.998779]]",0.993347,"[8701, 8652, 8618, 8530]"
42.651405,"[0.066406, 0.289062, -0.554688]","[-0.362361, 0.040221, -0.143017]","[0.119999, 0.139999, 0.334126]","[-0.949321, 0.087702, -0.388727]","[0.050537, -0.009277, 0.103271]","[-0.005981, 0.025085, 0.051819, 0.998322]","[-0.008820, 0.048828, 0.028992, 0.998322]","[-0.013184, 0.323975, -0.020264]","[[0.993347, 0.103149, -0.050720], [-0.103760, 0.994507, -0.009399], [0.049377, 0.014526, 0.998596]]",0.993347,"[8741, 8686, 8632, 8515]"
42.684612,"[0.058594, 0.296875, -0.550781]","[-0.381157, 0.041941, -0.150727]","[0.099998, 0.129999, 0.280685]","[-0.975724, 0.088444, -0.400891]","[0.054443, -0.009766, 0.101807]","[-0.006348, 0.026978, 0.051086, 0.998322]","[-0.008789, 0.050293, 0.028992, 0.998260]","[0.158691, 0.060059, -0.045166]","[[0.993347, 0.101624, -0.054504], [-0.102356, 0.994690, -0.009949], [0.053162, 0.015442, 0.998474]]",0.993347,"[8754, 8685, 8613, 8552]"
42.717815,"[0.058594, 0.296875, -0.546875]","[-0.420288, 0.045418, -0.166861]","[0.099998, 0.150000, 0.252047]","[-1.027548, 0.089416, -0.425153]","[0.058594, -0.010254, 0.100342]","[-0.006622, 0.029053, 0.050354, 0.998291]","[-0.009308, 0.053345, 0.029053, 0.998108]","[-0.091309, -0.213623, -0.016357]","[[0.993225, 0.100098, -0.058655], [-0.100952, 0.994812, -0.010376], [0.057312, 0.016113, 0.998230]]",0.993225,"[8728, 8674, 8613, 8571]"
42.752972,"[0.066406, 0.308594, -0.550781]","[-0.461414, 0.048918, -0.183939]","[0.080000, 0.139999, 0.197660]","[-1.077793, 0.089661, -0.449234]","[0.062256, -0.009033, 0.098389]","[-0.006134, 0.030945, 0.049347, 0.998291]","[-0.009460, 0.056030, 0.029053, 0.997955]","[0.151611, -0.026367, -0.071289]","[[0.993225, 0.098083, -0.062378], [-0.098938, 0.995056, -0.009216], [0.061157, 0.015320, 0.997986]]",0.993225,"[8722, 8717, 8607, 8536]"
42.786175,"[0.078125, 0.308594, -0.550781]","[-0.504466, 0.052412, -0.201953]","[0.049999, 0.139999, 0.182718]","[-1.126150, 0.089125, -0.473027]","[0.066162, -0.009766, 0.096436]","[-0.006470, 0.032867, 0.048370, 0.998260]","[-0.009033, 0.058594, 0.029053, 0.997803]","[0.184082, -0.012939, -0.096680]","[[0.993103, 0.096130, -0.066284], [-0.096985, 0.995178, -0.009766], [0.064941, 0.016113, 0.997681]]",0.993103,"[8726, 8698, 8586, 8519]"
42.819378,"[0.078125, 0.316406, -0.554688]","[-0.526695, 0.054148, -0.211309]","[0.049999, 0.160000, 0.116722]","[-1.149535, 0.088549, -0.484787]","[0.071289, -0.010010, 0.094727]","[-0.006683, 0.035400, 0.047516, 0.998199]","[-0.010254, 0.061920, 0.029144, 0.997589]","[-0.085449, 0.161621, -0.070801]","[[0.992859, 0.094360, -0.071289], [-0.095337, 0.995300, -0.010010], [0.069946, 0.016724, 0.997253]]",0.992859,"[8737, 8698, 8589, 8555]"
42.852581,"[0.078125, 0.316406, -0.550781]","[-0.572480, 0.057574, -0.230698]","[0.019999, 0.129999, 0.092361]","[-1.194522, 0.086752, -0.507962]","[0.075928, -0.010986, 0.093262]","[-0.007233, 0.037750, 0.046814, 0.998169]","[-0.008606, 0.063812, 0.029053, 0.997498]","[-0.057617, 0.300293, -0.016357]","[[0.992737, 0.092896, -0.076050], [-0.093994, 0.995483, -0.010986], [0.074585, 0.017944, 0.997009]]",0.992737,"[8743, 8690, 8594, 8549]"
42.88578,"[0.078125, 0.328125, -0.562500]","[-0.619978, 0.060914, -0.250985]","[0.019999, 0.160000, 0.042021]","[-1.236927, 0.084062, -0.530605]","[0.080322, -0.010742, 0.092285]","[-0.007202, 0.039978, 0.046356, 0.998077]","[-0.010590, 0.067413, 0.029175, 0.997223]","[0.085693, 0.192871, 0.004395]","[[0.992371, 0.091919, -0.080444], [-0.093140, 0.995483, -0.010742], [0.079102, 0.018066, 0.996582]]",0.992371,"[8720, 8676, 8588, 8556]"
42.92094,"[0.078125, 0.328125, -0.562500]","[-0.669084, 0.064130, -0.272146]","[-0.009998, 0.129999, 0.009487]","[-1.276514, 0.080443, -0.552631]","[0.084473, -0.010498, 0.091553]","[-0.007263, 0.042023, 0.045990, 0.998016]","[-0.008820, 0.069550, 0.029083, 0.997101]","[-0.020752, 0.333984, 0.010742]","[[0.992126, 0.091125, -0.084534], [-0.092468, 0.995544, -0.010681], [0.083191, 0.018372, 0.996277]]",0.992126,"[8763, 8713, 8590, 8496]"
42.95414,"[0.066406, 0.339844, -0.566406]","[-0.694194, 0.065680, -0.283043]","[-0.039999, 0.139999, -0.020111]","[-1.295165, 0.078274, -0.563380]","[0.088623, -0.011475, 0.091064]","[-0.007812, 0.044006, 0.045837, 0.997925]","[-0.009979, 0.071289, 0.029175, 0.996948]","[-0.073730, 0.299316, 0.016357]","[[0.991821, 0.090698, -0.088562], [-0.092163, 0.995544, -0.011597], [0.087097, 0.019653, 0.995850]]",0.991821,"[8770, 8656, 8564, 8528]"
42.987347,"[0.066406, 0.347656, -0.566406]","[-0.745484, 0.068642, -0.305463]","[-0.070000, 0.150000, -0.040054]","[-1.330090, 0.073202, -0.584320]","[0.092773, -0.010742, 0.091064]","[-0.007538, 0.046143, 0.045837, 0.997833]","[-0.010651, 0.073517, 0.029205, 0.996796]","[0.133545, -0.030762, 0.012207]","[[0.991394, 0.090698, -0.092773], [-0.092163, 0.995544, -0.010864], [0.091309, 0.019287, 0.995483]]",0.991394,"[8754, 8680, 8582, 8509]"
43.020565,"[0.066406, 0.347656, -0.574219]","[-0.798068, 0.071386, -0.328684]","[-0.080000, 0.129999, -0.081585]","[-1.361651, 0.067133, -0.604436]","[0.096924, -0.011475, 0.091797]","[-0.008026, 0.048218, 0.046173, 0.997742]","[-0.009460, 0.076752, 0.029144, 0.996552]","[-0.025391, -0.059570, -0.003662]","[[0.991089, 0.091309, -0.096985], [-0.092896, 0.995605, -0.011658], [0.095398, 0.020447, 0.995178]]",0.991089,"[8753, 8674, 8583, 8492]"
43.055702,"[0.058594, 0.359375, -0.585938]","[-0.824811, 0.072665, -0.340588]","[-0.119999, 0.150000, -0.130556]","[-1.376122, 0.063718, -0.614168]","[0.100830, -0.010742, 0.092773]","[-0.007690, 0.050171, 0.046692, 0.997589]","[-0.011108, 0.078522, 0.029266, 0.996399]","[0.044678, -0.045654, -0.005371]","[[0.990417, 0.092346, -0.100830], [-0.093933, 0.995361, -0.010742], [0.099365, 0.020020, 0.994690]]",0.990417,"[8745, 8683, 8574, 8458]"
43.088924,"[0.058594, 0.359375, -0.593750]","[-0.879078, 0.075008, -0.364942]","[-0.139999, 0.139999, -0.170582]","[-1.402333, 0.056122, -0.632925]","[0.105469, -0.011475, 0.094238]","[-0.008179, 0.052429, 0.047424, 0.997437]","[-0.010406, 0.081177, 0.029236, 0.996185]","[-0.282715, 0.029541, 0.055176]","[[0.989868, 0.093689, -0.105347], [-0.095520, 0.995239, -0.011414], [0.103760, 0.021301, 0.994202]]",0.989868,"[8736, 8640, 8598, 8472]"
43.122108,"[0.046875, 0.367188, -0.601562]","[-0.934320, 0.077035, -0.390022]","[-0.160000, 0.129999, -0.213327]","[-1.424793, 0.047490, -0.650707]","[0.109131, -0.012207, 0.095703]","[-0.008667, 0.054199, 0.048187, 0.997345]","[-0.010468, 0.083740, 0.029236, 0.996002]","[0.209229, 0.248779, 0.049805]","[[0.989502, 0.095093, -0.108948], [-0.097046, 0.995239, -0.012146], [0.107239, 0.022522, 0.994019]]",0.989502,"[8791, 8627, 8533, 8455]"
43.155315,"[0.046875, 0.367188, -0.613281]","[-0.990351, 0.078705, -0.415770]","[-0.219999, 0.150000, -0.271746]","[-1.443378, 0.037823, -0.667449]","[0.112061, -0.011963, 0.097900]","[-0.008667, 0.055756, 0.049255, 0.997192]","[-0.011261, 0.084595, 0.029327, 0.995911]","[-0.154541, 0.062012, 0.120605]","[[0.988892, 0.097229, -0.112000], [-0.099182, 0.994934, -0.011902], [0.110291, 0.022766, 0.993591]]",0.988892,"[8750, 8649, 8532, 8414]"
43.190472,"[0.039062, 0.378906, -0.625000]","[-1.018610, 0.079393, -0.428880]","[-0.209999, 0.129999, -0.291937]","[-1.451174, 0.032602, -0.675411]","[0.116211, -0.011475, 0.100342]","[-0.008698, 0.057770, 0.050507, 0.997040]","[-0.011139, 0.088867, 0.029327, 0.995544]","[0.118164, 0.114258, 0.131348]","[[0.988281, 0.099670, -0.116089], [-0.101746, 0.994812, -0.011597], [0.114258, 0.023193, 0.993225]]",0.988281,"[8761, 8620, 8525, 8412]"
43.221737,"[0.039062, 0.378906, -0.628906]","[-1.075560, 0.080451, -0.455564]","[-0.289999, 0.139999, -0.296124]","[-1.463768, 0.021383, -0.690511]","[0.119873, -0.012939, 0.102783]","[-0.009491, 0.059509, 0.051758, 0.996826]","[-0.012604, 0.088776, 0.029449, 0.995514]","[0.036377, 0.125244, 0.023193]","[[0.987427, 0.101990, -0.119629], [-0.104309, 0.994385, -0.012878], [0.117554, 0.025085, 0.992615]]",0.987427,"[8785, 8611, 8495, 8390]"
43.256878,"[0.019531, 0.386719, -0.644531]","[-1.132911, 0.081050, -0.482811]","[-0.279999, 0.119999, -0.353577]","[-1.472260, 0.009142, -0.704460]","[0.123535, -0.011963, 0.105713]","[-0.009308, 0.061371, 0.053162, 0.996643]","[-0.013214, 0.092438, 0.029541, 0.995178]","[0.027832, 0.051270, 0.055176]","[[0.986694, 0.104797, -0.123352], [-0.107117, 0.994080, -0.012085], [0.121277, 0.025024, 0.992188]]",0.986694,"[8761, 8621, 8537, 8354]"
43.292034,"[0.007812, 0.386719, -0.656250]","[-1.190526, 0.081152, -0.510585]","[-0.309999, 0.109999, -0.383167]","[-1.476608, -0.004115, -0.717224]","[0.127197, -0.012695, 0.108643]","[-0.009827, 0.063202, 0.054626, 0.996429]","[-0.013641, 0.094513, 0.029572, 0.994965]","[0.030518, -0.070801, 0.064209]","[[0.985901, 0.107544, -0.127014], [-0.110107, 0.993652, -0.012695], [0.124817, 0.026489, 0.991638]]",0.985901,"[8776, 8604, 8494, 8357]"
43.323284,"[0.000000, 0.386719, -0.660156]","[-1.219370, 0.081004, -0.524649]","[-0.389999, 0.139999, -0.394890]","[-1.477214, -0.011115, -0.723152]","[0.129883, -0.012207, 0.110840]","[-0.009766, 0.064484, 0.055786, 0.996307]","[-0.015228, 0.094086, 0.029724, 0.994995]","[-0.006348, 0.340332, 0.081787]","[[0.985413, 0.109863, -0.129578], [-0.112427, 0.993530, -0.012329], [0.127380, 0.026611, 0.991394]]",0.985413,"[8786, 8591, 8493, 8307]"
43.358437,"[-0.007812, 0.398438, -0.675781]","[-1.277046, 0.080285, -0.553114]","[-0.379999, 0.109999, -0.449240]","[-1.475273, -0.025853, -0.734084]","[0.132324, -0.012207, 0.113525]","[-0.009888, 0.065765, 0.057068, 0.996124]","[-0.014496, 0.098206, 0.029694, 0.994598]","[0.077148, 0.342529, 0.058350]","[[0.984680, 0.112305, -0.132141], [-0.114990, 0.993103, -0.012268], [0.129822, 0.027161, 0.990967]]",0.98468,"[8744, 8608, 8466, 8273]"
43.391644,"[-0.027344, 0.398438, -0.687500]","[-1.334575, 0.078971, -0.581986]","[-0.469999, 0.119999, -0.466785]","[-1.469114, -0.041554, -0.743757]","[0.134521, -0.013672, 0.115479]","[-0.010742, 0.066742, 0.058136, 0.996033]","[-0.015137, 0.096771, 0.029724, 0.994720]","[-0.065674, -0.064453, 0.069580]","[[0.984314, 0.114319, -0.134216], [-0.117249, 0.992981, -0.013672], [0.131653, 0.029175, 0.990845]]",0.984314,"[8761, 8590, 8439, 8292]"
43.424843,"[-0.046875, 0.406250, -0.699219]","[-1.363226, 0.078080, -0.596555]","[-0.439999, 0.099998, -0.459099]","[-1.464452, -0.049754, -0.748116]","[0.137451, -0.014160, 0.117188]","[-0.011047, 0.068146, 0.058960, 0.995880]","[-0.014648, 0.100891, 0.029724, 0.994324]","[-0.112549, 0.130615, 0.034912]","[[0.983704, 0.115906, -0.137024], [-0.118958, 0.992798, -0.014038], [0.134338, 0.030029, 0.990417]]",0.983704,"[8731, 8584, 8430, 8284]"
43.45805,"[-0.058594, 0.406250, -0.710938]","[-1.420207, 0.075805, -0.625937]","[-0.480000, 0.089998, -0.480322]","[-1.451981, -0.066837, -0.755870]","[0.139648, -0.015137, 0.119385]","[-0.011719, 0.069244, 0.060089, 0.995728]","[-0.014374, 0.101959, 0.029694, 0.994232]","[-0.021240, -0.082520, 0.082275]","[[0.983154, 0.117981, -0.139343], [-0.121277, 0.992493, -0.015076], [0.136414, 0.031677, 0.990112]]",0.983154,"[8809, 8588, 8386, 8261]"
43.493202,"[-0.078125, 0.417969, -0.722656]","[-1.476606, 0.072847, -0.655590]","[-0.589998, 0.099998, -0.504715]","[-1.435299, -0.084803, -0.762315]","[0.142334, -0.014648, 0.121826]","[-0.011688, 0.070557, 0.061340, 0.995544]","[-0.016022, 0.099701, 0.029846, 0.994415]","[0.014893, -0.106445, 0.095703]","[[0.982422, 0.120422, -0.141907], [-0.123840, 0.992126, -0.014709], [0.138977, 0.031921, 0.989685]]",0.982422,"[8784, 8570, 8389, 8251]"
43.526413,"[-0.089844, 0.417969, -0.734375]","[-1.532279, 0.069169, -0.685474]","[-0.549999, 0.089998, -0.494146]","[-1.414437, -0.103619, -0.767436]","[0.144531, -0.013672, 0.124023]","[-0.011353, 0.071686, 0.062408, 0.995422]","[-0.015747, 0.104431, 0.029846, 0.993927]","[-0.098633, 0.258789, 0.058838]","[[0.981934, 0.122559, -0.144165], [-0.125854, 0.991943, -0.013733], [0.141235, 0.031555, 0.989441]]",0.981934,"[8744, 8557, 8444, 8224]"
43.559608,"[-0.117188, 0.417969, -0.750000]","[-1.559781, 0.067051, -0.700479]","[-0.669998, 0.099998, -0.527222]","[-1.402473, -0.113331, -0.769499]","[0.145752, -0.013428, 0.126709]","[-0.011261, 0.072296, 0.063690, 0.995300]","[-0.016693, 0.100586, 0.029907, 0.994324]","[0.165527, 0.056885, 0.118408]","[[0.981445, 0.125122, -0.145325], [-0.128418, 0.991638, -0.013306], [0.142395, 0.031616, 0.989258]]",0.981445,"[8775, 8590, 8406, 8198]"
43.592815,"[-0.136719, 0.417969, -0.757812]","[-1.614060, 0.062237, -0.730606]","[-0.619999, 0.080000, -0.515707]","[-1.375399, -0.133345, -0.772605]","[0.146484, -0.014160, 0.128906]","[-0.011810, 0.072601, 0.064911, 0.995178]","[-0.016174, 0.105530, 0.029907, 0.993805]","[-0.137939, -0.018311, 0.006348]","[[0.980957, 0.127380, -0.146057], [-0.130920, 0.991211, -0.014160], [0.142883, 0.032959, 0.989136]]",0.980957,"[8746, 8574, 8422, 8208]"
43.626019,"[-0.156250, 0.429688, -0.773438]","[-1.667193, 0.056625, -0.760824]","[-0.649998, 0.070000, -0.582397]","[-1.344282, -0.154105, -0.774369]","[0.146484, -0.014893, 0.131836]","[-0.012299, 0.072601, 0.066284, 0.995087]","[-0.016876, 0.106537, 0.029999, 0.993683]","[0.094727, 0.129883, 0.057373]","[[0.980591, 0.130066, -0.146118], [-0.133728, 0.990845, -0.014954], [0.142822, 0.034119, 0.989075]]",0.980591,"[8824, 8548, 8304, 8144]"
43.659222,"[-0.187500, 0.429688, -0.785156]","[-1.693285, 0.053509, -0.775956]","[-0.789999, 0.080000, -0.579723]","[-1.327192, -0.164754, -0.774733]","[0.147461, -0.014893, 0.133545]","[-0.012329, 0.073059, 0.067230, 0.994995]","[-0.018005, 0.101105, 0.030060, 0.994232]","[-0.235840, 0.178955, 0.054199]","[[0.980225, 0.131897, -0.147095], [-0.135559, 0.990601, -0.014771], [0.143677, 0.034302, 0.989014]]",0.980225,"[8734, 8547, 8306, 8114]"
43.694393,"[-0.207031, 0.437500, -0.800781]","[-1.744402, 0.046652, -0.806211]","[-0.729998, 0.070000, -0.624811]","[-1.290026, -0.186548, -0.774439]","[0.148193, -0.012695, 0.135742]","[-0.011383, 0.073547, 0.068146, 0.994873]","[-0.018677, 0.106476, 0.030182, 0.993652]","[0.186279, 0.035645, 0.080566]","[[0.979736, 0.133850, -0.147888], [-0.137268, 0.990295, -0.012695], [0.144714, 0.032715, 0.988770]]",0.979736,"[8672, 8509, 8354, 8142]"
43.727577,"[-0.238281, 0.429688, -0.816406]","[-1.794010, 0.038929, -0.836434]","[-0.869999, 0.059999, -0.630663]","[-1.248907, -0.208977, -0.772760]","[0.149170, -0.012939, 0.136963]","[-0.011536, 0.074005, 0.068756, 0.994843]","[-0.018372, 0.100861, 0.030090, 0.994263]","[0.015625, -0.019287, 0.050293]","[[0.979614, 0.135071, -0.148804], [-0.138489, 0.990295, -0.012878], [0.145630, 0.033142, 0.988770]]",0.979614,"[8702, 8550, 8338, 8106]"
43.760784,"[-0.269531, 0.437500, -0.828125]","[-1.841932, 0.030316, -0.866571]","[-0.789999, 0.049999, -0.615431]","[-1.203880, -0.231992, -0.769701]","[0.149170, -0.015381, 0.138184]","[-0.012909, 0.073853, 0.069550, 0.994751]","[-0.019073, 0.105865, 0.030212, 0.993713]","[0.049561, -0.089600, 0.022217]","[[0.979309, 0.136414, -0.148743], [-0.140320, 0.989868, -0.015442], [0.145081, 0.035950, 0.988647]]",0.979309,"[8728, 8458, 8289, 8166]"
43.795937,"[-0.296875, 0.437500, -0.843750]","[-1.865207, 0.025673, -0.881582]","[-0.829998, 0.039999, -0.593983]","[-1.179956, -0.243695, -0.767657]","[0.147949, -0.013672, 0.139160]","[-0.012024, 0.073334, 0.069946, 0.994751]","[-0.019318, 0.105408, 0.030243, 0.993774]","[0.077148, -0.408936, 0.022705]","[[0.979248, 0.137329, -0.147583], [-0.140869, 0.989746, -0.013672], [0.144165, 0.034180, 0.988770]]",0.979248,"[8676, 8551, 8276, 8014]"
43.829144,"[-0.328125, 0.437500, -0.855469]","[-1.910322, 0.015691, -0.911470]","[-0.989998, 0.059999, -0.612415]","[-1.129217, -0.267490, -0.762488]","[0.149902, -0.011963, 0.139648]","[-0.011139, 0.074280, 0.070099, 0.994720]","[-0.021362, 0.098541, 0.030365, 0.994415]","[-0.137451, 0.260254, -0.058594]","[[0.979126, 0.137695, -0.149353], [-0.141113, 0.989868, -0.011841], [0.146179, 0.032593, 0.988708]]",0.979126,"[8653, 8577, 8325, 8029]"
43.862347,"[-0.359375, 0.437500, -0.867188]","[-1.953387, 0.004768, -0.941135]","[-0.899998, 0.039999, -0.622869]","[-1.074808, -0.291732, -0.755929]","[0.148193, -0.013428, 0.140381]","[-0.011902, 0.073425, 0.070526, 0.994720]","[-0.021179, 0.103882, 0.030426, 0.993866]","[0.114502, 0.020264, 0.022217]","[[0.979126, 0.138489, -0.147766], [-0.142029, 0.989624, -0.013367], [0.144348, 0.033997, 0.988770]]",0.979126,"[8671, 8530, 8303, 8064]"
43.89555,"[-0.398438, 0.437500, -0.875000]","[-1.974103, -0.001048, -0.955863]","[-1.059998, 0.029999, -0.609488]","[-1.046247, -0.304006, -0.752131]","[0.145752, -0.014160, 0.140869]","[-0.012268, 0.072235, 0.070831, 0.994812]","[-0.022034, 0.096130, 0.030396, 0.994629]","[-0.062012, -0.008789, 0.000488]","[[0.979492, 0.139038, -0.145447], [-0.142700, 0.989624, -0.014221], [0.141907, 0.034607, 0.989258]]",0.979492,"[8713, 8556, 8240, 8013]"
43.928749,"[-0.429688, 0.449219, -0.890625]","[-2.013800, -0.013407, -0.985072]","[-0.969997, 0.019999, -0.631426]","[-0.986446, -0.328822, -0.743462]","[0.143555, -0.014160, 0.141602]","[-0.012146, 0.071045, 0.071136, 0.994843]","[-0.022980, 0.101013, 0.030579, 0.994141]","[0.080322, -0.211426, 0.033936]","[[0.979614, 0.139709, -0.143066], [-0.143250, 0.989441, -0.014099], [0.139526, 0.034241, 0.989441]]",0.979614,"[8665, 8526, 8241, 8021]"
43.963913,"[-0.457031, 0.449219, -0.902344]","[-2.051098, -0.026742, -1.013919]","[-0.989998, 0.019999, -0.610664]","[-0.923233, -0.353936, -0.733425]","[0.140869, -0.012695, 0.142334]","[-0.011353, 0.069855, 0.071442, 0.994934]","[-0.023956, 0.100433, 0.030670, 0.994171]","[-0.149658, 0.100098, 0.002197]","[[0.979980, 0.140564, -0.140625], [-0.143738, 0.989441, -0.012695], [0.137329, 0.032593, 0.989929]]",0.97998,"[8648, 8573, 8247, 7911]"
43.997116,"[-0.500000, 0.437500, -0.914062]","[-2.085897, -0.041063, -1.042357]","[-1.169998, 0.019999, -0.625780]","[-0.856647, -0.379293, -0.722003]","[0.139160, -0.014160, 0.143066]","[-0.011993, 0.068939, 0.071838, 0.994965]","[-0.024719, 0.091461, 0.030579, 0.995026]","[-0.215820, -0.209961, 0.103027]","[[0.980103, 0.141235, -0.138916], [-0.144653, 0.989319, -0.014038], [0.135376, 0.033813, 0.990173]]",0.980103,"[8655, 8557, 8223, 7940]"
44.030312,"[-0.527344, 0.449219, -0.925781]","[-2.102294, -0.048595, -1.056407]","[-1.049997, 0.009998, -0.662745]","[-0.822136, -0.392056, -0.715764]","[0.135498, -0.016357, 0.143555]","[-0.013000, 0.066986, 0.072174, 0.995056]","[-0.026123, 0.097229, 0.030823, 0.994415]","[0.188477, -0.030518, -0.069092]","[[0.980530, 0.141846, -0.135193], [-0.145386, 0.989197, -0.016235], [0.131409, 0.035522, 0.990601]]",0.98053,"[8660, 8426, 8167, 8010]"
44.063534,"[-0.566406, 0.449219, -0.937500]","[-2.133028, -0.064410, -1.084098]","[-1.239998, 0.009998, -0.693703]","[-0.750961, -0.417639, -0.702326]","[0.131592, -0.013184, 0.144531]","[-0.011383, 0.065125, 0.072601, 0.995148]","[-0.027649, 0.087311, 0.030762, 0.995300]","[-0.133301, -0.300781, -0.037842]","[[0.980835, 0.142944, -0.131287], [-0.145996, 0.989014, -0.013306], [0.127869, 0.032104, 0.991089]]",0.980835,"[8576, 8596, 8186, 7780]"
44.096722,"[-0.609375, 0.437500, -0.949219]","[-2.160917, -0.081221, -1.111248]","[-1.109999, 0.000000, -0.705557]","[-0.676876, -0.443289, -0.687584]","[0.129395, -0.015625, 0.145508]","[-0.012482, 0.063995, 0.073181, 0.995178]","[-0.027588, 0.092651, 0.030884, 0.994812]","[-0.229980, -0.041748, 0.068359]","[[0.981018, 0.143982, -0.129150], [-0.147278, 0.988892, -0.015564], [0.125488, 0.034241, 0.991394]]",0.981018,"[8553, 8464, 8183, 7830]"
44.129925,"[-0.648438, 0.449219, -0.960938]","[-2.173807, -0.090010, -1.124623]","[-1.129997, 0.000000, -0.641256]","[-0.638943, -0.456107, -0.679755]","[0.125488, -0.018555, 0.145752]","[-0.013824, 0.061859, 0.073303, 0.995300]","[-0.029724, 0.090546, 0.031036, 0.994934]","[0.132568, 0.109131, 0.008545]","[[0.981567, 0.144104, -0.125183], [-0.147644, 0.988831, -0.018494], [0.121033, 0.036560, 0.991943]]",0.981567,"[8683, 8438, 8040, 7888]"
44.165077,"[-0.687500, 0.449219, -0.964844]","[-2.197247, -0.108321, -1.150848]","[-1.319998, 0.000000, -0.612225]","[-0.561128, -0.481669, -0.663176]","[0.123291, -0.018311, 0.146240]","[-0.013702, 0.060760, 0.073578, 0.995331]","[-0.031647, 0.080261, 0.030945, 0.995789]","[-0.132812, -0.147705, 0.037598]","[[0.981689, 0.144714, -0.122986], [-0.148132, 0.988647, -0.018372], [0.118835, 0.036194, 0.992126]]",0.981689,"[8560, 8506, 8155, 7804]"
44.19828,"[-0.726562, 0.449219, -0.976562]","[-2.217610, -0.127633, -1.176411]","[-1.179998, -0.009998, -0.598709]","[-0.481123, -0.507076, -0.645448]","[0.120605, -0.022949, 0.147217]","[-0.015961, 0.059387, 0.074158, 0.995331]","[-0.032440, 0.085388, 0.031158, 0.995300]","[-0.170410, -0.049805, 0.034912]","[[0.981812, 0.145630, -0.120544], [-0.149536, 0.988342, -0.023010], [0.115784, 0.040588, 0.992310]]",0.981812,"[8585, 8385, 8165, 7943]"
44.231487,"[-0.777344, 0.449219, -0.984375]","[-2.234810, -0.147933, -1.201260]","[-1.369997, -0.009998, -0.569416]","[-0.399222, -0.532232, -0.626639]","[0.116211, -0.024414, 0.147705]","[-0.016541, 0.057098, 0.074402, 0.995453]","[-0.034149, 0.074005, 0.030975, 0.996185]","[-0.014893, -0.059814, -0.055908]","[[0.982300, 0.146179, -0.116150], [-0.149963, 0.988281, -0.024475], [0.111145, 0.041443, 0.992859]]",0.9823,"[8618, 8484, 8083, 7781]"
44.264694,"[-0.816406, 0.449219, -0.996094]","[-2.242203, -0.158452, -1.213406]","[-1.219997, -0.019999, -0.586378]","[-0.357637, -0.544691, -0.616845]","[0.111816, -0.025391, 0.148682]","[-0.016785, 0.054779, 0.074890, 0.995544]","[-0.035309, 0.079285, 0.031219, 0.995728]","[0.111816, -0.287598, 0.085938]","[[0.982727, 0.147217, -0.111633], [-0.151001, 0.988159, -0.025269], [0.106506, 0.041626, 0.993347]]",0.982727,"[8549, 8468, 8158, 7834]"
44.299862,"[-0.859375, 0.449219, -1.003906]","[-2.254533, -0.180211, -1.237108]","[-1.229998, -0.019999, -0.542141]","[-0.273397, -0.569312, -0.596528]","[0.108154, -0.030518, 0.149414]","[-0.019287, 0.052826, 0.075378, 0.995575]","[-0.036987, 0.076538, 0.031281, 0.995880]","[-0.318848, 0.077148, 0.040771]","[[0.983032, 0.148010, -0.108093], [-0.152161, 0.987854, -0.030518], [0.102234, 0.046387, 0.993652]]",0.983032,"[8657, 8445, 8072, 7882]"
44.333046,"[-0.906250, 0.437500, -1.011719]","[-2.263546, -0.202921, -1.259995]","[-1.429998, -0.029999, -0.459358]","[-0.187932, -0.593469, -0.575284]","[0.104492, -0.032959, 0.149902]","[-0.020386, 0.050903, 0.075775, 0.995605]","[-0.038025, 0.064117, 0.030945, 0.996735]","[0.029785, -0.496094, 0.039062]","[[0.983215, 0.148743, -0.104431], [-0.153015, 0.987549, -0.032959], [0.098206, 0.048340, 0.993896]]",0.983215,"[8630, 8468, 8110, 7867]"
44.366249,"[-0.957031, 0.437500, -1.019531]","[-2.269202, -0.226571, -1.282042]","[-1.269999, -0.029999, -0.475172]","[-0.101468, -0.617091, -0.553163]","[0.101318, -0.033936, 0.151367]","[-0.020691, 0.049347, 0.076385, 0.995636]","[-0.040039, 0.062103, 0.031006, 0.996765]","[-0.131592, -0.216797, 0.066406]","[[0.983398, 0.150024, -0.101379], [-0.154175, 0.987366, -0.033752], [0.095032, 0.048767, 0.994202]]",0.983398,"[8502, 8428, 8247, 7902]"
44.401424,"[-1.000000, 0.449219, -1.027344]","[-2.270759, -0.238732, -1.292732]","[-1.469997, -0.039999, -0.502035]","[-0.057976, -0.628666, -0.541801]","[0.093506, -0.040039, 0.153076]","[-0.023560, 0.045105, 0.077362, 0.995697]","[-0.043121, 0.030945, 0.029999, 0.998138]","[-0.266846, -0.477539, 0.037598]","[[0.983887, 0.151917, -0.093445], [-0.156189, 0.986816, -0.039978], [0.086121, 0.053894, 0.994751]]",0.983887,"[8583, 8303, 8160, 7953]"
44.434608,"[-1.039062, 0.437500, -1.035156]","[-2.271317, -0.263734, -1.313443]","[-1.289997, -0.049999, -0.455566]","[0.029454, -0.651322, -0.518490]","[0.080322, -0.043457, 0.154785]","[-0.024841, 0.038391, 0.078247, 0.995880]","[-0.043854, 0.027191, 0.029846, 0.998199]","[-0.234131, -0.182861, 0.009033]","[[0.984741, 0.153870, -0.080322], [-0.157776, 0.986450, -0.043518], [0.072510, 0.055481, 0.995728]]",0.984741,"[8547, 8297, 8214, 7922]"
44.469765,"[-1.089844, 0.437500, -1.042969]","[-2.268453, -0.289610, -1.333231]","[-1.479998, -0.070000, -0.433033]","[0.117234, -0.673241, -0.494456]","[0.059814, -0.045410, 0.157227]","[-0.025055, 0.028107, 0.079193, 0.996155]","[-0.045197, 0.014740, 0.029358, 0.998413]","[0.068848, -0.976562, 0.123779]","[[0.985840, 0.156311, -0.059998], [-0.159241, 0.986145, -0.045532], [0.051941, 0.054321, 0.997131]]",0.98584,"[8678, 8518, 8084, 7759]"
44.502972,"[-1.136719, 0.437500, -1.046875]","[-2.262156, -0.316326, -1.352068]","[-1.299997, -0.070000, -0.419054]","[0.205106, -0.694348, -0.469760]","[0.047363, -0.051514, 0.160400]","[-0.027649, 0.021606, 0.080780, 0.996124]","[-0.047119, 0.020172, 0.029633, 0.998230]","[-0.347412, -0.329102, 0.091797]","[[0.986023, 0.159668, -0.047546], [-0.162109, 0.985413, -0.051636], [0.038513, 0.058594, 0.997498]]",0.986023,"[8638, 8399, 8074, 7765]"
44.53619,"[-1.179688, 0.437500, -1.054688]","[-2.257723, -0.329982, -1.361116]","[-1.469997, -0.089998, -0.478333]","[0.248977, -0.704569, -0.457189]","[0.034180, -0.057129, 0.163086]","[-0.029907, 0.014709, 0.082001, 0.996063]","[-0.048309, 0.008606, 0.029114, 0.998352]","[-0.256348, 0.095215, 0.043945]","[[0.986023, 0.162415, -0.034241], [-0.164246, 0.984680, -0.057251], [0.024353, 0.062012, 0.997681]]",0.986023,"[8717, 8414, 7993, 7720]"
44.569374,"[-1.226562, 0.429688, -1.058594]","[-2.246286, -0.357893, -1.378478]","[-1.289997, -0.089998, -0.453781]","[0.336515, -0.724318, -0.431617]","[0.024658, -0.060547, 0.166260]","[-0.031219, 0.009796, 0.083527, 0.995972]","[-0.049866, 0.013550, 0.029358, 0.998230]","[-0.115479, -0.456299, 0.056152]","[[0.985779, 0.165649, -0.024719], [-0.166992, 0.984070, -0.060608], [0.014221, 0.063782, 0.997803]]",0.985779,"[8569, 8322, 8059, 7736]"
44.602577,"[-1.269531, 0.429688, -1.066406]","[-2.231440, -0.386557, -1.394830]","[-1.279999, -0.089998, -0.506908]","[0.423530, -0.743076, -0.405535]","[0.014404, -0.066406, 0.170166]","[-0.033783, 0.004333, 0.085205, 0.995789]","[-0.052185, 0.010193, 0.029236, 0.998138]","[-0.087891, -0.524414, 0.084473]","[[0.985413, 0.169373, -0.014404], [-0.169983, 0.983154, -0.066589], [0.002808, 0.068054, 0.997620]]",0.985413,"[8651, 8335, 8003, 7680]"
