t,p,p_d,v,v_d,Angles,q,q_sp,w,R,T_sp,rpm
70.584541,"[-0.199219, 0.347656, -0.777344]","[-0.000000, 0.000000, -0.000000]","[0.000000, 0.009998, 0.089466]","[-0.000013, 0.000003, -0.000002]","[0.011719, -0.012695, 0.215332]","[-0.006958, 0.005219, 0.107605, 0.994141]","[-0.001190, 0.000122, 0.101624, 0.994812]","[0.142090, -0.246094, 0.248047]","[[0.976685, 0.213806, -0.011841], [-0.214050, 0.976624, -0.012756], [0.008789, 0.014954, 0.999756]]",0.976685,"[8085, 7964, 7974, 7829]"
70.686104,"[-0.199219, 0.347656, -0.773438]","[-0.000020, 0.000004, -0.000003]","[0.009998, 0.019999, 0.196350]","[-0.000619, 0.000115, -0.000093]","[-0.004150, -0.006104, 0.238525]","[-0.002777, -0.002502, 0.119080, 0.992859]","[-0.001495, 0.000763, 0.101624, 0.994812]","[0.228760, -0.179199, 0.278320]","[[0.971497, 0.236450, 0.004333], [-0.236450, 0.971497, -0.006165], [-0.005676, 0.004944, 0.999817]]",0.971497,"[8133, 8009, 7989, 7803]"
70.754456,"[-0.199219, 0.347656, -0.765625]","[-0.000141, 0.000026, -0.000021]","[0.019999, 0.039999, 0.282585]","[-0.002893, 0.000535, -0.000436]","[-0.008301, -0.005127, 0.254150]","[-0.001984, -0.004456, 0.126831, 0.991913]","[-0.002411, 0.001465, 0.101624, 0.994812]","[-0.015869, -0.395752, 0.281738]","[[0.967773, 0.251587, 0.008301], [-0.251587, 0.967773, -0.005127], [-0.009399, 0.002808, 0.999939]]",0.967773,"[8197, 7995, 8071, 7822]"
70.820862,"[-0.199219, 0.347656, -0.753906]","[-0.000410, 0.000076, -0.000062]","[0.029999, 0.039999, 0.299978]","[-0.006647, 0.001220, -0.001005]","[-0.010254, -0.004150, 0.270264]","[-0.001404, -0.005432, 0.134766, 0.990875]","[-0.002350, 0.002197, 0.101624, 0.994812]","[-0.004150, -0.103027, 0.169434]","[[0.963623, 0.267029, 0.010376], [-0.267029, 0.963623, -0.004272], [-0.011230, 0.001343, 0.999939]]",0.963623,"[8236, 7979, 8113, 7808]"
70.85408,"[-0.199219, 0.347656, -0.746094]","[-0.000741, 0.000136, -0.000112]","[0.049999, 0.049999, 0.325249]","[-0.010526, 0.001924, -0.001594]","[-0.011963, -0.004395, 0.278076]","[-0.001312, -0.006256, 0.138702, 0.990326]","[-0.002716, 0.003204, 0.101624, 0.994812]","[0.134521, -0.097656, 0.255127]","[[0.961487, 0.274719, 0.012085], [-0.274719, 0.961548, -0.004395], [-0.012817, 0.000854, 0.999939]]",0.961487,"[8279, 7957, 8107, 7824]"
70.887276,"[-0.199219, 0.347656, -0.742188]","[-0.000970, 0.000178, -0.000147]","[0.039999, 0.059999, 0.349451]","[-0.012959, 0.002363, -0.001964]","[-0.011719, -0.002930, 0.286133]","[-0.000671, -0.006042, 0.142670, 0.989746]","[-0.003387, 0.002777, 0.101624, 0.994781]","[-0.004883, -0.044434, 0.282715]","[[0.959167, 0.282410, 0.011719], [-0.282410, 0.959229, -0.003113], [-0.012207, -0.000427, 0.999817]]",0.959167,"[8281, 7987, 8175, 7817]"
70.922424,"[-0.187500, 0.359375, -0.730469]","[-0.001588, 0.000291, -0.000240]","[0.059999, 0.059999, 0.377115]","[-0.018951, 0.003438, -0.002876]","[-0.011719, -0.002930, 0.294678]","[-0.000641, -0.006073, 0.146881, 0.989105]","[-0.003937, 0.004547, 0.101624, 0.994781]","[-0.005859, -0.012451, 0.283203]","[[0.956604, 0.290527, 0.011780], [-0.290527, 0.956665, -0.003113], [-0.012268, -0.000549, 0.999695]]",0.956604,"[8284, 7984, 8203, 7848]"
70.955627,"[-0.187500, 0.359375, -0.722656]","[-0.002472, 0.000450, -0.000375]","[0.070000, 0.059999, 0.419643]","[-0.026608, 0.004802, -0.004046]","[-0.012207, -0.002686, 0.302246]","[-0.000427, -0.006287, 0.150604, 0.988586]","[-0.003876, 0.005157, 0.101624, 0.994781]","[0.185791, 0.026123, 0.196045]","[[0.954590, 0.297729, 0.012268], [-0.297729, 0.954651, -0.002808], [-0.012634, -0.001099, 0.999939]]",0.95459,"[8338, 8023, 8206, 7831]"
70.988831,"[-0.179688, 0.359375, -0.710938]","[-0.003691, 0.000670, -0.000560]","[0.070000, 0.070000, 0.467121]","[-0.036124, 0.006484, -0.005503]","[-0.011230, -0.002686, 0.309326]","[-0.000458, -0.005798, 0.154114, 0.988037]","[-0.004303, 0.005829, 0.101624, 0.994781]","[-0.031982, 0.211670, 0.210205]","[[0.952393, 0.304504, 0.011292], [-0.304504, 0.952454, -0.002747], [-0.011658, -0.000916, 0.999878]]",0.952393,"[8374, 8037, 8252, 7870]"
71.023987,"[-0.179688, 0.359375, -0.699219]","[-0.004450, 0.000806, -0.000676]","[0.089998, 0.089998, 0.497955]","[-0.041636, 0.007453, -0.006348]","[-0.010498, -0.002197, 0.316895]","[-0.000275, -0.005402, 0.157867, 0.987457]","[-0.005157, 0.007019, 0.101654, 0.994751]","[0.120850, -0.221680, 0.190674]","[[0.950134, 0.311768, 0.010559], [-0.311768, 0.950134, -0.002258], [-0.010803, -0.001160, 0.999939]]",0.950134,"[8376, 8036, 8295, 7890]"
71.05719,"[-0.179688, 0.367188, -0.687500]","[-0.006316, 0.001139, -0.000961]","[0.080000, 0.089998, 0.481428]","[-0.054268, 0.009658, -0.008291]","[-0.007568, -0.003662, 0.323975]","[-0.001282, -0.004089, 0.161346, 0.986908]","[-0.005676, 0.006714, 0.101654, 0.994751]","[-0.413086, 0.223389, 0.118896]","[[0.947937, 0.318420, 0.007690], [-0.318420, 0.947937, -0.003906], [-0.008545, 0.001221, 1.000000]]",0.947937,"[8399, 8035, 8337, 7920]"
71.090393,"[-0.179688, 0.367188, -0.671875]","[-0.008719, 0.001565, -0.001328]","[0.109999, 0.109999, 0.495432]","[-0.069165, 0.012236, -0.010588]","[-0.007324, -0.002930, 0.330566]","[-0.000916, -0.003906, 0.164642, 0.986359]","[-0.006470, 0.008636, 0.101654, 0.994751]","[0.017578, -0.329590, 0.209229]","[[0.945801, 0.324768, 0.007446], [-0.324768, 0.945801, -0.003174], [-0.008057, 0.000488, 1.000000]]",0.945801,"[8378, 8073, 8386, 7906]"
71.123596,"[-0.179688, 0.367188, -0.660156]","[-0.010150, 0.001818, -0.001547]","[0.089998, 0.099998, 0.533766]","[-0.077502, 0.013669, -0.011876]","[-0.006104, -0.003174, 0.337402]","[-0.001099, -0.003296, 0.167938, 0.985779]","[-0.006195, 0.007721, 0.101654, 0.994751]","[0.088867, 0.192627, 0.237549]","[[0.943481, 0.331055, 0.006104], [-0.331055, 0.943481, -0.003357], [-0.006958, 0.001038, 0.999878]]",0.943481,"[8455, 8065, 8354, 7925]"
71.156799,"[-0.156250, 0.386719, -0.648438]","[-0.013531, 0.002412, -0.002066]","[0.099998, 0.109999, 0.573475]","[-0.096019, 0.016827, -0.014745]","[-0.004395, -0.004883, 0.343262]","[-0.002075, -0.002625, 0.170898, 0.985260]","[-0.007416, 0.010071, 0.101685, 0.994720]","[-0.070557, 0.055908, 0.142822]","[[0.941467, 0.336731, 0.004456], [-0.336731, 0.941467, -0.005005], [-0.005920, 0.003174, 0.999878]]",0.941467,"[8469, 8049, 8384, 7950]"
71.190002,"[-0.156250, 0.386719, -0.636719]","[-0.017685, 0.003138, -0.002705]","[0.119999, 0.119999, 0.554970]","[-0.117064, 0.020379, -0.018016]","[-0.002441, -0.003906, 0.349121]","[-0.001740, -0.001556, 0.173737, 0.984802]","[-0.007904, 0.011353, 0.101685, 0.994690]","[0.179932, 0.166504, 0.137451]","[[0.939636, 0.342163, 0.002502], [-0.342163, 0.939636, -0.004028], [-0.003723, 0.002930, 1.000000]]",0.939636,"[8491, 8106, 8415, 7945]"
71.258362,"[-0.156250, 0.398438, -0.605469]","[-0.025582, 0.004505, -0.003922]","[0.139999, 0.150000, 0.628637]","[-0.153490, 0.026440, -0.023703]","[0.001953, -0.004395, 0.361084]","[-0.002380, 0.000610, 0.179596, 0.983734]","[-0.009888, 0.013641, 0.101715, 0.994659]","[-0.042969, 0.239990, 0.248535]","[[0.935425, 0.353271, -0.002075], [-0.353394, 0.935425, -0.004517], [0.000244, 0.004883, 0.999878]]",0.935425,"[8506, 8148, 8505, 7970]"
71.291565,"[-0.148438, 0.398438, -0.597656]","[-0.032108, 0.005625, -0.004931]","[0.129999, 0.129999, 0.645964]","[-0.181051, 0.030956, -0.028027]","[0.004150, -0.004883, 0.366211]","[-0.002777, 0.001587, 0.182190, 0.983276]","[-0.008850, 0.014008, 0.101715, 0.994659]","[0.044678, -0.026855, 0.110840]","[[0.933655, 0.358215, -0.004150], [-0.358337, 0.933655, -0.004944], [0.002075, 0.006042, 1.000000]]",0.933655,"[8559, 8139, 8496, 8029]"
71.326721,"[-0.148438, 0.398438, -0.574219]","[-0.039759, 0.006928, -0.006117]","[0.150000, 0.160000, 0.693150]","[-0.211222, 0.035835, -0.032780]","[0.006104, -0.004639, 0.372070]","[-0.002899, 0.002655, 0.185059, 0.982727]","[-0.010132, 0.015869, 0.101746, 0.994629]","[0.041504, 0.036133, 0.139648]","[[0.931458, 0.363647, -0.006287], [-0.363770, 0.931458, -0.004761], [0.004089, 0.006714, 0.999939]]",0.931458,"[8568, 8133, 8518, 8032]"
71.361877,"[-0.148438, 0.406250, -0.558594]","[-0.048644, 0.008429, -0.007498]","[0.139999, 0.139999, 0.709829]","[-0.243986, 0.041058, -0.037963]","[0.009033, -0.004395, 0.377686]","[-0.003021, 0.004028, 0.187836, 0.982178]","[-0.009521, 0.015930, 0.101715, 0.994629]","[-0.072021, 0.085693, 0.215576]","[[0.929321, 0.368896, -0.009033], [-0.369019, 0.929321, -0.004517], [0.006714, 0.007446, 0.999878]]",0.929321,"[8602, 8165, 8577, 8034]"
71.393127,"[-0.136719, 0.406250, -0.542969]","[-0.053577, 0.009258, -0.008266]","[0.150000, 0.179998, 0.733566]","[-0.261314, 0.043789, -0.040714]","[0.011475, -0.003662, 0.382324]","[-0.002869, 0.005371, 0.190125, 0.981750]","[-0.011139, 0.018188, 0.101776, 0.994568]","[0.071289, 0.040527, 0.113525]","[[0.927612, 0.373230, -0.011597], [-0.373352, 0.927612, -0.003662], [0.009399, 0.007690, 0.999878]]",0.927612,"[8597, 8201, 8611, 8056]"
71.426331,"[-0.136719, 0.417969, -0.531250]","[-0.064490, 0.011078, -0.009968]","[0.129999, 0.150000, 0.730045]","[-0.297818, 0.049472, -0.046529]","[0.014160, -0.003906, 0.387207]","[-0.003265, 0.006622, 0.192413, 0.981293]","[-0.010406, 0.018097, 0.101746, 0.994568]","[-0.178955, 0.121826, 0.186279]","[[0.925842, 0.377563, -0.014221], [-0.377686, 0.925903, -0.003906], [0.011658, 0.008911, 0.999878]]",0.925842,"[8630, 8211, 8614, 8085]"
71.459541,"[-0.128906, 0.417969, -0.511719]","[-0.076875, 0.013126, -0.011906]","[0.129999, 0.160000, 0.727736]","[-0.336699, 0.055421, -0.052755]","[0.016846, -0.003418, 0.391602]","[-0.003387, 0.007996, 0.194641, 0.980835]","[-0.010620, 0.019470, 0.101776, 0.994537]","[0.175049, -0.025879, 0.116699]","[[0.924072, 0.381714, -0.016968], [-0.381836, 0.924194, -0.003601], [0.014282, 0.009705, 0.999817]]",0.924072,"[8657, 8219, 8655, 8122]"
71.49469,"[-0.117188, 0.437500, -0.496094]","[-0.083649, 0.014238, -0.012968]","[0.160000, 0.189999, 0.730204]","[-0.356994, 0.058483, -0.056018]","[0.020020, -0.002930, 0.396240]","[-0.003448, 0.009583, 0.196899, 0.980377]","[-0.012726, 0.022888, 0.101837, 0.994446]","[-0.159912, -0.019043, 0.171387]","[[0.922241, 0.385925, -0.020142], [-0.386169, 0.922424, -0.003052], [0.017334, 0.010498, 0.999756]]",0.922241,"[8612, 8232, 8687, 8084]"
71.527901,"[-0.117188, 0.437500, -0.484375]","[-0.098411, 0.016645, -0.015288]","[0.139999, 0.169998, 0.756624]","[-0.399203, 0.064756, -0.062831]","[0.023438, -0.002930, 0.400391]","[-0.003754, 0.011292, 0.198914, 0.979950]","[-0.011688, 0.023407, 0.101807, 0.994446]","[-0.088623, 0.350098, 0.088379]","[[0.920593, 0.389709, -0.023621], [-0.389954, 0.920837, -0.002930], [0.020569, 0.011841, 0.999695]]",0.920593,"[8653, 8234, 8682, 8110]"
71.594299,"[-0.109375, 0.449219, -0.453125]","[-0.133079, 0.022208, -0.020763]","[0.150000, 0.199999, 0.744322]","[-0.489528, 0.077736, -0.077547]","[0.030518, -0.001953, 0.409180]","[-0.004028, 0.014801, 0.203186, 0.979034]","[-0.013397, 0.027008, 0.101868, 0.994324]","[0.008545, 0.329834, 0.169922]","[[0.916992, 0.397705, -0.030579], [-0.397949, 0.917419, -0.001953], [0.027283, 0.013916, 0.999512]]",0.916992,"[8684, 8238, 8748, 8140]"
71.629463,"[-0.097656, 0.457031, -0.437500]","[-0.142875, 0.023759, -0.022316]","[0.129999, 0.169998, 0.761032]","[-0.513215, 0.081036, -0.081437]","[0.033691, -0.000732, 0.413818]","[-0.003815, 0.016479, 0.205444, 0.978516]","[-0.012024, 0.028442, 0.101837, 0.994293]","[0.173584, 0.273438, 0.116211]","[[0.914978, 0.401855, -0.033813], [-0.402222, 0.915466, -0.000793], [0.030640, 0.014221, 0.999390]]",0.914978,"[8710, 8296, 8777, 8145]"
71.662682,"[-0.097656, 0.468750, -0.421875]","[-0.163860, 0.027053, -0.025652]","[0.139999, 0.209999, 0.773020]","[-0.561700, 0.087652, -0.089443]","[0.037109, -0.002441, 0.418457]","[-0.005035, 0.017883, 0.207733, 0.978027]","[-0.014374, 0.030792, 0.101929, 0.994202]","[-0.185547, -0.088623, 0.108643]","[[0.913025, 0.406128, -0.037109], [-0.406494, 0.913635, -0.002502], [0.032837, 0.017273, 0.999329]]",0.913025,"[8774, 8271, 8766, 8195]"
71.695862,"[-0.097656, 0.468750, -0.410156]","[-0.186771, 0.030606, -0.029307]","[0.109999, 0.169998, 0.766882]","[-0.611527, 0.094247, -0.097732]","[0.039551, 0.000488, 0.422852]","[-0.003815, 0.019440, 0.209839, 0.977539]","[-0.012421, 0.030823, 0.101868, 0.994232]","[0.236816, 0.165527, 0.134766]","[[0.911133, 0.410034, -0.039612], [-0.410400, 0.911865, 0.000610], [0.036316, 0.015625, 0.999146]]",0.911133,"[8753, 8324, 8785, 8120]"
71.729073,"[-0.097656, 0.476562, -0.398438]","[-0.198967, 0.032479, -0.031258]","[0.119999, 0.189999, 0.767000]","[-0.636880, 0.097521, -0.101976]","[0.042236, -0.000244, 0.427490]","[-0.004608, 0.020599, 0.212189, 0.977020]","[-0.013245, 0.033356, 0.101898, 0.994141]","[-0.039795, -0.105225, 0.133057]","[[0.909119, 0.414368, -0.042236], [-0.414856, 0.909912, -0.000305], [0.038208, 0.017761, 0.999146]]",0.909119,"[8797, 8313, 8823, 8182]"
71.764221,"[-0.078125, 0.476562, -0.382812]","[-0.224835, 0.036414, -0.035408]","[0.119999, 0.209999, 0.752264]","[-0.688251, 0.103973, -0.110629]","[0.044922, 0.001953, 0.432617]","[-0.003845, 0.022247, 0.214600, 0.976440]","[-0.013763, 0.036621, 0.101929, 0.994019]","[0.031982, -0.010498, 0.104004]","[[0.906860, 0.418884, -0.045105], [-0.419250, 0.907837, 0.001953], [0.041687, 0.017090, 0.998962]]",0.90686,"[8793, 8346, 8835, 8165]"
71.797424,"[-0.078125, 0.488281, -0.367188]","[-0.252742, 0.040599, -0.039902]","[0.089998, 0.189999, 0.729561]","[-0.740387, 0.110262, -0.119490]","[0.048096, 0.002686, 0.437012]","[-0.003906, 0.023804, 0.216766, 0.975922]","[-0.013092, 0.037384, 0.101898, 0.993988]","[0.095215, 0.183105, 0.197998]","[[0.904785, 0.422791, -0.048157], [-0.423279, 0.905884, 0.002686], [0.044739, 0.017944, 0.998718]]",0.904785,"[8829, 8342, 8820, 8168]"
71.830627,"[-0.078125, 0.507812, -0.355469]","[-0.282690, 0.045026, -0.044746]","[0.099998, 0.209999, 0.726343]","[-0.792991, 0.116321, -0.128520]","[0.050537, 0.004150, 0.441162]","[-0.003448, 0.025177, 0.218719, 0.975464]","[-0.014984, 0.040405, 0.101959, 0.993835]","[-0.002686, 0.032959, 0.099609]","[[0.903015, 0.426514, -0.050598], [-0.426880, 0.904236, 0.004211], [0.047546, 0.017761, 0.998657]]",0.903015,"[8825, 8352, 8857, 8171]"
71.863838,"[-0.078125, 0.507812, -0.347656]","[-0.298429, 0.047325, -0.047300]","[0.070000, 0.189999, 0.712263]","[-0.819381, 0.119246, -0.133086]","[0.053955, 0.005127, 0.445312]","[-0.003357, 0.026978, 0.220673, 0.974976]","[-0.013550, 0.041229, 0.101898, 0.993835]","[-0.112061, -0.020508, 0.165039]","[[0.901123, 0.430115, -0.054077], [-0.430481, 0.902527, 0.005310], [0.051025, 0.018494, 0.998474]]",0.901123,"[8812, 8376, 8859, 8134]"
71.897034,"[-0.078125, 0.519531, -0.335938]","[-0.331475, 0.052095, -0.052679]","[0.059999, 0.179998, 0.703686]","[-0.872219, 0.124853, -0.142306]","[0.057617, 0.006348, 0.448242]","[-0.003235, 0.028839, 0.222229, 0.974579]","[-0.013458, 0.043182, 0.101898, 0.993744]","[-0.021729, 0.277100, 0.099121]","[[0.899597, 0.432861, -0.057617], [-0.433350, 0.901245, 0.006470], [0.054688, 0.019165, 0.998352]]",0.899597,"[8847, 8346, 8870, 8185]"
71.93219,"[-0.078125, 0.527344, -0.324219]","[-0.366575, 0.057076, -0.058419]","[0.059999, 0.219999, 0.688978]","[-0.924865, 0.130081, -0.151603]","[0.060303, 0.007080, 0.451660]","[-0.003265, 0.030212, 0.223755, 0.974182]","[-0.015228, 0.046204, 0.101990, 0.993591]","[0.068604, 0.119629, 0.085205]","[[0.898010, 0.435669, -0.060303], [-0.436157, 0.899780, 0.007080], [0.057373, 0.019897, 0.998108]]",0.89801,"[8855, 8364, 8854, 8175]"
71.965401,"[-0.066406, 0.527344, -0.316406]","[-0.403724, 0.062252, -0.064524]","[0.039999, 0.189999, 0.681017]","[-0.977059, 0.134874, -0.160944]","[0.062988, 0.009521, 0.453857]","[-0.002380, 0.031830, 0.224854, 0.973877]","[-0.013397, 0.048462, 0.101898, 0.993500]","[0.163330, 0.004639, 0.051758]","[[0.896851, 0.437744, -0.063049], [-0.438110, 0.898865, 0.009644], [0.060852, 0.018921, 0.997925]]",0.896851,"[8829, 8426, 8884, 8123]"
71.998611,"[-0.066406, 0.539062, -0.308594]","[-0.423052, 0.064907, -0.067712]","[0.009998, 0.219999, 0.651257]","[-1.002893, 0.137089, -0.165617]","[0.066650, 0.009033, 0.456299]","[-0.003052, 0.033600, 0.225922, 0.973572]","[-0.015076, 0.050110, 0.101990, 0.993378]","[-0.128418, 0.202148, 0.039551]","[[0.895630, 0.439636, -0.066772], [-0.440125, 0.897827, 0.009155], [0.063965, 0.021118, 0.997681]]",0.89563,"[8881, 8356, 8867, 8219]"
72.031799,"[-0.066406, 0.539062, -0.296875]","[-0.463235, 0.070344, -0.074365]","[0.009998, 0.189999, 0.623037]","[-1.053919, 0.141122, -0.174955]","[0.069580, 0.011230, 0.458252]","[-0.002411, 0.035217, 0.226868, 0.973297]","[-0.013092, 0.052734, 0.101868, 0.993286]","[-0.058838, 0.152588, 0.093750]","[[0.894592, 0.441406, -0.069641], [-0.441772, 0.897034, 0.011230], [0.067444, 0.020630, 0.997498]]",0.894592,"[8825, 8403, 8871, 8157]"
72.065002,"[-0.066406, 0.546875, -0.289062]","[-0.505375, 0.075925, -0.081379]","[0.000000, 0.189999, 0.607138]","[-1.103813, 0.144580, -0.184240]","[0.072266, 0.010986, 0.459961]","[-0.002869, 0.036499, 0.227753, 0.973053]","[-0.013184, 0.055542, 0.101868, 0.993134]","[-0.050781, 0.109131, -0.024170]","[[0.893616, 0.442932, -0.072327], [-0.443420, 0.896240, 0.010986], [0.069641, 0.022217, 0.997314]]",0.893616,"[8918, 8387, 8844, 8185]"
72.100182,"[-0.066406, 0.558594, -0.285156]","[-0.527173, 0.078763, -0.085023]","[-0.039999, 0.219999, 0.557825]","[-1.128266, 0.146078, -0.188853]","[0.075195, 0.013184, 0.461426]","[-0.002136, 0.038147, 0.228363, 0.972839]","[-0.014984, 0.056946, 0.101959, 0.993011]","[-0.014893, 0.067627, 0.029297]","[[0.892822, 0.444092, -0.075195], [-0.444458, 0.895691, 0.013184], [0.073242, 0.021606, 0.997070]]",0.892822,"[8851, 8420, 8841, 8135]"
72.133369,"[-0.066406, 0.558594, -0.277344]","[-0.572192, 0.084522, -0.092580]","[-0.039999, 0.179998, 0.521942]","[-1.176029, 0.148580, -0.197999]","[0.077881, 0.013672, 0.462646]","[-0.002136, 0.039551, 0.228912, 0.972626]","[-0.012329, 0.060242, 0.101807, 0.992889]","[-0.040527, 0.122803, 0.046387]","[[0.891968, 0.445068, -0.077942], [-0.445435, 0.895081, 0.013855], [0.075867, 0.022278, 0.996765]]",0.891968,"[8866, 8387, 8828, 8167]"
72.166565,"[-0.078125, 0.566406, -0.269531]","[-0.619036, 0.090363, -0.100491]","[-0.080000, 0.209999, 0.483847]","[-1.222042, 0.150384, -0.207005]","[0.081055, 0.015869, 0.463135]","[-0.001526, 0.041321, 0.229065, 0.972534]","[-0.013947, 0.061127, 0.101898, 0.992798]","[0.135742, 0.140381, -0.041016]","[[0.891602, 0.445312, -0.081055], [-0.445679, 0.894958, 0.015930], [0.079590, 0.021912, 0.996521]]",0.891602,"[8857, 8418, 8813, 8139]"
72.199768,"[-0.078125, 0.578125, -0.261719]","[-0.667639, 0.096261, -0.108750]","[-0.099998, 0.189999, 0.478733]","[-1.266078, 0.151446, -0.215838]","[0.084717, 0.015381, 0.463379]","[-0.002106, 0.043030, 0.229187, 0.972443]","[-0.012970, 0.063477, 0.101807, 0.992676]","[-0.020752, -0.009277, -0.008789]","[[0.891235, 0.445557, -0.084656], [-0.445923, 0.894897, 0.015564], [0.082703, 0.023865, 0.996277]]",0.891235,"[8874, 8362, 8814, 8188]"
72.236877,"[-0.089844, 0.589844, -0.261719]","[-0.692575, 0.099221, -0.113008]","[-0.109999, 0.179998, 0.451021]","[-1.287283, 0.151687, -0.220180]","[0.088623, 0.017578, 0.463379]","[-0.001526, 0.045166, 0.229156, 0.972351]","[-0.012665, 0.066406, 0.101776, 0.992493]","[0.152100, -0.071289, -0.007568]","[[0.890930, 0.445435, -0.088562], [-0.445801, 0.894958, 0.017700], [0.087097, 0.023682, 0.995911]]",0.89093,"[8840, 8403, 8818, 8171]"
72.268127,"[-0.089844, 0.589844, -0.257812]","[-0.743651, 0.105146, -0.121774]","[-0.139999, 0.199999, 0.419022]","[-1.327928, 0.151565, -0.228690]","[0.091064, 0.018555, 0.463135]","[-0.001434, 0.046539, 0.228912, 0.972321]","[-0.013306, 0.068420, 0.101807, 0.992340]","[0.116455, 0.104004, -0.024658]","[[0.890808, 0.444946, -0.091125], [-0.445312, 0.895081, 0.018494], [0.089783, 0.024109, 0.995605]]",0.890808,"[8888, 8400, 8783, 8154]"
72.303284,"[-0.089844, 0.597656, -0.253906]","[-0.796277, 0.111050, -0.130870]","[-0.150000, 0.189999, 0.397499]","[-1.366064, 0.150609, -0.236950]","[0.093994, 0.019531, 0.462646]","[-0.001221, 0.048065, 0.228607, 0.972321]","[-0.012695, 0.072021, 0.101746, 0.992096]","[-0.012695, 0.029053, -0.018799]","[[0.890808, 0.444397, -0.094055], [-0.444641, 0.895386, 0.019592], [0.092834, 0.024353, 0.995300]]",0.890808,"[8865, 8417, 8776, 8167]"
72.334534,"[-0.097656, 0.609375, -0.250000]","[-0.823135, 0.113984, -0.135537]","[-0.209999, 0.199999, 0.373201]","[-1.384128, 0.149811, -0.240976]","[0.096680, 0.019531, 0.461914]","[-0.001556, 0.049377, 0.228210, 0.972351]","[-0.013672, 0.072144, 0.101807, 0.992065]","[0.016602, 0.135986, -0.027344]","[[0.890930, 0.443604, -0.096741], [-0.443970, 0.895752, 0.019470], [0.095276, 0.025574, 0.995056]]",0.89093,"[8906, 8406, 8757, 8155]"
72.367744,"[-0.097656, 0.609375, -0.246094]","[-0.877887, 0.119796, -0.145106]","[-0.199999, 0.179998, 0.365517]","[-1.418140, 0.147552, -0.248803]","[0.099854, 0.019043, 0.460938]","[-0.002014, 0.050781, 0.227783, 0.972382]","[-0.011993, 0.076477, 0.101624, 0.991791]","[-0.026611, 0.021484, -0.051758]","[[0.890991, 0.442688, -0.099731], [-0.443176, 0.896118, 0.019165], [0.097778, 0.027100, 0.994751]]",0.890991,"[8888, 8390, 8751, 8182]"
72.402908,"[-0.109375, 0.617188, -0.246094]","[-0.933888, 0.125500, -0.154971]","[-0.219999, 0.169998, 0.321394]","[-1.449166, 0.144397, -0.256305]","[0.102783, 0.021240, 0.459961]","[-0.001343, 0.052582, 0.227234, 0.972412]","[-0.011505, 0.079010, 0.101562, 0.991608]","[0.174561, 0.171631, -0.110352]","[[0.891113, 0.441711, -0.102844], [-0.442078, 0.896606, 0.021240], [0.101624, 0.026489, 0.994324]]",0.891113,"[8866, 8417, 8718, 8123]"
72.436096,"[-0.117188, 0.628906, -0.242188]","[-0.991052, 0.131065, -0.165123]","[-0.289999, 0.199999, 0.301830]","[-1.477074, 0.140326, -0.263460]","[0.106689, 0.020264, 0.459229]","[-0.002228, 0.054321, 0.226807, 0.972412]","[-0.013397, 0.079437, 0.101715, 0.991516]","[-0.133301, -0.008057, -0.010254]","[[0.891113, 0.440796, -0.106628], [-0.441284, 0.896973, 0.020264], [0.104553, 0.028931, 0.993958]]",0.891113,"[8893, 8355, 8711, 8182]"
72.469315,"[-0.128906, 0.628906, -0.242188]","[-1.020027, 0.133782, -0.170303]","[-0.279999, 0.160000, 0.275524]","[-1.489814, 0.137943, -0.266900]","[0.110596, 0.021973, 0.457764]","[-0.001740, 0.056427, 0.226044, 0.972504]","[-0.010986, 0.082855, 0.101471, 0.991302]","[-0.056152, 0.245117, -0.030029]","[[0.891479, 0.439392, -0.110535], [-0.439880, 0.897827, 0.022034], [0.108948, 0.028870, 0.993652]]",0.891479,"[8846, 8389, 8746, 8168]"
72.502502,"[-0.136719, 0.636719, -0.242188]","[-1.078693, 0.139068, -0.180861]","[-0.299999, 0.179998, 0.235367]","[-1.512781, 0.132475, -0.273494]","[0.114502, 0.020752, 0.456543]","[-0.002747, 0.058197, 0.225403, 0.972534]","[-0.011902, 0.085876, 0.101501, 0.991028]","[0.181885, 0.083252, -0.022461]","[[0.891602, 0.438049, -0.114441], [-0.438782, 0.898315, 0.020813], [0.111877, 0.031555, 0.993164]]",0.891602,"[8922, 8369, 8687, 8195]"
72.539612,"[-0.156250, 0.648438, -0.238281]","[-1.138167, 0.144120, -0.191664]","[-0.379999, 0.160000, 0.232821]","[-1.532297, 0.126072, -0.279683]","[0.118652, 0.022705, 0.455078]","[-0.002319, 0.060364, 0.224609, 0.972595]","[-0.011230, 0.085327, 0.101440, 0.991089]","[0.211670, 0.172119, 0.002441]","[[0.891846, 0.436584, -0.118469], [-0.437195, 0.899109, 0.022583], [0.116272, 0.031616, 0.992737]]",0.891846,"[8896, 8372, 8682, 8148]"
72.570862,"[-0.167969, 0.636719, -0.242188]","[-1.198347, 0.148904, -0.202704]","[-0.369999, 0.139999, 0.200619]","[-1.548279, 0.118728, -0.285456]","[0.121826, 0.020752, 0.453613]","[-0.003479, 0.061737, 0.223877, 0.972656]","[-0.009186, 0.088776, 0.101227, 0.990845]","[-0.024902, 0.200439, -0.055420]","[[0.892090, 0.434998, -0.121643], [-0.435974, 0.899658, 0.020813], [0.118469, 0.034363, 0.992310]]",0.89209,"[8920, 8322, 8641, 8203]"
72.604065,"[-0.187500, 0.648438, -0.238281]","[-1.228652, 0.151184, -0.208306]","[-0.459999, 0.160000, 0.182135]","[-1.554916, 0.114705, -0.288180]","[0.124756, 0.021240, 0.451904]","[-0.003601, 0.063232, 0.223083, 0.972748]","[-0.010864, 0.087616, 0.101379, 0.990906]","[0.055420, 0.079102, -0.045410]","[[0.892456, 0.433472, -0.124634], [-0.434448, 0.900452, 0.021179], [0.121338, 0.035217, 0.991943]]",0.892456,"[8913, 8340, 8643, 8201]"
72.637268,"[-0.199219, 0.648438, -0.238281]","[-1.289609, 0.155497, -0.219664]","[-0.439999, 0.139999, 0.196371]","[-1.565447, 0.105965, -0.293296]","[0.127197, 0.021973, 0.450195]","[-0.003479, 0.064484, 0.222107, 0.972870]","[-0.009460, 0.091980, 0.101196, 0.990540]","[0.044678, -0.018555, -0.139648]","[[0.892944, 0.431641, -0.127014], [-0.432617, 0.901245, 0.021851], [0.123840, 0.035400, 0.991577]]",0.892944,"[8875, 8362, 8655, 8159]"
72.670471,"[-0.218750, 0.656250, -0.238281]","[-1.350904, 0.159451, -0.231213]","[-0.459999, 0.129999, 0.163574]","[-1.572268, 0.096307, -0.297957]","[0.130127, 0.022217, 0.447510]","[-0.003540, 0.065979, 0.220795, 0.973083]","[-0.009125, 0.094025, 0.101105, 0.990356]","[-0.247070, 0.150391, 0.019287]","[[0.893738, 0.429199, -0.129944], [-0.430176, 0.902405, 0.022217], [0.126770, 0.036011, 0.991211]]",0.893738,"[8894, 8381, 8643, 8174]"
72.703674,"[-0.226562, 0.667969, -0.238281]","[-1.381634, 0.161282, -0.237054]","[-0.559999, 0.150000, 0.161276]","[-1.574278, 0.091138, -0.300113]","[0.133545, 0.021240, 0.444824]","[-0.004303, 0.067474, 0.219482, 0.973267]","[-0.010681, 0.092987, 0.101288, 0.990417]","[0.056396, 0.000732, -0.135742]","[[0.894470, 0.426575, -0.133179], [-0.427795, 0.903564, 0.021179], [0.129395, 0.038025, 0.990784]]",0.89447,"[8919, 8337, 8594, 8233]"
72.738831,"[-0.250000, 0.667969, -0.238281]","[-1.443176, 0.164630, -0.248859]","[-0.529999, 0.099998, 0.124416]","[-1.575461, 0.080132, -0.304074]","[0.135254, 0.021729, 0.441406]","[-0.004181, 0.068451, 0.217773, 0.973602]","[-0.007843, 0.097198, 0.100922, 0.990082]","[0.138428, -0.001221, -0.135254]","[[0.895752, 0.423401, -0.135071], [-0.424622, 0.905090, 0.021606], [0.131409, 0.037964, 0.990601]]",0.895752,"[8873, 8398, 8609, 8169]"
72.772034,"[-0.269531, 0.679688, -0.242188]","[-1.504668, 0.167531, -0.260804]","[-0.659998, 0.119999, 0.071037]","[-1.572880, 0.068265, -0.307557]","[0.137695, 0.020508, 0.437500]","[-0.004883, 0.069489, 0.215881, 0.973938]","[-0.009857, 0.093872, 0.101196, 0.990356]","[-0.050781, 0.065186, -0.115723]","[[0.897095, 0.419739, -0.137451], [-0.421204, 0.906738, 0.020447], [0.133179, 0.039490, 0.990295]]",0.897095,"[8924, 8380, 8535, 8201]"
72.805237,"[-0.289062, 0.679688, -0.242188]","[-1.565996, 0.169952, -0.272878]","[-0.599998, 0.089998, 0.083000]","[-1.566519, 0.055554, -0.310557]","[0.138916, 0.022217, 0.433105]","[-0.003998, 0.070282, 0.213654, 0.974365]","[-0.007843, 0.099518, 0.100891, 0.989868]","[0.301758, 0.062012, -0.183838]","[[0.898743, 0.415710, -0.138611], [-0.416931, 0.908569, 0.022217], [0.135193, 0.037842, 0.989990]]",0.898743,"[8867, 8384, 8543, 8157]"
72.842346,"[-0.308594, 0.687500, -0.246094]","[-1.596550, 0.170972, -0.278956]","[-0.629999, 0.099998, 0.044682]","[-1.561918, 0.048894, -0.311873]","[0.141357, 0.019775, 0.427979]","[-0.005280, 0.071228, 0.211243, 0.974823]","[-0.009827, 0.101562, 0.101044, 0.989624]","[-0.011230, 0.250977, -0.123535]","[[0.900513, 0.411011, -0.141113], [-0.412598, 0.910645, 0.019775], [0.136597, 0.040405, 0.989746]]",0.900513,"[8906, 8391, 8478, 8176]"
72.873596,"[-0.339844, 0.679688, -0.250000]","[-1.657391, 0.172614, -0.291195]","[-0.759998, 0.080000, 0.048435]","[-1.549921, 0.034974, -0.314143]","[0.144043, 0.018311, 0.423828]","[-0.006165, 0.072296, 0.209167, 0.975189]","[-0.010010, 0.097168, 0.101135, 0.990051]","[-0.099854, 0.095459, -0.134277]","[[0.902039, 0.406982, -0.143616], [-0.408813, 0.912415, 0.018188], [0.138367, 0.042236, 0.989441]]",0.902039,"[8881, 8403, 8467, 8200]"
72.908752,"[-0.359375, 0.679688, -0.250000]","[-1.717590, 0.173696, -0.303493]","[-0.699999, 0.059999, 0.034664]","[-1.534222, 0.020325, -0.315918]","[0.145752, 0.019043, 0.418213]","[-0.005737, 0.073242, 0.206421, 0.975708]","[-0.009552, 0.103119, 0.100983, 0.989471]","[0.000000, 0.083008, -0.194824]","[[0.904053, 0.401917, -0.145264], [-0.403625, 0.914673, 0.018982], [0.140503, 0.041443, 0.989197]]",0.904053,"[8819, 8381, 8486, 8191]"
72.941956,"[-0.386719, 0.687500, -0.253906]","[-1.777156, 0.174192, -0.315860]","[-0.839998, 0.059999, 0.012838]","[-1.514859, 0.004958, -0.317204]","[0.146729, 0.018066, 0.412842]","[-0.006104, 0.073730, 0.203857, 0.976227]","[-0.011200, 0.098877, 0.101227, 0.989868]","[0.020264, 0.192139, -0.133789]","[[0.906067, 0.397095, -0.146423], [-0.398926, 0.916870, 0.018066], [0.141418, 0.041992, 0.989075]]",0.906067,"[8880, 8403, 8442, 8176]"
72.975159,"[-0.417969, 0.687500, -0.250000]","[-1.806633, 0.174210, -0.322059]","[-0.779999, 0.049999, 0.017305]","[-1.503812, -0.002983, -0.317662]","[0.148193, 0.017578, 0.407471]","[-0.006317, 0.074310, 0.201233, 0.976715]","[-0.011536, 0.103699, 0.101166, 0.989380]","[0.047852, -0.042236, -0.239014]","[[0.907959, 0.392090, -0.147705], [-0.394043, 0.918884, 0.017517], [0.142578, 0.042297, 0.988831]]",0.907959,"[8839, 8411, 8457, 8177]"
73.008362,"[-0.449219, 0.699219, -0.253906]","[-1.864901, 0.173777, -0.334480]","[-0.939999, 0.049999, -0.006817]","[-1.479043, -0.019330, -0.318213]","[0.148926, 0.016602, 0.402100]","[-0.006653, 0.074615, 0.198639, 0.977234]","[-0.012970, 0.097961, 0.101410, 0.989899]","[-0.156982, -0.007812, -0.086426]","[[0.909973, 0.387146, -0.148499], [-0.389221, 0.921021, 0.016541], [0.143127, 0.042664, 0.988770]]",0.909973,"[8817, 8439, 8445, 8163]"
73.041573,"[-0.476562, 0.699219, -0.253906]","[-1.922142, 0.172694, -0.346914]","[-0.839998, 0.019999, -0.007402]","[-1.450775, -0.036273, -0.318278]","[0.150146, 0.016113, 0.396240]","[-0.006836, 0.075195, 0.195709, 0.977753]","[-0.010986, 0.104492, 0.101074, 0.989288]","[-0.128662, 0.121826, -0.154541]","[[0.912048, 0.381653, -0.149719], [-0.383728, 0.923279, 0.015991], [0.144348, 0.042847, 0.988586]]",0.912048,"[8768, 8415, 8450, 8180]"
73.074768,"[-0.500000, 0.687500, -0.253906]","[-1.950332, 0.171901, -0.353129]","[-0.879999, 0.009998, -0.008739]","[-1.435375, -0.044947, -0.318129]","[0.150146, 0.014160, 0.390137]","[-0.007568, 0.075043, 0.192871, 0.978302]","[-0.010010, 0.104614, 0.100983, 0.989288]","[0.112061, -0.104004, -0.192871]","[[0.914185, 0.376160, -0.149719], [-0.378479, 0.925354, 0.014099], [0.143860, 0.043762, 0.988464]]",0.914185,"[8876, 8434, 8376, 8178]"
73.107979,"[-0.539062, 0.687500, -0.253906]","[-2.005764, 0.169800, -0.365546]","[-1.049997, 0.009998, -0.005209]","[-1.402002, -0.062683, -0.317472]","[0.152100, 0.016113, 0.384277]","[-0.006592, 0.076172, 0.189819, 0.978821]","[-0.010986, 0.097412, 0.101227, 0.989990]","[-0.008301, 0.168701, -0.179443]","[[0.916199, 0.370544, -0.151672], [-0.372620, 0.927734, 0.015930], [0.146545, 0.041809, 0.988159]]",0.916199,"[8784, 8479, 8414, 8148]"
73.143143,"[-0.566406, 0.699219, -0.257812]","[-2.059816, 0.166998, -0.377925]","[-0.959999, 0.000000, -0.004827]","[-1.365385, -0.080860, -0.316343]","[0.153320, 0.015625, 0.378174]","[-0.006714, 0.076691, 0.186859, 0.979340]","[-0.010895, 0.104095, 0.101074, 0.989349]","[-0.051025, 0.055420, -0.170654]","[[0.918213, 0.364929, -0.152771], [-0.367004, 0.929871, 0.015442], [0.147644, 0.041809, 0.987976]]",0.918213,"[8751, 8413, 8445, 8205]"
73.176331,"[-0.597656, 0.699219, -0.257812]","[-2.112382, 0.163478, -0.390253]","[-1.129997, 0.000000, -0.006189]","[-1.325617, -0.099442, -0.314746]","[0.152100, 0.013184, 0.372070]","[-0.007538, 0.075958, 0.183960, 0.979950]","[-0.011871, 0.097015, 0.101318, 0.990021]","[0.097168, 0.008545, -0.186768]","[[0.920654, 0.359375, -0.151672], [-0.361694, 0.932129, 0.013062], [0.146057, 0.042725, 0.988220]]",0.920654,"[8874, 8464, 8353, 8199]"
73.209534,"[-0.636719, 0.699219, -0.257812]","[-2.138072, 0.161444, -0.396392]","[-1.019999, -0.019999, 0.010250]","[-1.304532, -0.108869, -0.313768]","[0.150879, 0.013428, 0.365967]","[-0.007111, 0.075409, 0.181000, 0.980560]","[-0.010651, 0.103088, 0.101074, 0.989441]","[0.032227, -0.047119, -0.258057]","[[0.923035, 0.353821, -0.150452], [-0.356018, 0.934326, 0.013306], [0.145203, 0.041260, 0.988464]]",0.923035,"[8763, 8479, 8400, 8185]"
73.242737,"[-0.679688, 0.687500, -0.257812]","[-2.188171, 0.156818, -0.408604]","[-1.059998, -0.029999, 0.013273]","[-1.260161, -0.127930, -0.311480]","[0.149414, 0.012695, 0.360596]","[-0.007141, 0.074677, 0.178375, 0.981110]","[-0.010284, 0.101715, 0.101074, 0.989594]","[-0.013428, -0.026855, -0.142578]","[[0.925171, 0.348877, -0.149048], [-0.351074, 0.936218, 0.012573], [0.143921, 0.040649, 0.988708]]",0.925171,"[8839, 8510, 8333, 8153]"
73.277893,"[-0.718750, 0.687500, -0.257812]","[-2.236492, 0.151445, -0.420719]","[-1.239998, -0.029999, 0.011469]","[-1.212896, -0.147249, -0.308736]","[0.149414, 0.013916, 0.354980]","[-0.006226, 0.074799, 0.175629, 0.981598]","[-0.011475, 0.093658, 0.101349, 0.990356]","[-0.150635, 0.023926, -0.129639]","[[0.927124, 0.343811, -0.148987], [-0.345764, 0.938232, 0.013977], [0.144592, 0.038513, 0.988708]]",0.927124,"[8782, 8545, 8393, 8152]"
73.311096,"[-0.750000, 0.699219, -0.257812]","[-2.259931, 0.148472, -0.426734]","[-1.129997, -0.039999, 0.010555]","[-1.188229, -0.156978, -0.307200]","[0.149170, 0.013672, 0.349854]","[-0.006134, 0.074615, 0.173157, 0.982056]","[-0.011566, 0.099792, 0.101227, 0.989746]","[0.042236, 0.147461, -0.179199]","[[0.928894, 0.339172, -0.148682], [-0.341003, 0.939941, 0.013733], [0.144409, 0.037903, 0.988770]]",0.928894,"[8737, 8479, 8423, 8219]"
73.344299,"[-0.796875, 0.699219, -0.257812]","[-2.305351, 0.141962, -0.438670]","[-1.329998, -0.049999, 0.005930]","[-1.136837, -0.176546, -0.303795]","[0.145752, 0.011963, 0.345215]","[-0.006500, 0.072784, 0.170929, 0.982574]","[-0.012909, 0.090149, 0.101532, 0.990631]","[-0.034180, -0.118408, -0.111084]","[[0.930908, 0.334900, -0.145264], [-0.336853, 0.941406, 0.012024], [0.140747, 0.037659, 0.989258]]",0.930908,"[8844, 8560, 8320, 8137]"
73.379456,"[-0.847656, 0.687500, -0.257812]","[-2.348717, 0.134678, -0.450464]","[-1.189999, -0.049999, 0.010782]","[-1.082836, -0.196204, -0.299963]","[0.142578, 0.011475, 0.340332]","[-0.006378, 0.071198, 0.168610, 0.983093]","[-0.012054, 0.096283, 0.101349, 0.990082]","[0.011963, -0.099854, -0.163818]","[[0.932983, 0.330566, -0.142151], [-0.332397, 0.943054, 0.011414], [0.137756, 0.036560, 0.989746]]",0.932983,"[8789, 8519, 8355, 8160]"
73.410713,"[-0.878906, 0.687500, -0.257812]","[-2.389928, 0.126630, -0.462101]","[-1.209997, -0.070000, 0.002127]","[-1.026348, -0.215894, -0.295695]","[0.140137, 0.009766, 0.336426]","[-0.006805, 0.069916, 0.166718, 0.983521]","[-0.011993, 0.095551, 0.101349, 0.990173]","[-0.150146, -0.029541, -0.059082]","[[0.934631, 0.326904, -0.139832], [-0.328857, 0.944336, 0.009827], [0.135193, 0.036682, 0.990112]]",0.934631,"[8843, 8557, 8324, 8139]"
73.445862,"[-0.929688, 0.687500, -0.257812]","[-2.409683, 0.122316, -0.467854]","[-1.429998, -0.059999, 0.016510]","[-0.997286, -0.225714, -0.293416]","[0.138672, 0.008789, 0.331543]","[-0.007050, 0.069092, 0.164398, 0.983948]","[-0.014221, 0.084534, 0.101715, 0.991089]","[-0.213379, -0.000977, -0.107910]","[[0.936340, 0.322510, -0.138245], [-0.324463, 0.945801, 0.008789], [0.133606, 0.036621, 0.990295]]",0.93634,"[8786, 8549, 8293, 8137]"
73.479065,"[-0.968750, 0.687500, -0.257812]","[-2.447484, 0.113117, -0.479220]","[-1.279999, -0.070000, -0.001799]","[-0.937340, -0.245307, -0.288541]","[0.137695, 0.007080, 0.327393]","[-0.007599, 0.068573, 0.162384, 0.984314]","[-0.013885, 0.091339, 0.101593, 0.990509]","[0.011475, 0.033447, -0.066406]","[[0.937805, 0.318542, -0.137451], [-0.320740, 0.947144, 0.007202], [0.132446, 0.037231, 0.990479]]",0.937805,"[8742, 8506, 8366, 8227]"
73.512283,"[-1.019531, 0.679688, -0.257812]","[-2.482891, 0.103158, -0.490388]","[-1.499998, -0.080000, 0.000437]","[-0.875294, -0.264756, -0.283263]","[0.134033, 0.004395, 0.323486]","[-0.008545, 0.066559, 0.160645, 0.984741]","[-0.014984, 0.079376, 0.101837, 0.991486]","[0.073242, -0.230225, -0.107910]","[[0.939514, 0.315186, -0.133789], [-0.317505, 0.948242, 0.004517], [0.128296, 0.038208, 0.990967]]",0.939514,"[8835, 8512, 8281, 8200]"
73.547424,"[-1.066406, 0.679688, -0.253906]","[-2.515829, 0.092436, -0.501346]","[-1.329998, -0.070000, 0.018316]","[-0.811241, -0.283998, -0.277603]","[0.130127, 0.003662, 0.319824]","[-0.008453, 0.064575, 0.158875, 0.985138]","[-0.015564, 0.086761, 0.101807, 0.990875]","[-0.047852, -0.347412, -0.141357]","[[0.941101, 0.311890, -0.129944], [-0.314087, 0.949280, 0.003845], [0.124451, 0.037170, 0.991455]]",0.941101,"[8769, 8520, 8324, 8167]"
73.578674,"[-1.117188, 0.679688, -0.253906]","[-2.531358, 0.086797, -0.506739]","[-1.369997, -0.089998, 0.003916]","[-0.778515, -0.293532, -0.274631]","[0.126221, 0.000732, 0.316650]","[-0.009491, 0.062378, 0.157440, 0.985504]","[-0.015930, 0.083374, 0.101868, 0.991150]","[-0.152588, 0.048096, -0.046143]","[[0.942505, 0.309082, -0.125916], [-0.311523, 0.950134, 0.000854], [0.119934, 0.038330, 0.991943]]",0.942505,"[8869, 8543, 8236, 8117]"
73.613838,"[-1.167969, 0.667969, -0.253906]","[-2.560459, 0.074964, -0.517345]","[-1.589998, -0.099998, 0.035225]","[-0.711674, -0.312338, -0.268405]","[0.123291, -0.000732, 0.313232]","[-0.009949, 0.060883, 0.155823, 0.985840]","[-0.016937, 0.071136, 0.102051, 0.992065]","[0.252441, 0.064209, -0.145752]","[[0.943909, 0.305969, -0.123108], [-0.308411, 0.951111, -0.000732], [0.116882, 0.038574, 0.992249]]",0.943909,"[8816, 8552, 8239, 8120]"
73.652916,"[-1.218750, 0.667969, -0.253906]","[-2.586926, 0.062398, -0.527701]","[-1.399998, -0.099998, 0.013638]","[-0.643242, -0.330777, -0.261816]","[0.115967, -0.002930, 0.309814]","[-0.010468, 0.057129, 0.154266, 0.986328]","[-0.017151, 0.078613, 0.102020, 0.991516]","[0.088135, -0.244873, -0.125000]","[[0.945862, 0.303040, -0.115906], [-0.305481, 0.952148, -0.003113], [0.109436, 0.038269, 0.993225]]",0.945862,"[8763, 8591, 8318, 8100]"
73.680237,"[-1.269531, 0.667969, -0.257812]","[-2.599173, 0.055853, -0.532780]","[-1.629997, -0.109999, 0.010580]","[-0.608486, -0.339821, -0.258387]","[0.109375, -0.006348, 0.307861]","[-0.011627, 0.053558, 0.153290, 0.986664]","[-0.018890, 0.065338, 0.102203, 0.992432]","[-0.153320, -0.273438, -0.124512]","[[0.947205, 0.301208, -0.109253], [-0.303772, 0.952637, -0.006531], [0.102051, 0.039368, 0.993896]]",0.947205,"[8907, 8629, 8202, 8057]"
73.71344,"[-1.316406, 0.667969, -0.257812]","[-2.621569, 0.042226, -0.542740]","[-1.439999, -0.099998, -0.001335]","[-0.537903, -0.357580, -0.251281]","[0.102295, -0.009766, 0.305664]","[-0.012695, 0.049896, 0.152374, 0.986969]","[-0.019714, 0.072510, 0.102234, 0.991913]","[-0.059082, -0.288330, -0.061523]","[[0.948486, 0.299438, -0.102356], [-0.302002, 0.953125, -0.009888], [0.094543, 0.040283, 0.994568]]",0.948486,"[8836, 8573, 8202, 8113]"
73.748604,"[-1.359375, 0.656250, -0.250000]","[-2.641167, 0.027921, -0.552406]","[-1.459997, -0.109999, 0.034796]","[-0.466095, -0.374770, -0.243850]","[0.098145, -0.013428, 0.303467]","[-0.014099, 0.047485, 0.151398, 0.987244]","[-0.019897, 0.069702, 0.102264, 0.992096]","[-0.156006, -0.172852, -0.057861]","[[0.949646, 0.297546, -0.098022], [-0.300232, 0.953735, -0.013550], [0.089478, 0.042236, 0.995117]]",0.949646,"[8850, 8562, 8182, 8124]"
73.781799,"[-1.417969, 0.656250, -0.250000]","[-2.657967, 0.012958, -0.561781]","[-1.679998, -0.129999, 0.035019]","[-0.393257, -0.391331, -0.236120]","[0.095459, -0.017822, 0.302246]","[-0.016052, 0.045898, 0.150879, 0.987366]","[-0.021423, 0.056030, 0.102325, 0.992920]","[-0.184570, 0.118896, -0.032959]","[[0.950256, 0.296387, -0.095459], [-0.299438, 0.953979, -0.017944], [0.085693, 0.045532, 0.995239]]",0.950256,"[8863, 8492, 8190, 8183]"
