t,p,p_d,v,v_d,Angles,q,q_sp,w,R,T_sp,rpm
37.980629,"[0.058594, 0.226562, -0.730469]","[0.000000, -0.000000, -0.000000]","[0.000000, 0.009998, 0.232136]","[0.000001, -0.000000, -0.000000]","[-0.000244, -0.018066, 0.067871]","[-0.009064, -0.000458, 0.034058, 0.999390]","[-0.000702, 0.000000, 0.026337, 0.999634]","[0.086914, -0.143555, 0.067627]","[[0.997681, 0.068054, 0.000244], [-0.068054, 0.997559, -0.018188], [-0.001587, 0.018066, 0.999878]]",0.997681,"[8029, 7912, 7874, 7887]"
38.031414,"[0.058594, 0.250000, -0.730469]","[0.000000, -0.000000, -0.000000]","[0.009998, 0.000000, 0.296951]","[0.000001, -0.000001, -0.000000]","[-0.002197, -0.019775, 0.071533]","[-0.009827, -0.001465, 0.035797, 0.999298]","[-0.001556, 0.000641, 0.026337, 0.999634]","[0.075195, -0.144287, -0.018799]","[[0.997375, 0.071533, 0.002197], [-0.071533, 0.997192, -0.019775], [-0.003662, 0.019531, 0.999695]]",0.997375,"[8153, 7913, 7923, 8001]"
38.033363,"[0.058594, 0.250000, -0.726562]","[0.000000, -0.000000, -0.000000]","[0.019999, 0.009998, 0.306519]","[0.000001, -0.000001, -0.000000]","[-0.002441, -0.019531, 0.071533]","[-0.009766, -0.001648, 0.035797, 0.999298]","[-0.002167, 0.001129, 0.026337, 0.999634]","[0.046631, -0.222900, 0.048584]","[[0.997375, 0.071533, 0.002563], [-0.071533, 0.997192, -0.019653], [-0.004028, 0.019409, 0.999695]]",0.997375,"[8152, 7903, 7927, 8006]"
38.052895,"[0.058594, 0.250000, -0.722656]","[0.000000, -0.000000, -0.000000]","[0.029999, 0.009998, 0.327499]","[0.000002, -0.000001, -0.000001]","[-0.002686, -0.017334, 0.072510]","[-0.008606, -0.001709, 0.036285, 0.999298]","[-0.002136, 0.001617, 0.026367, 0.999634]","[0.072510, 0.064697, 0.013428]","[[0.997314, 0.072510, 0.002747], [-0.072510, 0.997192, -0.017395], [-0.004089, 0.017029, 0.999817]]",0.997314,"[8060, 7988, 7984, 7932]"
38.211105,"[0.066406, 0.250000, -0.687500]","[0.000001, -0.000001, -0.000000]","[0.039999, 0.009998, 0.388182]","[0.000010, -0.000007, -0.000004]","[-0.003662, -0.019775, 0.079590]","[-0.009827, -0.002228, 0.039886, 0.999146]","[-0.002106, 0.002594, 0.026367, 0.999634]","[-0.052246, -0.076660, -0.024658]","[[0.996765, 0.079651, 0.003662], [-0.079651, 0.996582, -0.019836], [-0.005249, 0.019470, 0.999756]]",0.996765,"[8208, 8025, 8036, 8065]"
38.222816,"[0.066406, 0.250000, -0.675781]","[0.000001, -0.000001, -0.000000]","[0.070000, 0.019999, 0.409546]","[0.000012, -0.000008, -0.000004]","[-0.003906, -0.019775, 0.079834]","[-0.009766, -0.002380, 0.040039, 0.999146]","[-0.002563, 0.004089, 0.026367, 0.999634]","[0.065674, 0.150879, 0.087402]","[[0.996765, 0.079956, 0.003967], [-0.079956, 0.996582, -0.019775], [-0.005554, 0.019287, 0.999756]]",0.996765,"[8234, 8026, 8027, 8062]"
38.353683,"[0.078125, 0.250000, -0.648438]","[0.000004, -0.000003, -0.000001]","[0.049999, 0.009998, 0.471830]","[0.000035, -0.000023, -0.000012]","[-0.000977, -0.020020, 0.081543]","[-0.009949, -0.000977, 0.040894, 0.999115]","[-0.002197, 0.003937, 0.026367, 0.999634]","[-0.033936, -0.167725, -0.044922]","[[0.996643, 0.081665, 0.001099], [-0.081665, 0.996460, -0.020020], [-0.002808, 0.019775, 0.999756]]",0.996643,"[8223, 8066, 8128, 8139]"
38.355633,"[0.078125, 0.250000, -0.648438]","[0.000004, -0.000003, -0.000001]","[0.089998, 0.019999, 0.471830]","[0.000035, -0.000023, -0.000012]","[-0.000977, -0.020020, 0.081543]","[-0.009949, -0.000977, 0.040894, 0.999115]","[-0.002625, 0.005920, 0.026367, 0.999603]","[-0.033936, -0.167725, -0.044922]","[[0.996643, 0.081665, 0.001099], [-0.081665, 0.996460, -0.020020], [-0.002808, 0.019775, 0.999756]]",0.996643,"[8230, 8090, 8112, 8152]"
38.390785,"[0.089844, 0.250000, -0.621094]","[0.000006, -0.000004, -0.000002]","[0.080000, 0.029999, 0.535948]","[0.000044, -0.000029, -0.000016]","[-0.000244, -0.020264, 0.082031]","[-0.010132, -0.000641, 0.041107, 0.999084]","[-0.002991, 0.006042, 0.026367, 0.999603]","[0.008789, -0.227295, -0.001221]","[[0.996521, 0.082092, 0.000427], [-0.082092, 0.996338, -0.020325], [-0.002136, 0.020203, 0.999695]]",0.996521,"[8290, 8112, 8115, 8183]"
38.423996,"[0.089844, 0.250000, -0.609375]","[0.000007, -0.000004, -0.000002]","[0.119999, 0.029999, 0.548393]","[0.000050, -0.000033, -0.000018]","[0.000488, -0.019531, 0.082520]","[-0.009796, -0.000092, 0.041290, 0.999084]","[-0.002930, 0.008118, 0.026367, 0.999603]","[0.007080, 0.321777, 0.018066]","[[0.996521, 0.082458, -0.000671], [-0.082458, 0.996338, -0.019653], [-0.001038, 0.019531, 0.999695]]",0.996521,"[8299, 8143, 8164, 8152]"
38.457191,"[0.089844, 0.250000, -0.593750]","[0.000009, -0.000006, -0.000003]","[0.089998, 0.019999, 0.578880]","[0.000063, -0.000041, -0.000022]","[0.000732, -0.019531, 0.082520]","[-0.009827, 0.000031, 0.041321, 0.999084]","[-0.002747, 0.006653, 0.026367, 0.999603]","[0.048584, -0.214844, 0.032471]","[[0.996521, 0.082458, -0.000854], [-0.082581, 0.996338, -0.019653], [-0.000854, 0.019653, 0.999695]]",0.996521,"[8317, 8187, 8172, 8197]"
38.50602,"[0.097656, 0.257812, -0.574219]","[0.000012, -0.000008, -0.000004]","[0.099998, 0.019999, 0.600965]","[0.000078, -0.000051, -0.000028]","[0.001953, -0.020508, 0.082764]","[-0.010254, 0.000671, 0.041504, 0.999084]","[-0.003082, 0.007751, 0.026367, 0.999603]","[-0.073975, 0.016846, -0.038574]","[[0.996521, 0.082825, -0.002136], [-0.082947, 0.996338, -0.020508], [0.000427, 0.020508, 0.999756]]",0.996521,"[8357, 8155, 8187, 8237]"
38.523598,"[0.097656, 0.257812, -0.562500]","[0.000013, -0.000009, -0.000005]","[0.119999, 0.029999, 0.621576]","[0.000086, -0.000056, -0.000031]","[0.001465, -0.020264, 0.082764]","[-0.010132, 0.000427, 0.041534, 0.999084]","[-0.003418, 0.008759, 0.026367, 0.999603]","[0.058350, -0.226074, 0.026611]","[[0.996521, 0.082886, -0.001648], [-0.083008, 0.996338, -0.020264], [-0.000061, 0.020264, 0.999756]]",0.996521,"[8355, 8189, 8203, 8222]"
38.558754,"[0.109375, 0.257812, -0.546875]","[0.000017, -0.000011, -0.000006]","[0.099998, 0.029999, 0.642019]","[0.000105, -0.000069, -0.000037]","[0.001709, -0.020508, 0.083008]","[-0.010284, 0.000458, 0.041626, 0.999084]","[-0.003418, 0.008636, 0.026367, 0.999603]","[-0.105957, -0.226562, 0.011963]","[[0.996521, 0.083069, -0.001770], [-0.083191, 0.996338, -0.020569], [-0.000061, 0.020569, 0.999756]]",0.996521,"[8366, 8222, 8224, 8253]"
38.590008,"[0.109375, 0.257812, -0.539062]","[0.000021, -0.000014, -0.000008]","[0.150000, 0.029999, 0.623064]","[0.000127, -0.000083, -0.000045]","[0.002197, -0.020508, 0.083252]","[-0.010376, 0.000732, 0.041687, 0.999084]","[-0.003357, 0.011078, 0.026367, 0.999573]","[0.154541, 0.022705, 0.035645]","[[0.996521, 0.083191, -0.002319], [-0.083313, 0.996338, -0.020691], [0.000488, 0.020813, 0.999756]]",0.996521,"[8412, 8226, 8224, 8260]"
38.623211,"[0.117188, 0.257812, -0.523438]","[0.000024, -0.000016, -0.000009]","[0.139999, 0.019999, 0.660549]","[0.000139, -0.000091, -0.000049]","[0.003906, -0.020996, 0.083252]","[-0.010590, 0.001526, 0.041718, 0.999084]","[-0.003113, 0.011169, 0.026367, 0.999573]","[-0.178223, -0.031494, -0.022705]","[[0.996521, 0.083252, -0.003906], [-0.083374, 0.996338, -0.021057], [0.002075, 0.021301, 0.999817]]",0.996521,"[8399, 8239, 8247, 8264]"
38.658363,"[0.117188, 0.257812, -0.503906]","[0.000030, -0.000020, -0.000011]","[0.109999, 0.029999, 0.666222]","[0.000165, -0.000108, -0.000059]","[0.004883, -0.020996, 0.083252]","[-0.010620, 0.002075, 0.041779, 0.999084]","[-0.003510, 0.009857, 0.026367, 0.999573]","[-0.102295, 0.109863, -0.009277]","[[0.996521, 0.083374, -0.005005], [-0.083496, 0.996338, -0.021118], [0.003174, 0.021362, 0.999817]]",0.996521,"[8407, 8241, 8259, 8284]"
38.691582,"[0.128906, 0.257812, -0.492188]","[0.000037, -0.000024, -0.000013]","[0.150000, 0.029999, 0.644274]","[0.000195, -0.000128, -0.000070]","[0.004883, -0.020020, 0.083496]","[-0.010162, 0.002136, 0.041901, 0.999054]","[-0.003448, 0.012421, 0.026398, 0.999542]","[0.168457, -0.080322, 0.020264]","[[0.996399, 0.083618, -0.005066], [-0.083740, 0.996216, -0.020203], [0.003357, 0.020447, 0.999695]]",0.996399,"[8413, 8260, 8268, 8335]"
38.824394,"[0.128906, 0.257812, -0.457031]","[0.000072, -0.000047, -0.000026]","[0.129999, 0.029999, 0.608713]","[0.000329, -0.000216, -0.000118]","[0.009521, -0.020264, 0.083496]","[-0.010315, 0.004364, 0.041931, 0.999054]","[-0.003571, 0.011810, 0.026398, 0.999573]","[-0.032715, 0.254639, -0.008301]","[[0.996399, 0.083618, -0.009583], [-0.083862, 0.996216, -0.020325], [0.007751, 0.020935, 0.999695]]",0.996399,"[8427, 8267, 8267, 8307]"
38.826336,"[0.128906, 0.257812, -0.457031]","[0.000072, -0.000047, -0.000026]","[0.169998, 0.029999, 0.608713]","[0.000329, -0.000216, -0.000118]","[0.009521, -0.020264, 0.083496]","[-0.010315, 0.004364, 0.041931, 0.999054]","[-0.003540, 0.013763, 0.026398, 0.999542]","[-0.032715, 0.254639, -0.008301]","[[0.996399, 0.083618, -0.009583], [-0.083862, 0.996216, -0.020325], [0.007751, 0.020935, 0.999695]]",0.996399,"[8397, 8288, 8293, 8293]"
38.828304,"[0.148438, 0.257812, -0.449219]","[0.000072, -0.000047, -0.000026]","[0.139999, 0.029999, 0.632475]","[0.000329, -0.000216, -0.000118]","[0.009277, -0.020752, 0.083496]","[-0.010529, 0.004272, 0.041931, 0.999054]","[-0.003540, 0.013519, 0.026398, 0.999542]","[0.103516, -0.176758, 0.014404]","[[0.996399, 0.083618, -0.009399], [-0.083862, 0.996216, -0.020752], [0.007568, 0.021362, 0.999695]]",0.996399,"[8421, 8285, 8285, 8315]"
38.968918,"[0.156250, 0.269531, -0.406250]","[0.000129, -0.000085, -0.000046]","[0.150000, 0.029999, 0.587778]","[0.000520, -0.000342, -0.000187]","[0.012695, -0.021729, 0.082764]","[-0.011139, 0.005951, 0.041504, 0.999054]","[-0.004364, 0.014740, 0.026398, 0.999512]","[-0.119873, 0.078613, -0.034912]","[[0.996460, 0.082703, -0.012817], [-0.083069, 0.996277, -0.021790], [0.010864, 0.022766, 0.999634]]",0.99646,"[8427, 8263, 8284, 8320]"
38.970863,"[0.167969, 0.269531, -0.402344]","[0.000129, -0.000085, -0.000046]","[0.179998, 0.029999, 0.600441]","[0.000520, -0.000342, -0.000187]","[0.012695, -0.021973, 0.082764]","[-0.011322, 0.005920, 0.041504, 0.999054]","[-0.004303, 0.016937, 0.026398, 0.999481]","[-0.197021, -0.106445, 0.021240]","[[0.996460, 0.082703, -0.012756], [-0.083069, 0.996277, -0.022156], [0.010803, 0.023132, 0.999634]]",0.99646,"[8428, 8263, 8278, 8333]"
38.992348,"[0.167969, 0.277344, -0.394531]","[0.000140, -0.000092, -0.000050]","[0.150000, 0.029999, 0.606096]","[0.000553, -0.000363, -0.000198]","[0.013428, -0.021973, 0.082520]","[-0.011292, 0.006256, 0.041412, 0.999054]","[-0.004822, 0.015625, 0.026428, 0.999512]","[-0.280029, -0.111084, 0.017090]","[[0.996460, 0.082520, -0.013428], [-0.082886, 0.996277, -0.022095], [0.011475, 0.023071, 0.999634]]",0.99646,"[8428, 8282, 8286, 8309]"
39.13493,"[0.179688, 0.277344, -0.359375]","[0.000250, -0.000164, -0.000090]","[0.179998, 0.039999, 0.540571]","[0.000869, -0.000572, -0.000312]","[0.019531, -0.021973, 0.080566]","[-0.011444, 0.009308, 0.040527, 0.999054]","[-0.005493, 0.018311, 0.026428, 0.999451]","[0.192871, -0.015869, -0.049805]","[[0.996460, 0.080688, -0.019531], [-0.081177, 0.996338, -0.022156], [0.017578, 0.023621, 0.999451]]",0.99646,"[8418, 8268, 8297, 8350]"
39.136879,"[0.187500, 0.277344, -0.347656]","[0.000250, -0.000164, -0.000090]","[0.189999, 0.039999, 0.555714]","[0.000869, -0.000572, -0.000312]","[0.019531, -0.022461, 0.080566]","[-0.011688, 0.009308, 0.040527, 0.999054]","[-0.005463, 0.019165, 0.026428, 0.999451]","[-0.174561, 0.073242, 0.018555]","[[0.996460, 0.080688, -0.019531], [-0.081177, 0.996338, -0.022644], [0.017578, 0.024109, 0.999451]]",0.99646,"[8420, 8263, 8282, 8335]"
39.189613,"[0.199219, 0.277344, -0.332031]","[0.000286, -0.000188, -0.000102]","[0.160000, 0.039999, 0.535685]","[0.000964, -0.000635, -0.000347]","[0.021484, -0.023926, 0.080078]","[-0.012390, 0.010345, 0.040314, 0.999054]","[-0.005585, 0.018707, 0.026428, 0.999451]","[0.131592, 0.017822, -0.016846]","[[0.996521, 0.080200, -0.021667], [-0.080811, 0.996399, -0.023987], [0.019592, 0.025574, 0.999451]]",0.996521,"[8460, 8267, 8271, 8331]"
39.19352,"[0.199219, 0.277344, -0.328125]","[0.000305, -0.000200, -0.000109]","[0.179998, 0.029999, 0.558702]","[0.001015, -0.000668, -0.000365]","[0.021729, -0.023926, 0.080078]","[-0.012421, 0.010406, 0.040283, 0.999054]","[-0.004944, 0.019653, 0.026428, 0.999420]","[-0.115967, 0.083252, 0.003906]","[[0.996521, 0.080139, -0.021790], [-0.080750, 0.996399, -0.024048], [0.019714, 0.025635, 0.999451]]",0.996521,"[8447, 8258, 8260, 8349]"
39.226723,"[0.207031, 0.277344, -0.316406]","[0.000325, -0.000214, -0.000117]","[0.150000, 0.029999, 0.566217]","[0.001067, -0.000703, -0.000384]","[0.023682, -0.022461, 0.079834]","[-0.011719, 0.011383, 0.040161, 0.999054]","[-0.004974, 0.018799, 0.026428, 0.999451]","[0.101318, -0.017090, -0.026855]","[[0.996460, 0.079895, -0.023682], [-0.080505, 0.996460, -0.022583], [0.021729, 0.024292, 0.999390]]",0.99646,"[8409, 8295, 8303, 8342]"
39.293129,"[0.218750, 0.289062, -0.292969]","[0.000417, -0.000274, -0.000150]","[0.179998, 0.029999, 0.585054]","[0.001295, -0.000853, -0.000466]","[0.023926, -0.023193, 0.078857]","[-0.012085, 0.011597, 0.039703, 0.999054]","[-0.005646, 0.021149, 0.026459, 0.999390]","[-0.001953, -0.001221, -0.050293]","[[0.996460, 0.078979, -0.024109], [-0.079590, 0.996460, -0.023254], [0.022156, 0.025085, 0.999329]]",0.99646,"[8473, 8327, 8295, 8327]"
39.326332,"[0.226562, 0.289062, -0.281250]","[0.000443, -0.000291, -0.000159]","[0.129999, 0.039999, 0.550495]","[0.001357, -0.000894, -0.000489]","[0.025635, -0.022461, 0.078369]","[-0.011749, 0.012421, 0.039368, 0.999054]","[-0.006317, 0.019318, 0.026459, 0.999420]","[0.081543, 0.103516, 0.012451]","[[0.996460, 0.078308, -0.025757], [-0.078918, 0.996521, -0.022522], [0.023804, 0.024475, 0.999268]]",0.99646,"[8451, 8330, 8310, 8333]"
39.359535,"[0.226562, 0.289062, -0.273438]","[0.000499, -0.000328, -0.000179]","[0.150000, 0.029999, 0.573647]","[0.001487, -0.000980, -0.000536]","[0.029541, -0.024414, 0.077881]","[-0.012756, 0.014282, 0.039185, 0.999054]","[-0.005676, 0.020416, 0.026459, 0.999420]","[-0.230469, -0.064941, -0.030518]","[[0.996521, 0.077881, -0.029541], [-0.078613, 0.996582, -0.024414], [0.027466, 0.026611, 0.999268]]",0.996521,"[8410, 8245, 8348, 8434]"
39.392738,"[0.238281, 0.289062, -0.261719]","[0.000559, -0.000368, -0.000201]","[0.160000, 0.029999, 0.575418]","[0.001625, -0.001072, -0.000586]","[0.034180, -0.023438, 0.077148]","[-0.012451, 0.016632, 0.038879, 0.999023]","[-0.005768, 0.021759, 0.026459, 0.999390]","[-0.062744, 0.222656, -0.052490]","[[0.996399, 0.077209, -0.034180], [-0.078064, 0.996643, -0.023621], [0.032227, 0.026184, 0.999084]]",0.996399,"[8358, 8252, 8395, 8438]"
39.427898,"[0.250000, 0.289062, -0.253906]","[0.000626, -0.000412, -0.000225]","[0.129999, 0.019999, 0.553106]","[0.001772, -0.001169, -0.000640]","[0.038818, -0.025635, 0.076904]","[-0.013611, 0.018890, 0.038818, 0.998962]","[-0.005402, 0.020996, 0.026459, 0.999390]","[-0.065430, 0.363281, -0.016113]","[[0.996216, 0.076965, -0.038818], [-0.078064, 0.996521, -0.025757], [0.036621, 0.028687, 0.998840]]",0.996216,"[8423, 8216, 8383, 8484]"
39.461102,"[0.250000, 0.289062, -0.242188]","[0.000661, -0.000435, -0.000238]","[0.139999, 0.039999, 0.531979]","[0.001849, -0.001220, -0.000667]","[0.041016, -0.027588, 0.076660]","[-0.014557, 0.020020, 0.038696, 0.998932]","[-0.006378, 0.021759, 0.026459, 0.999390]","[-0.011475, 0.216797, 0.040527]","[[0.996094, 0.076660, -0.041138], [-0.077881, 0.996521, -0.027588], [0.038818, 0.030640, 0.998718]]",0.996094,"[8444, 8201, 8370, 8489]"
39.494301,"[0.257812, 0.296875, -0.234375]","[0.000736, -0.000485, -0.000265]","[0.129999, 0.019999, 0.521385]","[0.002010, -0.001327, -0.000726]","[0.038574, -0.026123, 0.076172]","[-0.013824, 0.018799, 0.038452, 0.998993]","[-0.006012, 0.021881, 0.026459, 0.999390]","[0.114746, -0.284180, -0.032715]","[[0.996338, 0.076233, -0.038635], [-0.077332, 0.996643, -0.026245], [0.036438, 0.029053, 0.998901]]",0.996338,"[8462, 8317, 8332, 8360]"
39.527512,"[0.257812, 0.296875, -0.226562]","[0.000818, -0.000539, -0.000294]","[0.109999, 0.019999, 0.491861]","[0.002180, -0.001440, -0.000788]","[0.035889, -0.023926, 0.076172]","[-0.012665, 0.017517, 0.038422, 0.999023]","[-0.006012, 0.021027, 0.026459, 0.999390]","[-0.136719, 0.245605, 0.035156]","[[0.996399, 0.076233, -0.035950], [-0.077209, 0.996704, -0.023987], [0.033997, 0.026672, 0.999023]]",0.996399,"[8483, 8417, 8283, 8239]"
39.560707,"[0.257812, 0.296875, -0.218750]","[0.000862, -0.000568, -0.000310]","[0.119999, 0.029999, 0.489683]","[0.002269, -0.001499, -0.000820]","[0.038330, -0.025391, 0.076416]","[-0.013489, 0.018646, 0.038513, 0.998993]","[-0.006378, 0.021637, 0.026459, 0.999390]","[0.152832, -0.033447, 0.008301]","[[0.996277, 0.076355, -0.038330], [-0.077454, 0.996643, -0.025574], [0.036133, 0.028381, 0.998901]]",0.996277,"[8422, 8249, 8354, 8429]"
39.59586,"[0.257812, 0.296875, -0.210938]","[0.000954, -0.000628, -0.000344]","[0.080000, 0.029999, 0.473499]","[0.002454, -0.001621, -0.000887]","[0.040527, -0.028320, 0.076904]","[-0.015015, 0.019714, 0.038757, 0.998932]","[-0.006531, 0.019806, 0.026459, 0.999420]","[0.055664, -0.184570, 0.033691]","[[0.996155, 0.076782, -0.040588], [-0.078003, 0.996460, -0.028503], [0.038147, 0.031555, 0.998718]]",0.996155,"[8462, 8213, 8334, 8464]"
39.629066,"[0.257812, 0.296875, -0.203125]","[0.001053, -0.000694, -0.000380]","[0.119999, 0.019999, 0.463888]","[0.002649, -0.001751, -0.000958]","[0.039307, -0.025879, 0.076904]","[-0.013702, 0.019226, 0.038818, 0.998962]","[-0.006134, 0.021759, 0.026459, 0.999390]","[-0.105469, -0.033936, -0.002930]","[[0.996216, 0.076965, -0.039490], [-0.078064, 0.996582, -0.025940], [0.037292, 0.028870, 0.998840]]",0.996216,"[8418, 8284, 8352, 8349]"
39.66227,"[0.269531, 0.296875, -0.203125]","[0.001161, -0.000765, -0.000418]","[0.080000, 0.029999, 0.424873]","[0.002854, -0.001887, -0.001033]","[0.038086, -0.027832, 0.077881]","[-0.014679, 0.018524, 0.039215, 0.998962]","[-0.006531, 0.020660, 0.026459, 0.999390]","[0.048584, 0.075439, 0.000244]","[[0.996277, 0.077759, -0.038147], [-0.078857, 0.996521, -0.027954], [0.035828, 0.030762, 0.998901]]",0.996277,"[8539, 8266, 8271, 8370]"
39.695473,"[0.269531, 0.296875, -0.195312]","[0.001218, -0.000803, -0.000439]","[0.080000, 0.019999, 0.409452]","[0.002961, -0.001958, -0.001072]","[0.036621, -0.027344, 0.078369]","[-0.014435, 0.017822, 0.039459, 0.998962]","[-0.006287, 0.020782, 0.026459, 0.999390]","[-0.088379, -0.119141, 0.082520]","[[0.996216, 0.078247, -0.036743], [-0.079346, 0.996460, -0.027466], [0.034424, 0.030273, 0.998962]]",0.996216,"[8469, 8294, 8283, 8332]"
39.761879,"[0.277344, 0.296875, -0.183594]","[0.001466, -0.000967, -0.000529]","[0.070000, 0.019999, 0.425331]","[0.003415, -0.002260, -0.001238]","[0.034912, -0.032959, 0.080811]","[-0.017212, 0.016815, 0.040710, 0.998871]","[-0.006256, 0.020905, 0.026459, 0.999390]","[-0.053711, 0.274902, 0.096924]","[[0.996033, 0.080688, -0.034973], [-0.081909, 0.996033, -0.033081], [0.032166, 0.035767, 0.998779]]",0.996033,"[8489, 8255, 8276, 8369]"
39.797035,"[0.277344, 0.296875, -0.179688]","[0.001604, -0.001059, -0.000579]","[0.080000, 0.009998, 0.429581]","[0.003658, -0.002422, -0.001327]","[0.035889, -0.034668, 0.082764]","[-0.018036, 0.017273, 0.041809, 0.998810]","[-0.005890, 0.021515, 0.026459, 0.999390]","[0.057617, 0.225830, 0.101074]","[[0.995850, 0.082825, -0.036011], [-0.084167, 0.995789, -0.034668], [0.032959, 0.037476, 0.998718]]",0.99585,"[8549, 8196, 8297, 8399]"
39.830242,"[0.289062, 0.296875, -0.171875]","[0.001677, -0.001107, -0.000606]","[0.059999, 0.000000, 0.435068]","[0.003784, -0.002506, -0.001373]","[0.036133, -0.038330, 0.085205]","[-0.019958, 0.017242, 0.043060, 0.998718]","[-0.005280, 0.021484, 0.026459, 0.999390]","[-0.135254, -0.221436, 0.086182]","[[0.995667, 0.085266, -0.036194], [-0.086731, 0.995422, -0.038452], [0.032654, 0.041382, 0.998535]]",0.995667,"[8603, 8168, 8256, 8445]"
39.861488,"[0.277344, 0.296875, -0.167969]","[0.001830, -0.001208, -0.000661]","[0.059999, -0.009998, 0.409575]","[0.004046, -0.002681, -0.001469]","[0.035400, -0.036377, 0.087891]","[-0.018921, 0.016876, 0.044342, 0.998688]","[-0.004944, 0.020752, 0.026428, 0.999420]","[0.209229, 0.136475, 0.112305]","[[0.995422, 0.087891, -0.035400], [-0.089233, 0.995300, -0.036377], [0.031982, 0.039307, 0.998657]]",0.995422,"[8525, 8228, 8284, 8347]"
39.894691,"[0.277344, 0.296875, -0.164062]","[0.001993, -0.001317, -0.000720]","[0.059999, 0.009998, 0.415419]","[0.004319, -0.002863, -0.001569]","[0.035400, -0.034180, 0.091309]","[-0.017853, 0.016968, 0.045990, 0.998627]","[-0.006012, 0.020905, 0.026459, 0.999390]","[-0.103271, -0.114990, 0.063477]","[[0.995117, 0.091187, -0.035522], [-0.092407, 0.995056, -0.034180], [0.032227, 0.037231, 0.998718]]",0.995117,"[8495, 8248, 8355, 8318]"
39.927895,"[0.289062, 0.308594, -0.160156]","[0.002079, -0.001373, -0.000751]","[0.049999, 0.000000, 0.401524]","[0.004460, -0.002957, -0.001620]","[0.037354, -0.036865, 0.094238]","[-0.019318, 0.017853, 0.047485, 0.998535]","[-0.006134, 0.021271, 0.026459, 0.999390]","[-0.369385, 0.269043, 0.096924]","[[0.994873, 0.094055, -0.037537], [-0.095520, 0.994751, -0.036987], [0.033752, 0.040283, 0.998596]]",0.994873,"[8539, 8180, 8297, 8410]"
39.963051,"[0.289062, 0.308594, -0.160156]","[0.002259, -0.001493, -0.000817]","[0.049999, -0.009998, 0.377687]","[0.004751, -0.003151, -0.001727]","[0.040527, -0.045654, 0.097656]","[-0.023773, 0.019165, 0.049286, 0.998322]","[-0.005768, 0.021515, 0.026459, 0.999390]","[0.192871, 0.152588, 0.062256]","[[0.994385, 0.097473, -0.040588], [-0.099304, 0.994019, -0.045654], [0.035828, 0.049316, 0.998108]]",0.994385,"[8690, 7979, 8181, 8612]"
39.996254,"[0.289062, 0.308594, -0.152344]","[0.002450, -0.001620, -0.000886]","[0.049999, -0.029999, 0.362984]","[0.005055, -0.003354, -0.001839]","[0.043457, -0.046631, 0.100830]","[-0.024445, 0.020538, 0.050964, 0.998199]","[-0.004913, 0.021606, 0.026428, 0.999390]","[-0.277344, 0.155029, 0.173096]","[[0.993958, 0.100647, -0.043457], [-0.102722, 0.993591, -0.046753], [0.038452, 0.050903, 0.997986]]",0.993958,"[8539, 8048, 8296, 8484]"
40.029457,"[0.289062, 0.308594, -0.148438]","[0.002551, -0.001686, -0.000923]","[0.039999, -0.029999, 0.374268]","[0.005212, -0.003459, -0.001896]","[0.041748, -0.050049, 0.103271]","[-0.026123, 0.019623, 0.052155, 0.998077]","[-0.004913, 0.021118, 0.026428, 0.999390]","[0.187012, -0.281494, 0.019775]","[[0.993652, 0.103027, -0.041870], [-0.105103, 0.993042, -0.050171], [0.036377, 0.054199, 0.997742]]",0.993652,"[8678, 8023, 8189, 8507]"
40.062664,"[0.289062, 0.296875, -0.144531]","[0.002761, -0.001825, -0.000999]","[0.049999, -0.049999, 0.371841]","[0.005535, -0.003675, -0.002015]","[0.038574, -0.052490, 0.105713]","[-0.027252, 0.017975, 0.053375, 0.998047]","[-0.003204, 0.021667, 0.026398, 0.999390]","[-0.444336, 0.051270, 0.067627]","[[0.993652, 0.105469, -0.038757], [-0.107544, 0.992798, -0.052551], [0.032898, 0.056335, 0.997864]]",0.993652,"[8685, 8160, 8180, 8397]"
40.097816,"[0.296875, 0.296875, -0.140625]","[0.002983, -0.001973, -0.001080]","[0.009998, -0.059999, 0.366219]","[0.005871, -0.003900, -0.002139]","[0.033691, -0.054199, 0.107666]","[-0.028015, 0.015442, 0.054291, 0.997986]","[-0.002747, 0.020325, 0.026398, 0.999420]","[0.193848, 0.130127, 0.047852]","[[0.993469, 0.107422, -0.033813], [-0.109253, 0.992371, -0.054321], [0.027710, 0.057617, 0.997803]]",0.993469,"[8794, 8163, 8076, 8402]"
40.13102,"[0.296875, 0.296875, -0.136719]","[0.003219, -0.002130, -0.001167]","[0.029999, -0.070000, 0.339634]","[0.006221, -0.004134, -0.002267]","[0.031982, -0.057861, 0.110840]","[-0.029785, 0.014435, 0.055939, 0.997894]","[-0.002472, 0.021423, 0.026398, 0.999390]","[0.048096, -0.005859, 0.106445]","[[0.993347, 0.110718, -0.032166], [-0.112549, 0.991943, -0.057861], [0.025452, 0.061035, 0.997803]]",0.993347,"[8762, 8109, 8128, 8431]"
40.164223,"[0.296875, 0.296875, -0.132812]","[0.003343, -0.002212, -0.001211]","[0.029999, -0.099998, 0.331415]","[0.006401, -0.004254, -0.002334]","[0.034180, -0.050537, 0.113770]","[-0.026276, 0.015625, 0.057343, 0.997894]","[-0.001007, 0.021393, 0.026367, 0.999420]","[-0.024170, 0.046631, 0.109619]","[[0.992920, 0.113586, -0.034180], [-0.115295, 0.992065, -0.050720], [0.028076, 0.054260, 0.998108]]",0.99292,"[8493, 8172, 8315, 8315]"
40.19743,"[0.296875, 0.289062, -0.128906]","[0.003600, -0.002383, -0.001305]","[0.009998, -0.089998, 0.322424]","[0.006770, -0.004502, -0.002470]","[0.035400, -0.051758, 0.117432]","[-0.026917, 0.016144, 0.059174, 0.997742]","[-0.001038, 0.020538, 0.026367, 0.999420]","[0.165771, -0.105957, 0.049561]","[[0.992371, 0.117126, -0.035400], [-0.118958, 0.991455, -0.051880], [0.028931, 0.055664, 0.997925]]",0.992371,"[8624, 8053, 8254, 8413]"
40.230629,"[0.296875, 0.289062, -0.125000]","[0.003872, -0.002564, -0.001404]","[0.039999, -0.109999, 0.308886]","[0.007154, -0.004759, -0.002611]","[0.032715, -0.043213, 0.120117]","[-0.022583, 0.015106, 0.060486, 0.997803]","[0.000000, 0.022095, 0.026337, 0.999390]","[0.134277, -0.108643, 0.108643]","[[0.992188, 0.119934, -0.032837], [-0.121399, 0.991638, -0.043335], [0.027344, 0.046875, 0.998474]]",0.992188,"[8533, 8241, 8323, 8197]"
40.263832,"[0.296875, 0.289062, -0.117188]","[0.004013, -0.002658, -0.001456]","[0.009998, -0.119999, 0.300581]","[0.007351, -0.004891, -0.002684]","[0.028076, -0.046631, 0.123291]","[-0.024170, 0.012634, 0.061981, 0.997681]","[0.000397, 0.020477, 0.026337, 0.999420]","[-0.035889, -0.041016, 0.092529]","[[0.991882, 0.122986, -0.028259], [-0.124329, 0.991028, -0.046753], [0.022156, 0.049805, 0.998352]]",0.991882,"[8806, 8175, 8116, 8283]"
40.297035,"[0.308594, 0.277344, -0.117188]","[0.004308, -0.002854, -0.001564]","[0.019999, -0.119999, 0.279158]","[0.007756, -0.005162, -0.002834]","[0.021240, -0.039062, 0.125488]","[-0.020172, 0.009460, 0.063049, 0.997772]","[0.001038, 0.021820, 0.026306, 0.999390]","[0.119873, -0.018555, 0.130859]","[[0.991882, 0.125366, -0.021423], [-0.126221, 0.991211, -0.039124], [0.016296, 0.041443, 0.999023]]",0.991882,"[8641, 8320, 8170, 8072]"
40.330238,"[0.308594, 0.277344, -0.109375]","[0.004620, -0.003062, -0.001678]","[0.019999, -0.150000, 0.292542]","[0.008175, -0.005443, -0.002989]","[0.015381, -0.042236, 0.128174]","[-0.021606, 0.006409, 0.064240, 0.997650]","[0.002502, 0.021790, 0.026276, 0.999390]","[-0.044922, -0.197510, 0.032959]","[[0.991516, 0.127869, -0.015564], [-0.128479, 0.990662, -0.042358], [0.009949, 0.043945, 0.998840]]",0.991516,"[8841, 8237, 8036, 8204]"
40.365395,"[0.308594, 0.269531, -0.109375]","[0.004947, -0.003280, -0.001797]","[0.009998, -0.129999, 0.256788]","[0.008608, -0.005735, -0.003149]","[0.014404, -0.037598, 0.130371]","[-0.019196, 0.006042, 0.065369, 0.997650]","[0.002014, 0.021423, 0.026276, 0.999420]","[0.169922, 0.057129, 0.062744]","[[0.991333, 0.130127, -0.014587], [-0.130615, 0.990662, -0.037598], [0.009460, 0.039062, 0.999146]]",0.991333,"[8637, 8236, 8159, 8169]"
40.398598,"[0.296875, 0.269531, -0.105469]","[0.005118, -0.003393, -0.001860]","[0.029999, -0.169998, 0.263056]","[0.008831, -0.005884, -0.003231]","[0.014893, -0.038574, 0.133301]","[-0.019714, 0.006195, 0.066864, 0.997528]","[0.004089, 0.021729, 0.026245, 0.999390]","[-0.077148, -0.092041, 0.134766]","[[0.990845, 0.133057, -0.015015], [-0.133667, 0.990173, -0.038574], [0.009644, 0.040161, 0.999023]]",0.990845,"[8674, 8136, 8189, 8254]"
40.431801,"[0.308594, 0.257812, -0.101562]","[0.005471, -0.003629, -0.001989]","[0.029999, -0.139999, 0.273838]","[0.009286, -0.006190, -0.003400]","[0.011230, -0.037842, 0.135498]","[-0.019287, 0.004333, 0.067932, 0.997498]","[0.003387, 0.022614, 0.026245, 0.999390]","[0.024170, -0.178711, 0.026611]","[[0.990723, 0.135315, -0.011230], [-0.135681, 0.989990, -0.037964], [0.005981, 0.039062, 0.999207]]",0.990723,"[8771, 8187, 8119, 8212]"
40.465004,"[0.308594, 0.257812, -0.097656]","[0.005843, -0.003877, -0.002126]","[0.029999, -0.150000, 0.259064]","[0.009757, -0.006507, -0.003575]","[0.010010, -0.036377, 0.137939]","[-0.018555, 0.003754, 0.069061, 0.997437]","[0.003876, 0.022705, 0.026245, 0.999359]","[0.118408, 0.093506, 0.102295]","[[0.990417, 0.137573, -0.010010], [-0.137939, 0.989746, -0.036560], [0.004883, 0.037537, 0.999268]]",0.990417,"[8721, 8205, 8111, 8179]"
40.498211,"[0.308594, 0.250000, -0.093750]","[0.006036, -0.004006, -0.002196]","[0.039999, -0.189999, 0.260223]","[0.009997, -0.006669, -0.003664]","[0.010498, -0.034424, 0.140381]","[-0.017609, 0.004120, 0.070312, 0.997375]","[0.006226, 0.023254, 0.026184, 0.999359]","[-0.039795, -0.002686, 0.026611]","[[0.990112, 0.140015, -0.010681], [-0.140381, 0.989502, -0.034607], [0.005676, 0.035706, 0.999390]]",0.990112,"[8640, 8159, 8172, 8202]"
40.533363,"[0.308594, 0.238281, -0.089844]","[0.006436, -0.004273, -0.002343]","[0.029999, -0.160000, 0.231667]","[0.010490, -0.007001, -0.003847]","[0.006104, -0.035156, 0.142334]","[-0.017731, 0.001801, 0.071259, 0.997314]","[0.005463, 0.022919, 0.026215, 0.999359]","[0.060059, -0.004883, 0.020752]","[[0.989868, 0.141968, -0.006104], [-0.142212, 0.989258, -0.035156], [0.000977, 0.035645, 0.999390]]",0.989868,"[8843, 8213, 8054, 8155]"
40.566566,"[0.316406, 0.238281, -0.089844]","[0.006856, -0.004553, -0.002497]","[0.049999, -0.199999, 0.210543]","[0.010999, -0.007343, -0.004036]","[0.003418, -0.030518, 0.143799]","[-0.015381, 0.000610, 0.071991, 0.997284]","[0.007568, 0.024323, 0.026154, 0.999329]","[0.135742, -0.033936, 0.062256]","[[0.989563, 0.143494, -0.003418], [-0.143616, 0.989136, -0.030640], [-0.001099, 0.030762, 0.999451]]",0.989563,"[8674, 8264, 8127, 8089]"
40.59977,"[0.316406, 0.226562, -0.089844]","[0.007296, -0.004846, -0.002658]","[0.049999, -0.169998, 0.190016]","[0.011523, -0.007696, -0.004231]","[0.003662, -0.026855, 0.145996]","[-0.013611, 0.000946, 0.073059, 0.997253]","[0.006866, 0.024475, 0.026154, 0.999329]","[0.208008, 0.034424, 0.036865]","[[0.989380, 0.145630, -0.003845], [-0.145752, 0.989014, -0.027039], [-0.000183, 0.027283, 0.999634]]",0.98938,"[8659, 8243, 8172, 8126]"
40.632973,"[0.316406, 0.226562, -0.089844]","[0.007523, -0.004999, -0.002742]","[0.080000, -0.169998, 0.162704]","[0.011790, -0.007877, -0.004331]","[0.002686, -0.025635, 0.147461]","[-0.012848, 0.000397, 0.073792, 0.997162]","[0.007019, 0.026062, 0.026154, 0.999268]","[-0.199951, -0.093018, 0.087891]","[[0.988953, 0.147095, -0.002686], [-0.147217, 0.988647, -0.025635], [-0.001221, 0.025635, 0.999512]]",0.988953,"[8682, 8222, 8157, 8093]"
40.668129,"[0.316406, 0.218750, -0.085938]","[0.007995, -0.005313, -0.002915]","[0.049999, -0.189999, 0.172798]","[0.012337, -0.008246, -0.004535]","[0.002930, -0.029053, 0.149414]","[-0.014618, 0.000488, 0.074768, 0.997101]","[0.008331, 0.024689, 0.026123, 0.999298]","[-0.098145, -0.046387, 0.030273]","[[0.988831, 0.148987, -0.003113], [-0.149109, 0.988403, -0.029114], [-0.001282, 0.029236, 0.999573]]",0.988831,"[8782, 8093, 8036, 8206]"
40.699379,"[0.328125, 0.207031, -0.085938]","[0.008487, -0.005643, -0.003096]","[0.059999, -0.169998, 0.156849]","[0.012900, -0.008627, -0.004745]","[0.006104, -0.025146, 0.151611]","[-0.012817, 0.002136, 0.075836, 0.997040]","[0.008240, 0.026031, 0.026123, 0.999268]","[-0.028320, 0.045410, 0.135742]","[[0.988464, 0.151123, -0.006165], [-0.151245, 0.988159, -0.025269], [0.002258, 0.025879, 0.999634]]",0.988464,"[8572, 8138, 8189, 8158]"
40.732582,"[0.328125, 0.207031, -0.085938]","[0.008742, -0.005813, -0.003190]","[0.080000, -0.160000, 0.151424]","[0.013188, -0.008821, -0.004852]","[0.008545, -0.024658, 0.154297]","[-0.012695, 0.003326, 0.077240, 0.996948]","[0.007782, 0.026886, 0.026123, 0.999237]","[0.136230, 0.060547, 0.012939]","[[0.988098, 0.153870, -0.008606], [-0.154114, 0.987793, -0.024841], [0.004578, 0.025818, 0.999695]]",0.988098,"[8666, 8082, 8143, 8179]"
40.767742,"[0.328125, 0.199219, -0.085938]","[0.009269, -0.006166, -0.003384]","[0.080000, -0.209999, 0.135071]","[0.013775, -0.009218, -0.005071]","[0.008057, -0.025146, 0.157471]","[-0.012909, 0.003113, 0.078857, 0.996796]","[0.010834, 0.026917, 0.026031, 0.999237]","[0.019043, 0.215820, 0.069824]","[[0.987488, 0.157043, -0.008240], [-0.157288, 0.987183, -0.025269], [0.004089, 0.026245, 0.999573]]",0.987488,"[8709, 8149, 8093, 8125]"
40.800941,"[0.328125, 0.187500, -0.082031]","[0.009819, -0.006534, -0.003586]","[0.080000, -0.169998, 0.180265]","[0.014377, -0.009626, -0.005297]","[0.007812, -0.025635, 0.160400]","[-0.013092, 0.002960, 0.080292, 0.996674]","[0.009491, 0.027100, 0.026062, 0.999237]","[-0.137207, -0.085205, 0.053711]","[[0.987000, 0.159912, -0.007996], [-0.160156, 0.986694, -0.025696], [0.003723, 0.026550, 0.999573]]",0.987,"[8775, 8124, 8093, 8153]"
40.834145,"[0.339844, 0.187500, -0.078125]","[0.010392, -0.006918, -0.003798]","[0.099998, -0.209999, 0.164461]","[0.014997, -0.010045, -0.005529]","[0.008057, -0.020508, 0.163574]","[-0.010620, 0.003235, 0.081848, 0.996582]","[0.011475, 0.028870, 0.026001, 0.999176]","[0.260254, 0.174805, 0.090088]","[[0.986511, 0.162964, -0.008179], [-0.163208, 0.986328, -0.020691], [0.004639, 0.021667, 0.999695]]",0.986511,"[8692, 8194, 8173, 8057]"
40.867352,"[0.339844, 0.179688, -0.078125]","[0.010688, -0.007116, -0.003907]","[0.089998, -0.179998, 0.173447]","[0.015312, -0.010258, -0.005647]","[0.008301, -0.022461, 0.166504]","[-0.011505, 0.003296, 0.083252, 0.996460]","[0.010620, 0.028656, 0.026001, 0.999176]","[-0.148193, -0.039795, 0.113281]","[[0.986084, 0.165771, -0.008484], [-0.166016, 0.985840, -0.022461], [0.004578, 0.023438, 0.999695]]",0.986084,"[8788, 8133, 8134, 8167]"
41.015789,"[0.339844, 0.179688, -0.074219]","[0.013286, -0.008858, -0.004866]","[0.089998, -0.169998, 0.092127]","[0.017984, -0.012072, -0.006650]","[0.022705, -0.001953, 0.176025]","[-0.002045, 0.011261, 0.087952, 0.996063]","[0.010498, 0.029144, 0.026001, 0.999176]","[0.001953, 0.072754, 0.026123]","[[0.984253, 0.175110, -0.022766], [-0.175232, 0.984497, -0.002136], [0.022034, 0.006042, 0.999695]]",0.984253,"[8520, 8086, 8359, 8154]"
41.017742,"[0.347656, 0.156250, -0.074219]","[0.013286, -0.008858, -0.004866]","[0.099998, -0.160000, 0.092127]","[0.017984, -0.012072, -0.006650]","[0.022705, -0.001953, 0.176025]","[-0.002045, 0.011261, 0.087952, 0.996063]","[0.011383, 0.030090, 0.025970, 0.999115]","[0.001953, 0.072754, 0.026123]","[[0.984253, 0.175110, -0.022766], [-0.175232, 0.984497, -0.002136], [0.022034, 0.006042, 0.999695]]",0.984253,"[8528, 8101, 8368, 8129]"
41.033363,"[0.359375, 0.148438, -0.074219]","[0.013641, -0.009096, -0.004997]","[0.109999, -0.199999, 0.071426]","[0.018336, -0.012312, -0.006783]","[0.025635, 0.000244, 0.175781]","[-0.000916, 0.012787, 0.087860, 0.996063]","[0.013855, 0.031006, 0.025879, 0.999084]","[0.143066, 0.121094, 0.014893]","[[0.984253, 0.174927, -0.025635], [-0.175049, 0.984558, 0.000366], [0.025269, 0.004028, 0.999634]]",0.984253,"[8480, 8100, 8340, 8137]"
41.146645,"[0.367188, 0.136719, -0.070312]","[0.015917, -0.010626, -0.005840]","[0.129999, -0.179998, 0.133612]","[0.020539, -0.013811, -0.007614]","[0.028809, 0.008545, 0.178223]","[0.003021, 0.014801, 0.088959, 0.995911]","[0.013916, 0.032959, 0.025848, 0.999023]","[0.274902, 0.011963, -0.086426]","[[0.983643, 0.177246, -0.028992], [-0.177124, 0.984070, 0.008606], [0.029968, -0.003357, 0.999451]]",0.983643,"[8484, 8244, 8295, 8004]"
41.148598,"[0.367188, 0.128906, -0.074219]","[0.015917, -0.010626, -0.005840]","[0.099998, -0.150000, 0.098810]","[0.020539, -0.013811, -0.007614]","[0.028564, 0.008789, 0.177979]","[0.003143, 0.014648, 0.088898, 0.995911]","[0.012634, 0.031525, 0.025909, 0.999084]","[0.065186, 0.060547, 0.045898]","[[0.983643, 0.177124, -0.028625], [-0.177002, 0.984070, 0.008789], [0.029724, -0.003662, 0.999390]]",0.983643,"[8507, 8242, 8288, 7972]"
41.170082,"[0.378906, 0.128906, -0.074219]","[0.016322, -0.010898, -0.005990]","[0.129999, -0.160000, 0.114202]","[0.020921, -0.014071, -0.007758]","[0.027832, 0.007080, 0.178223]","[0.002380, 0.014160, 0.088959, 0.995911]","[0.013306, 0.033813, 0.025848, 0.998993]","[-0.175049, -0.147461, -0.071045]","[[0.983643, 0.177246, -0.027832], [-0.177124, 0.984009, 0.007202], [0.028564, -0.002197, 0.999451]]",0.983643,"[8599, 8193, 8252, 8055]"
41.328289,"[0.378906, 0.117188, -0.066406]","[0.019838, -0.013265, -0.007296]","[0.080000, -0.129999, 0.093903]","[0.024126, -0.016261, -0.008973]","[0.020996, 0.010254, 0.178955]","[0.004211, 0.010956, 0.089417, 0.995941]","[0.012909, 0.031891, 0.025909, 0.999054]","[-0.320801, -0.073486, 0.029785]","[[0.983765, 0.178162, -0.021057], [-0.178040, 0.983948, 0.010315], [0.022522, -0.006409, 0.999695]]",0.983765,"[8660, 8197, 8211, 8091]"
41.330238,"[0.386719, 0.117188, -0.074219]","[0.019838, -0.013265, -0.007296]","[0.099998, -0.099998, 0.050425]","[0.024126, -0.016261, -0.008973]","[0.020020, 0.009766, 0.179199]","[0.004089, 0.010468, 0.089539, 0.995911]","[0.011475, 0.033264, 0.025940, 0.999023]","[-0.073486, -0.242188, 0.058105]","[[0.983643, 0.178406, -0.020142], [-0.178284, 0.983826, 0.009949], [0.021484, -0.006287, 0.999634]]",0.983643,"[8684, 8195, 8188, 8075]"
41.336098,"[0.386719, 0.117188, -0.074219]","[0.019838, -0.013265, -0.007296]","[0.119999, -0.119999, 0.048094]","[0.024126, -0.016261, -0.008973]","[0.019531, 0.008545, 0.179443]","[0.003510, 0.010162, 0.089600, 0.995911]","[0.012482, 0.034210, 0.025879, 0.998993]","[-0.169922, -0.182617, 0.005127]","[[0.983643, 0.178467, -0.019592], [-0.178345, 0.983826, 0.008728], [0.020813, -0.005188, 0.999695]]",0.983643,"[8740, 8172, 8154, 8109]"
41.416176,"[0.398438, 0.109375, -0.070312]","[0.021789, -0.014581, -0.008022]","[0.080000, -0.080000, 0.077089]","[0.025830, -0.017427, -0.009621]","[0.020752, 0.000977, 0.185791]","[-0.000366, 0.010437, 0.092896, 0.995605]","[0.011230, 0.033508, 0.025940, 0.999023]","[-0.286865, -0.124512, 0.220459]","[[0.982422, 0.184875, -0.020874], [-0.184998, 0.982605, 0.001160], [0.020630, 0.002625, 0.999634]]",0.982422,"[8596, 8124, 8191, 8035]"
41.43766,"[0.406250, 0.109375, -0.070312]","[0.022815, -0.015274, -0.008405]","[0.099998, -0.089998, 0.073893]","[0.026707, -0.018028, -0.009955]","[0.021484, 0.002686, 0.189209]","[0.000458, 0.010895, 0.094482, 0.995453]","[0.011627, 0.034973, 0.025909, 0.998962]","[0.053467, -0.012695, 0.146484]","[[0.981812, 0.188049, -0.021606], [-0.188049, 0.981995, 0.002869], [0.021729, 0.001160, 0.999634]]",0.981812,"[8668, 8100, 8203, 8041]"
41.601734,"[0.417969, 0.097656, -0.062500]","[0.027271, -0.018285, -0.010069]","[0.099998, -0.070000, 0.073877]","[0.030382, -0.020554, -0.011360]","[0.020020, 0.000732, 0.215576]","[-0.000610, 0.009979, 0.107635, 0.994141]","[0.011536, 0.036194, 0.025879, 0.998932]","[-0.059082, 0.122803, 0.212891]","[[0.976624, 0.213928, -0.020020], [-0.214050, 0.976807, 0.000916], [0.019653, 0.003357, 0.999756]]",0.976624,"[8801, 8049, 8189, 8055]"
41.603676,"[0.417969, 0.097656, -0.058594]","[0.027271, -0.018285, -0.010069]","[0.109999, -0.039999, 0.107899]","[0.030382, -0.020554, -0.011360]","[0.020020, 0.000488, 0.215576]","[-0.000793, 0.009979, 0.107635, 0.994141]","[0.009979, 0.036713, 0.025940, 0.998932]","[-0.108154, 0.020996, 0.159180]","[[0.976624, 0.213928, -0.020020], [-0.214050, 0.976807, 0.000549], [0.019653, 0.003723, 0.999756]]",0.976624,"[8828, 8041, 8171, 8046]"
41.744301,"[0.437500, 0.089844, -0.050781]","[0.031658, -0.021256, -0.011711]","[0.089998, -0.019999, 0.119104]","[0.033818, -0.022923, -0.012680]","[0.039795, 0.003662, 0.237793]","[-0.000488, 0.020050, 0.118652, 0.992737]","[0.009735, 0.037323, 0.025940, 0.998901]","[-0.370361, -0.067627, 0.131592]","[[0.971008, 0.235474, -0.039917], [-0.235596, 0.971802, 0.003723], [0.039673, 0.005676, 0.999146]]",0.971008,"[8800, 7876, 8347, 8268]"
